$coord
    0.52831474691974     -0.23635648472120     -0.51511529399847      c
   -0.29785277952220     -0.20900661828269      2.06082262526654      c
    1.89324440170442      0.02377121132147      3.61286293229522      c
    4.06900926702948      0.14147338620674      2.02561915950863      c
    3.21683221025296     -0.02013221437735     -0.53635213548004      c
    4.39687619736313     -0.03878073669349     -2.20163309119735      h
    6.00983674237302      0.28663058498971      2.64454424242726      h
    1.90902283515512      0.02994003246364      5.65709263982346      h
   -2.22688349051554     -0.37497784594770      2.71065752480344      h
   -0.65999378088089     -0.44483280086532     -2.16146049415221      h
    2.13859472580461     -3.26137815640430      1.38431335032789      co
   -0.14672374580363     -5.54121427909037     -0.39404312402249      c
    2.35950000566501     -5.62597426095082      3.62390651085147      c
    2.50992450653164     -7.24068990210621      5.08268710727540      o
    1.02636800398194     -7.17337633958440     -1.95322812983673      c
    3.76910058029823     -6.95472106404835     -1.98909394297776      c
    4.70901713256584     -5.15387678999622     -0.45787147880853      c
   -2.18132003728925     -5.46019461892095     -0.09889207191759      h
    6.71204418419736     -4.75137530784382     -0.21480788847274      h
    0.02188785989447     -8.55863523932443     -3.10185142120624      h
    4.95022075227453     -8.16590083742391     -3.16606840820916      h
$user-defined bonds
$redundant
     number_of_atoms            21
     degrees_of_freedom         57
     internal_coordinates       70
     frozen_coordinates          0
# definitions of redundant internals
   1 k  1.0000000000000 stre   14   13           val=   2.18128
   2 k  1.0000000000000 linc   14   11   13   12 val=   1.00557
   3 k  1.0000000000000 linp   14   11   13   12 val=  -0.89791
   4 k  1.0000000000000 stre    5    6           val=   2.04108
   5 k  0.7070968459729 bend    1    6    5      val=   0.94766
       -0.7069665411480 bend    4    6    5
        0.0145725808445 bend   11    6    5
   6 k  0.0086316547390 bend    1    6    5      val= 123.55840
        0.0292364955325 bend    4    6    5
        0.9995352529378 bend   11    6    5
   7 k  1.0000000000000 stre    4    7           val=   2.04229
   8 k -0.7069701923905 bend    3    7    4      val=   1.38284
        0.7070594089326 bend    5    7    4
        0.0161288347744 bend   11    7    4
   9 k  0.0234402841042 bend    3    7    4      val= 124.97455
        0.0006324534934 bend    5    7    4
        0.9997250387400 bend   11    7    4
  10 k  1.0000000000000 stre    3    8           val=   2.04430
  11 k  0.7071071052045 bend    2    8    3      val=   0.01099
       -0.7071064436962 bend    4    8    3
        0.0001380313130 bend   11    8    3
  12 k  0.0240707672140 bend    2    8    3      val= 124.28082
        0.0242658815242 bend    4    8    3
        0.9994157118835 bend   11    8    3
  13 k  1.0000000000000 stre    2    9           val=   2.04230
  14 k -0.7069636350265 bend    3    9    2      val=   1.41006
        0.7070577610280 bend    1    9    2
        0.0164845782521 bend   11    9    2
  15 k  0.0239768073890 bend    3    9    2      val= 124.94515
        0.0006659928047 bend    1    9    2
        0.9997122931929 bend   11    9    2
  16 k  1.0000000000000 stre    1   10           val=   2.04108
  17 k  0.7070981236266 bend    5   10    1      val=   0.90986
       -0.7069749177384 bend    2   10    1
        0.0140964269408 bend   11   10    1
  18 k  0.0085888666845 bend    5   10    1      val= 123.56027
        0.0285205930781 bend    2   10    1
        0.9995563051372 bend   11   10    1
  19 k  1.0000000000000 stre   11   13           val=   3.26434
  20 k -0.4114192916483 bend   17   13   11      val=  39.17104
       -0.4095147727566 bend   12   13   11
        0.4258863762293 bend    2   13   11
        0.4256140880661 bend    4   13   11
        0.5481836005716 bend    3   13   11
  21 k -0.5110929203691 bend   17   13   11      val=   0.21547
        0.5140172864733 bend   12   13   11
        0.4869396863991 bend    2   13   11
       -0.4872984702999 bend    4   13   11
        0.0004456546458 bend    3   13   11
  22 k  1.0000000000000 stre   12   18           val=   2.05749
  23 k  0.7071108932267 bend   15   18   12      val=   1.69532
       -0.7071026691225 bend   11   18   12
  24 k  1.0000000000000 outp   18   11   15   12 val=  -0.34390
  25 k  1.0000000000000 stre   17   19           val=   2.05748
  26 k  0.7071118092561 bend   16   19   17      val=   1.70284
       -0.7071017530813 bend   11   19   17
  27 k  1.0000000000000 outp   19   11   16   17 val=   0.38018
  28 k  1.0000000000000 stre   15   20           val=   2.06089
  29 k  0.7071069088757 bend   12   20   15      val=   0.54969
       -0.7071066534974 bend   16   20   15
  30 k  1.0000000000000 outp   20   16   12   15 val=   0.12185
  31 k  1.0000000000000 stre   16   21           val=   2.06089
  32 k  0.7071069073660 bend   17   21   16      val=   0.54659
       -0.7071066550071 bend   15   21   16
  33 k  1.0000000000000 outp   21   15   17   16 val=  -0.12119
  34 k  1.0000000000000 stre   11   17           val=   3.68541
  35 k  1.0000000000000 stre   17   16           val=   2.54384
  36 k  1.0000000000000 stre   16   15           val=   2.75167
  37 k  1.0000000000000 stre   15   12           val=   2.54385
  38 k  1.0000000000000 stre   12   11           val=   3.68550
  39 k -0.8090169943749 bend   11   16   17      val=  -9.53943
        0.3090169943749 bend   17   15   16
        0.3090169943749 bend   16   12   15
       -0.8090169943749 bend   15   11   12
        1.0000000000000 bend   12   17   11
  40 k  0.5877852522925 bend   11   16   17      val=  -0.00071
       -0.9510565162952 bend   17   15   16
        0.9510565162952 bend   16   12   15
       -0.5877852522925 bend   15   11   12
  41 k -0.8090169943749 tors   16   15   12   11 val=  -0.00731
        0.3090169943749 tors   15   12   11   17
        0.3090169943749 tors   12   11   17   16
       -0.8090169943749 tors   11   17   16   15
        1.0000000000000 tors   17   16   15   12
  42 k  0.5877852522925 tors   16   15   12   11 val=   0.97011
       -0.9510565162952 tors   15   12   11   17
        0.9510565162952 tors   12   11   17   16
       -0.5877852522925 tors   11   17   16   15
  43 k  0.1077092441858 bend    1   17   11      val=   0.29968
       -0.3127210561950 bend    1   12   11
        0.3154396553077 bend    5   17   11
       -0.1058206144247 bend    5   12   11
       -0.4420649617716 bend    2   12   11
        0.4426834738730 bend    4   17   11
        0.4408750336835 bend    3   17   11
       -0.4406168373537 bend    3   12   11
  44 k  0.4984009159087 bend    1   17   11      val= 105.50018
        0.4484570378908 bend    1   12   11
        0.4459208077760 bend    5   17   11
        0.4992930716268 bend    5   12   11
        0.2094499095632 bend    2   12   11
        0.2065179507631 bend    4   17   11
        0.0888151413393 bend    3   17   11
        0.0890888100208 bend    3   12   11
  45 k  0.5663093437190 bend    1   17   11      val=  -0.00180
       -0.3200196013613 bend    1   12   11
        0.3196204588050 bend    5   17   11
       -0.5637788491693 bend    5   12   11
        0.1039588410531 bend    2   12   11
       -0.1052276934140 bend    4   17   11
       -0.2591432185034 bend    3   17   11
        0.2604646573205 bend    3   12   11
  46 k  1.0000000000000 tors    3   11    1    2 val=   0.13029
        1.0000000000000 tors    3   11    1    5
        1.0000000000000 tors    4   11    1    2
        1.0000000000000 tors    4   11    1    5
  47 k  1.0000000000000 tors    4   11    2    1 val=   0.49122
        1.0000000000000 tors    4   11    2    3
        1.0000000000000 tors    5   11    2    1
        1.0000000000000 tors    5   11    2    3
  48 k  1.0000000000000 tors    1   11    3    2 val=   0.00560
        1.0000000000000 tors    1   11    3    4
        1.0000000000000 tors    5   11    3    2
        1.0000000000000 tors    5   11    3    4
  49 k  1.0000000000000 tors    1   11    4    3 val=  -0.48660
        1.0000000000000 tors    1   11    4    5
        1.0000000000000 tors    2   11    4    3
        1.0000000000000 tors    2   11    4    5
  50 k  1.0000000000000 tors    2   11    5    1 val=  -0.14041
        1.0000000000000 tors    2   11    5    4
        1.0000000000000 tors    3   11    5    1
        1.0000000000000 tors    3   11    5    4
  51 k  1.0000000000000 stre    1    5           val=   2.69728
  52 k  1.0000000000000 stre    1    2           val=   2.70532
  53 k  1.0000000000000 stre    1   11           val=   3.91811
  54 k  1.0000000000000 stre    5   11           val=   3.91883
  55 k  1.0000000000000 stre    2   11           val=   3.96370
  56 k  1.0000000000000 bend    2    5    1      val= 108.12435
  57 k  1.0000000000000 stre    2    3           val=   2.69517
  58 k  1.0000000000000 stre    3   11           val=   3.97729
  59 k  1.0000000000000 bend    1    3    2      val= 107.51302
  60 k  1.0000000000000 stre    3    4           val=   2.69577
  61 k  1.0000000000000 stre    4   11           val=   3.96449
  62 k  1.0000000000000 bend    4    2    3      val= 108.71515
  63 k  1.0000000000000 stre    4    5           val=   2.70481
  64 k  1.0000000000000 bend    5    3    4      val= 107.50581
  65 k  1.0000000000000 bend    4    1    5      val= 108.14167
  66 k  0.4493923844424 bend    2    5   11      val=  67.16320
        0.4493792224993 bend    4    1   11
        0.4440723465604 bend    4    2   11
        0.4466473841834 bend    3    1   11
        0.4465542121777 bend    3    5   11
  67 k  0.6011127470331 bend    2    5   11      val=   0.00144
       -0.5985889511681 bend    4    1   11
        0.0043494859668 bend    4    2   11
       -0.3777765754035 bend    3    1   11
        0.3709726053795 bend    3    5   11
  68 k  0.1897112562820 bend    2    5   11      val=   0.16796
        0.1977750733891 bend    4    1   11
        0.6350533322622 bend    4    2   11
       -0.5081580641359 bend    3    1   11
       -0.5132029877370 bend    3    5   11
  69 k  0.3473216349443 bend    2    5   11      val=   0.00557
       -0.4004263454347 bend    4    1   11
        0.0328133922578 bend    4    2   11
        0.6093920669002 bend    3    1   11
       -0.5887198093059 bend    3    5   11
  70 k -0.5292327194147 bend    2    5   11      val=   0.13976
       -0.4901972502505 bend    4    1   11
        0.6311983677604 bend    4    2   11
        0.1679513737108 bend    3    1   11
        0.2302180296002 bend    3    5   11
        57 non zero eigenvalues  of BmBt
           1           6.704479030    1    0
         1
           2           4.454158011    2    0
         2
           3           3.941445460    3    0
         3
           4           3.934734502    4    0
         4
           5           3.640654497    5    0
         5
           6           3.536250441    6    0
         6
           7           2.831386009    7    0
         7
           8           2.826914495    8    0
         8
           9           2.394307718    9    0
         9
          10           2.369642765   10    0
        10
          11           2.260200662   11    0
        11
          12           2.186783878   12    0
        12
          13           2.106704131   13    0
        13
          14           2.103384297   14    0
        14
          15           2.053013075   15    0
        15
          16           2.039054116   16    0
        16
          17           1.963226305   17    0
        17
          18           1.632279188   18    0
        18
          19           1.612227237   19    0
        19
          20           1.495093858   20    0
        20
          21           1.444995171   21    0
        21
          22           1.208910398   22    0
        22
          23           1.149811901   23    0
        23
          24           1.046767772   24    0
        24
          25           1.042354014   25    0
        25
          26           0.804618837   26    0
        26
          27           0.795368287   27    0
        27
          28           0.653118450   28    0
        28
          29           0.652576797   29    0
        29
          30           0.639884451   30    0
        30
          31           0.589768568   31    0
        31
          32           0.565970168   32    0
        32
          33           0.533341817   33    0
        33
          34           0.390482789   34    0
        34
          35           0.385558701   35    0
        35
          36           0.334849829   36    0
        36
          37           0.332079281   37    0
        37
          38           0.271423164   38    0
        38
          39           0.160774519   39    0
        39
          40           0.126883542   40    0
        40
          41           0.108653528   41    0
        41
          42           0.086909804   42    0
        42
          43           0.056097559   43    0
        43
          44           0.047359193   44    0
        44
          45           0.027046901   45    0
        45
          46           1.241152487    0    0
         0.000000000         0.000000000         0.000000000         0.000000000
         0.000000000         0.000000000         0.000000000         0.000000000
         0.000000000         0.000000000         0.000000000         0.000000000
         0.000000000         0.000000000         0.000000000         0.000000000
         0.000000000         0.000000000         0.000000000         0.000000000
         0.000000000         0.000000000         0.000000000         0.000000000
         0.000000000         0.000000000         0.000000000         0.000000000
         0.000000000         0.000000000         0.000000000         0.000000000
         0.000000000         0.000000000         0.000000000         0.000000000
         0.000000000         0.000000000         0.000000000         0.000000000
         0.000000000         0.000000000         0.000000000         0.000000000
         0.000000000         0.073783526        -0.037946009        -0.000344797
         0.038412437        -0.073994037        -0.630883357         0.246074226
        -0.252561210        -0.252418961        -0.072698568         0.064920483
        -0.276604660        -0.271551495        -0.162402443        -0.279561814
        -0.073179903         0.195217976         0.247964846        -0.161888761
         0.064139807        -0.015023059        -0.000235955        -0.017603632
        -0.000158797        -0.002752394
          47           1.119254956    0    0
         0.000000000         0.000000000         0.000000000         0.000000000
         0.000000000         0.000000000         0.000000000         0.000000000
         0.000000000         0.000000000         0.000000000         0.000000000
         0.000000000         0.000000000         0.000000000         0.000000000
         0.000000000         0.000000000         0.000000000         0.000000000
         0.000000000         0.000000000         0.000000000         0.000000000
         0.000000000         0.000000000         0.000000000         0.000000000
         0.000000000         0.000000000         0.000000000         0.000000000
         0.000000000         0.000000000         0.000000000         0.000000000
         0.000000000         0.000000000         0.000000000         0.000000000
         0.000000000         0.000000000         0.000000000         0.000000000
         0.000000000        -0.004669845        -0.009385785         0.025171060
        -0.008952638        -0.005560713         0.000829676        -0.204677548
        -0.221091942         0.222503388         0.207362078         0.333237142
         0.445189753         0.002126913        -0.233554686        -0.443117731
        -0.206949119        -0.001160817         0.206040004         0.235303003
        -0.333884590         0.000353269         0.059612715        -0.000804216
         0.005842204        -0.000325097
          48           1.077590372    0    0
         0.000000000         0.000000000         0.000000000         0.000000000
         0.000000000         0.000000000         0.000000000         0.000000000
         0.000000000         0.000000000         0.000000000         0.000000000
         0.000000000         0.000000000         0.000000000         0.000000000
         0.000000000         0.000000000         0.000000000         0.000000000
         0.000000000         0.000000000         0.000000000         0.000000000
         0.000000000         0.000000000         0.000000000         0.000000000
         0.000000000         0.000000000         0.000000000         0.000000000
         0.000000000         0.000000000         0.000000000         0.000000000
         0.000000000         0.000000000         0.000000000         0.000000000
         0.000000000         0.000000000         0.000000000         0.000000000
         0.000000000        -0.044455501         0.013927517         0.000264172
        -0.014483887         0.044783495        -0.027226040         0.348980260
         0.197801242         0.198153866         0.467578977         0.088641640
         0.172984887         0.141505487        -0.203860187         0.174840698
         0.467844750         0.230714102         0.348463015        -0.203949371
         0.088436219         0.000747290         0.000604254         0.056232206
         0.000187500         0.004333952
          49           0.899817579    0    0
         0.000000000         0.000000000         0.000000000         0.000000000
         0.000000000         0.000000000         0.000000000         0.000000000
         0.000000000         0.000000000         0.000000000         0.000000000
         0.000000000         0.000000000         0.000000000         0.000000000
         0.000000000         0.000000000         0.000000000         0.000000000
         0.000000000         0.000000000         0.000000000         0.000000000
         0.000000000         0.000000000         0.000000000         0.000000000
         0.000000000         0.000000000         0.000000000         0.000000000
         0.000000000         0.000000000         0.000000000         0.000000000
         0.000000000         0.000000000         0.000000000         0.000000000
         0.000000000         0.000000000         0.000000000         0.000000000
         0.000000000        -0.132753670         0.179272667         0.001365587
        -0.181849133         0.134149088         0.406385104        -0.168972407
         0.021005453         0.026352876         0.080279746         0.004656289
        -0.181043111        -0.595515409        -0.195350372        -0.177482765
         0.077236072         0.383726673        -0.170224554        -0.192502258
        -0.000555741        -0.005359723         0.002190047         0.143018056
        -0.001787278        -0.032475937
          50           0.888148012    0    0
         0.000000000         0.000000000         0.000000000         0.000000000
         0.000000000         0.000000000         0.000000000         0.000000000
         0.000000000         0.000000000         0.000000000         0.000000000
         0.000000000         0.000000000         0.000000000         0.000000000
         0.000000000         0.000000000         0.000000000         0.000000000
         0.000000000         0.000000000         0.000000000         0.000000000
         0.000000000         0.000000000         0.000000000         0.000000000
         0.000000000         0.000000000         0.000000000         0.000000000
         0.000000000         0.000000000         0.000000000         0.000000000
         0.000000000         0.000000000         0.000000000         0.000000000
         0.000000000         0.000000000         0.000000000         0.000000000
         0.000000000        -0.152485313         0.131653906         0.038470519
         0.130285708        -0.150358713         0.001404834         0.298858974
         0.342801213        -0.344441957         0.221299265        -0.247751322
         0.360992789        -0.001718184        -0.074554512        -0.360101919
        -0.218980018         0.001564823        -0.301411503         0.071977867
         0.248798028         0.000117669        -0.083622887         0.001415332
         0.063925192        -0.003332129
          51           0.837708354    0    0
         0.000000000         0.000000000         0.000000000         0.000000000
         0.000000000         0.000000000         0.000000000         0.000000000
         0.000000000         0.000000000         0.000000000         0.000000000
         0.000000000         0.000000000         0.000000000         0.000000000
         0.000000000         0.000000000         0.000000000         0.000000000
         0.000000000         0.000000000         0.000000000         0.000000000
         0.000000000         0.000000000         0.000000000         0.000000000
         0.000000000         0.000000000         0.000000000         0.000000000
         0.000000000         0.000000000         0.000000000         0.000000000
         0.000000000         0.000000000         0.000000000         0.000000000
         0.000000000         0.000000000         0.000000000         0.000000000
         0.000000000        -0.210407828        -0.072345852         0.001029620
         0.070688927         0.211164506        -0.192663090        -0.296520038
        -0.374827211        -0.371250419         0.114863948         0.180747516
         0.346801360         0.002639428        -0.173065532         0.349786005
         0.113762095        -0.013953731        -0.297608321        -0.171551258
         0.177807851         0.054648181         0.001460559         0.093969737
         0.003483447         0.067182664
          52           0.734322743    0    0
         0.000000000         0.000000000         0.000000000         0.000000000
         0.000000000         0.000000000         0.000000000         0.000000000
         0.000000000         0.000000000         0.000000000         0.000000000
         0.000000000         0.000000000         0.000000000         0.000000000
         0.000000000         0.000000000         0.000000000         0.000000000
         0.000000000         0.000000000         0.000000000         0.000000000
         0.000000000         0.000000000         0.000000000         0.000000000
         0.000000000         0.000000000         0.000000000         0.000000000
         0.000000000         0.000000000         0.000000000         0.000000000
         0.000000000         0.000000000         0.000000000         0.000000000
         0.000000000         0.000000000         0.000000000         0.000000000
         0.000000000        -0.004652399         0.135723888        -0.266552598
         0.132607738        -0.002936141         0.004298214        -0.420295279
         0.169650641        -0.174584307        -0.313225684        -0.142830284
         0.271482304        -0.002763906         0.196902521        -0.268829628
         0.315640910         0.002154137         0.418769036        -0.199713155
         0.143558315         0.001955002        -0.131540746         0.001825033
        -0.030292898         0.001236087
          53           0.527324048    0    0
         0.000000000         0.000000000         0.000000000         0.000000000
         0.000000000         0.000000000         0.000000000         0.000000000
         0.000000000         0.000000000         0.000000000         0.000000000
         0.000000000         0.000000000         0.000000000         0.000000000
         0.000000000         0.000000000         0.000000000         0.000000000
         0.000000000         0.000000000         0.000000000         0.000000000
         0.000000000         0.000000000         0.000000000         0.000000000
         0.000000000         0.000000000         0.000000000         0.000000000
         0.000000000         0.000000000         0.000000000         0.000000000
         0.000000000         0.000000000         0.000000000         0.000000000
         0.000000000         0.000000000         0.000000000         0.000000000
         0.000000000         0.143571352         0.244724757         0.001858220
        -0.244880106        -0.145243053         0.410134732         0.257095855
        -0.423166275        -0.419287062        -0.038562813        -0.066312172
         0.060437860         0.175540831         0.025202204         0.062854737
        -0.038485673         0.080789943         0.252105575         0.026855048
        -0.066536420         0.339824217         0.000244365         0.000465921
        -0.005190134        -0.109966891
          54           0.407345545    0    0
         0.000000000         0.000000000         0.000000000         0.000000000
         0.000000000         0.000000000         0.000000000         0.000000000
         0.000000000         0.000000000         0.000000000         0.000000000
         0.000000000         0.000000000         0.000000000         0.000000000
         0.000000000         0.000000000         0.000000000         0.000000000
         0.000000000         0.000000000         0.000000000         0.000000000
         0.000000000         0.000000000         0.000000000         0.000000000
         0.000000000         0.000000000         0.000000000         0.000000000
         0.000000000         0.000000000         0.000000000         0.000000000
         0.000000000         0.000000000         0.000000000         0.000000000
         0.000000000         0.000000000         0.000000000         0.000000000
         0.000000000         0.271309903        -0.112975635        -0.310671764
        -0.116998948         0.269477453         0.000752292        -0.206788077
         0.305911794        -0.310254304         0.434095925         0.064474085
        -0.138749697         0.003642220         0.086121531         0.135799680
        -0.431050818         0.000472525         0.205256613        -0.085830489
        -0.065218437        -0.001155857         0.019035355         0.000000405
        -0.143247815         0.006585920
          55           0.358909354    0    0
         0.000000000         0.000000000         0.000000000         0.000000000
         0.000000000         0.000000000         0.000000000         0.000000000
         0.000000000         0.000000000         0.000000000         0.000000000
         0.000000000         0.000000000         0.000000000         0.000000000
         0.000000000         0.000000000         0.000000000         0.000000000
         0.000000000         0.000000000         0.000000000         0.000000000
         0.000000000         0.000000000         0.000000000         0.000000000
         0.000000000         0.000000000         0.000000000         0.000000000
         0.000000000         0.000000000         0.000000000         0.000000000
         0.000000000         0.000000000         0.000000000         0.000000000
         0.000000000         0.000000000         0.000000000         0.000000000
         0.000000000         0.107505166         0.199791941         0.001498943
        -0.198169005        -0.110622006        -0.066671610        -0.251292899
        -0.140026519        -0.135846643         0.291713226        -0.038332616
        -0.306756343         0.455685636         0.011527035        -0.308783622
         0.297224541         0.052105326        -0.252717018         0.012157835
        -0.037465692        -0.378264272        -0.000336502        -0.000960105
        -0.003847459        -0.089391892
          56           0.261504290    0    0
         0.000000000         0.000000000         0.000000000         0.000000000
         0.000000000         0.000000000         0.000000000         0.000000000
         0.000000000         0.000000000         0.000000000         0.000000000
         0.000000000         0.000000000         0.000000000         0.000000000
         0.000000000         0.000000000         0.000000000         0.000000000
         0.000000000         0.000000000         0.000000000         0.000000000
         0.000000000         0.000000000         0.000000000         0.000000000
         0.000000000         0.000000000         0.000000000         0.000000000
         0.000000000         0.000000000         0.000000000         0.000000000
         0.000000000         0.000000000         0.000000000         0.000000000
         0.000000000         0.000000000         0.000000000         0.000000000
         0.000000000         0.301005530        -0.197293419        -0.018760270
         0.224086354        -0.309366553         0.081437868        -0.048655816
        -0.144115979        -0.104195616         0.358831561        -0.075580678
         0.033439556        -0.457575164         0.181375320         0.039393287
         0.331264180        -0.218543951        -0.049365394         0.167345187
        -0.054744678         0.015522759        -0.019557340        -0.335467482
        -0.000287355         0.007661949
          57           0.259520734    0    0
         0.000000000         0.000000000         0.000000000         0.000000000
         0.000000000         0.000000000         0.000000000         0.000000000
         0.000000000         0.000000000         0.000000000         0.000000000
         0.000000000         0.000000000         0.000000000         0.000000000
         0.000000000         0.000000000         0.000000000         0.000000000
         0.000000000         0.000000000         0.000000000         0.000000000
         0.000000000         0.000000000         0.000000000         0.000000000
         0.000000000         0.000000000         0.000000000         0.000000000
         0.000000000         0.000000000         0.000000000         0.000000000
         0.000000000         0.000000000         0.000000000         0.000000000
         0.000000000         0.000000000         0.000000000         0.000000000
         0.000000000         0.099769918        -0.278948870         0.370902647
        -0.258333589         0.068295627         0.004217072        -0.004091823
         0.388517045        -0.401724591        -0.247413869         0.203642046
         0.053935402        -0.022882441        -0.131594687        -0.050516006
         0.282254237        -0.011038125        -0.000785683         0.149519805
        -0.210216697         0.000899666         0.343560478        -0.019337137
         0.013047749        -0.000470877
$end
