$coord
    0.10496936403526      1.22077041093999      0.78852680277381      mo
    4.21549073634429      0.11987732253665      1.37074897980953      c
    4.14783360511635      2.74953543516607      1.98654935857268      c
    2.54026101082240      3.10725737194877      4.08804898240456      c
    1.53720322589750      0.72479999759951      4.83697543611605      c
    2.66312862796718     -1.13813114876672      3.20725794991426      c
    5.35678017356789     -0.74453174810833     -0.08247927396749      h
    5.09524534236196      4.23373446393384      0.96161502116240      h
    2.06370234171992      4.90793051100675      4.91372746640332      h
    0.29972240540830      0.38823871102409      6.42417919914017      h
    2.49045847751334     -3.15600755756439      3.41611582649452      h
   -1.48457349522580     -2.70358903882911      0.61346202622727      c
   -3.48487956156440     -1.05144060580296      1.40956368545685      c
   -2.41683719590901     -0.08922178226027     -2.71962804352926      c
   -0.74697123987455     -2.04136948560319     -1.91869925826966      c
   -4.48731031763835     -1.09090925293044      3.18580061092823      h
   -5.46616289647819      1.99989778746489     -0.74305673597777      h
   -4.06343950624113      0.52274093167126     -0.70899856044059      c
    0.68197088967533     -2.94360947954252     -3.06234116031158      h
   -0.75948808865824     -4.27397107822639      1.68732912468761      h
   -2.36133153233441      0.85280940310643     -4.52537849267681      h
    1.69140581945151      4.30458164018249     -3.32550370880273      i
   -2.64500599195711      5.61239311605355      2.24308594188461      i
$user-defined bonds
$redundant
     number_of_atoms            23
     degrees_of_freedom         63
     internal_coordinates       93
     frozen_coordinates          0
# definitions of redundant internals
   1 k  1.0000000000000 stre   2    7           val=   2.04000
   2 k -0.7064445351348 bend   3    7    2      val=   4.99620
        0.7057631984006 bend   6    7    2
        0.0532393328432 bend   1    7    2
   3 k -0.0174303647189 bend   3    7    2      val=  98.29567
       -0.0925470600584 bend   6    7    2
        0.9955557362902 bend   1    7    2
   4 k  1.0000000000000 stre   3    8           val=   2.03738
   5 k -0.7061676266391 bend   4    8    3      val=   4.28264
        0.7063289801005 bend   2    8    3
        0.0492610896869 bend   1    8    3
   6 k  0.0492703485812 bend   4    8    3      val= 117.62819
       -0.0203841107153 bend   2    8    3
        0.9985774485642 bend   1    8    3
   7 k  1.0000000000000 stre   4    9           val=   2.03747
   8 k -0.7065887784521 bend   3    9    4      val=   3.11283
        0.7067645403089 bend   5    9    4
        0.0348738114849 bend   1    9    4
   9 k  0.0481687828577 bend   3    9    4      val= 122.49716
       -0.0011287870312 bend   5    9    4
        0.9988385726422 bend   1    9    4
  10 k  1.0000000000000 stre   5   10           val=   2.04055
  11 k -0.7061150388226 bend   4   10    5      val=   5.73457
        0.7052832126196 bend   6   10    5
        0.0630645855106 bend   1   10    5
  12 k -0.0079886880487 bend   4   10    5      val=  99.24940
       -0.0969910549088 bend   6   10    5
        0.9952531919722 bend   1   10    5
  13 k  1.0000000000000 stre   6   11           val=   2.03599
  14 k  0.7069988587430 bend   2   11    6      val=   0.56951
       -0.7071608549257 bend   5   11    6
        0.0087257662595 bend   1   11    6
  15 k -0.0594542199075 bend   2   11    6      val=  99.90223
       -0.0471370144439 bend   5   11    6
        0.9971174943829 bend   1   11    6
  16 k  1.0000000000000 stre  13   16           val=   2.03996
  17 k -0.7064512772615 bend  18   16   13      val=   5.00284
        0.7057569509930 bend  12   16   13
        0.0532326871444 bend   1   16   13
  18 k -0.0181442218096 bend  18   16   13      val=  97.97845
       -0.0932473396940 bend  12   16   13
        0.9954776345327 bend   1   16   13
  19 k  1.0000000000000 stre  18   17           val=   2.03735
  20 k -0.7061733115607 bend  14   17   18      val=   4.26631
        0.7063462497556 bend  13   17   18
        0.0489308644477 bend   1   17   18
  21 k  0.0500498322332 bend  14   17   18      val= 117.89784
       -0.0191361016265 bend  13   17   18
        0.9985633800155 bend   1   17   18
  22 k  1.0000000000000 stre  15   19           val=   2.04055
  23 k -0.7061316099125 bend  14   19   15      val=   5.68625
        0.7053163284000 bend  12   19   15
        0.0625062106893 bend   1   19   15
  24 k -0.0079321725157 bend  14   19   15      val=  99.44036
       -0.0961494764367 bend  12   19   15
        0.9953352996956 bend   1   19   15
  25 k  1.0000000000000 stre  12   20           val=   2.03594
  26 k  0.7070038464085 bend  13   20   12      val=   0.53762
       -0.7071604499588 bend  15   20   12
        0.0083462073821 bend   1   20   12
  27 k -0.0594174179223 bend  13   20   12      val=  99.80024
       -0.0476361104180 bend  15   20   12
        0.9970959690179 bend   1   20   12
  28 k  1.0000000000000 stre  14   21           val=   2.03746
  29 k -0.7065742520244 bend  18   21   14      val=   3.13867
        0.7067611051953 bend  15   21   14
        0.0352358703506 bend   1   21   14
  30 k  0.0492713825077 bend  18   21   14      val= 122.63573
       -0.0005365016862 bend  15   21   14
        0.9987852837481 bend   1   21   14
  31 k  1.0000000000000 stre   1   23           val=   5.38186
  32 k  1.0000000000000 stre   1   22           val=   5.38070
  33 k  0.0002758187362 bend  22   23    1      val=   0.04317
       -0.1852534205540 bend  12   23    1
       -0.1896273344664 bend  12   22    1
        0.1901301520356 bend   6   23    1
        0.1852928992912 bend   6   22    1
       -0.1873903888786 bend  13   23    1
       -0.2483287620521 bend  13   22    1
        0.2484231760752 bend   2   23    1
        0.1874137592275 bend   2   22    1
       -0.2495564539119 bend  15   23    1
       -0.1818138880406 bend  15   22    1
        0.1820313376222 bend   5   23    1
        0.2494563002738 bend   5   22    1
       -0.2477677710732 bend  18   23    1
       -0.2415060298596 bend  18   22    1
        0.2416379389240 bend   3   23    1
        0.2476636274600 bend   3   22    1
       -0.2402479299665 bend  14   23    1
       -0.2449830967171 bend  14   22    1
        0.2450873016168 bend   4   23    1
        0.2401603142451 bend   4   22    1
  34 k  0.0014291770145 bend  22   23    1      val=   0.09223
        0.1842867376116 bend  12   23    1
       -0.1907153068804 bend  12   22    1
       -0.1908526042771 bend   6   23    1
        0.1843718914146 bend   6   22    1
        0.1864346745444 bend  13   23    1
       -0.2482808545175 bend  13   22    1
       -0.2481284030561 bend   2   23    1
        0.1865082378633 bend   2   22    1
        0.2495040227544 bend  15   23    1
       -0.1829503416718 bend  15   22    1
       -0.1828045704921 bend   5   23    1
        0.2496926756976 bend   5   22    1
        0.2474475586065 bend  18   23    1
       -0.2412395096015 bend  18   22    1
       -0.2411671879115 bend   3   23    1
        0.2475840847973 bend   3   22    1
        0.2404669342927 bend  14   23    1
       -0.2454157070762 bend  14   22    1
       -0.2452035016099 bend   4   23    1
        0.2407088092582 bend   4   22    1
  35 k  0.0001142053123 bend  22   23    1      val=   0.11776
       -0.3367385560187 bend  12   23    1
        0.3238292824392 bend  12   22    1
       -0.3230395506965 bend   6   23    1
        0.3364435503543 bend   6   22    1
       -0.3319968706495 bend  13   23    1
       -0.0605083042411 bend  13   22    1
        0.0609888117729 bend   2   23    1
        0.3317298629402 bend   2   22    1
        0.0337643853401 bend  15   23    1
        0.3411898412383 bend  15   22    1
       -0.3410833671843 bend   5   23    1
       -0.0328316791891 bend   5   22    1
       -0.0710519075562 bend  18   23    1
       -0.1312133631968 bend  18   22    1
        0.1310896041380 bend   3   23    1
        0.0707979798812 bend   3   22    1
        0.1375950638531 bend  14   23    1
        0.0982086632984 bend  14   22    1
       -0.0985553082945 bend   4   23    1
       -0.1372094209551 bend   4   22    1
  36 k -0.7064020951282 bend  22   23    1      val=  32.06103
        0.2388455832133 bend  12   23    1
        0.2286815328783 bend  12   22    1
        0.2280387869759 bend   6   23    1
        0.2387445287755 bend   6   22    1
        0.2354964138536 bend  13   23    1
       -0.0435870368151 bend  13   22    1
       -0.0438956362736 bend   2   23    1
        0.2354138886116 bend   2   22    1
       -0.0231540881347 bend  15   23    1
        0.2409955210380 bend  15   22    1
        0.2408316840290 bend   5   23    1
       -0.0224894572110 bend   5   22    1
        0.0510149479555 bend  18   23    1
       -0.0936219633093 bend  18   22    1
       -0.0934830795007 bend   3   23    1
        0.0508695876162 bend   3   22    1
       -0.0966585336182 bend  14   23    1
        0.0687865094778 bend  14   22    1
        0.0690173026665 bend   4   23    1
       -0.0964116081445 bend   4   22    1
  37 k  0.2672612419124 tors  13   12    1    2 val= 104.10918
        0.2672612419124 tors  13   12    1    3
        0.2672612419124 tors  13   12    1    4
        0.2672612419124 tors  13   12    1    5
        0.2672612419124 tors  13   12    1    6
        0.2672612419124 tors  13   12    1   14
        0.2672612419124 tors  13   12    1   18
        0.2672612419124 tors  15   12    1    2
        0.2672612419124 tors  15   12    1    3
        0.2672612419124 tors  15   12    1    4
        0.2672612419124 tors  15   12    1    5
        0.2672612419124 tors  15   12    1    6
        0.2672612419124 tors  15   12    1   14
        0.2672612419124 tors  15   12    1   18
  38 k  0.2672612419124 tors   2    6    1    3 val= 104.07073
        0.2672612419124 tors   2    6    1    4
        0.2672612419124 tors   2    6    1   12
        0.2672612419124 tors   2    6    1   13
        0.2672612419124 tors   2    6    1   14
        0.2672612419124 tors   2    6    1   15
        0.2672612419124 tors   2    6    1   18
        0.2672612419124 tors   5    6    1    3
        0.2672612419124 tors   5    6    1    4
        0.2672612419124 tors   5    6    1   12
        0.2672612419124 tors   5    6    1   13
        0.2672612419124 tors   5    6    1   14
        0.2672612419124 tors   5    6    1   15
        0.2672612419124 tors   5    6    1   18
  39 k  0.2672612419124 tors  12   13    1    2 val=  62.20013
        0.2672612419124 tors  12   13    1    3
        0.2672612419124 tors  12   13    1    4
        0.2672612419124 tors  12   13    1    5
        0.2672612419124 tors  12   13    1    6
        0.2672612419124 tors  12   13    1   14
        0.2672612419124 tors  12   13    1   15
        0.2672612419124 tors  18   13    1    2
        0.2672612419124 tors  18   13    1    3
        0.2672612419124 tors  18   13    1    4
        0.2672612419124 tors  18   13    1    5
        0.2672612419124 tors  18   13    1    6
        0.2672612419124 tors  18   13    1   14
        0.2672612419124 tors  18   13    1   15
  40 k  0.2672612419124 tors   3    2    1    4 val=  62.15797
        0.2672612419124 tors   3    2    1    5
        0.2672612419124 tors   3    2    1   12
        0.2672612419124 tors   3    2    1   13
        0.2672612419124 tors   3    2    1   14
        0.2672612419124 tors   3    2    1   15
        0.2672612419124 tors   3    2    1   18
        0.2672612419124 tors   6    2    1    4
        0.2672612419124 tors   6    2    1    5
        0.2672612419124 tors   6    2    1   12
        0.2672612419124 tors   6    2    1   13
        0.2672612419124 tors   6    2    1   14
        0.2672612419124 tors   6    2    1   15
        0.2672612419124 tors   6    2    1   18
  41 k  0.2672612419124 tors  12   15    1    2 val=  94.28732
        0.2672612419124 tors  12   15    1    3
        0.2672612419124 tors  12   15    1    4
        0.2672612419124 tors  12   15    1    5
        0.2672612419124 tors  12   15    1    6
        0.2672612419124 tors  12   15    1   13
        0.2672612419124 tors  12   15    1   18
        0.2672612419124 tors  14   15    1    2
        0.2672612419124 tors  14   15    1    3
        0.2672612419124 tors  14   15    1    4
        0.2672612419124 tors  14   15    1    5
        0.2672612419124 tors  14   15    1    6
        0.2672612419124 tors  14   15    1   13
        0.2672612419124 tors  14   15    1   18
  42 k  0.2672612419124 tors   4    5    1    2 val=  94.24267
        0.2672612419124 tors   4    5    1    3
        0.2672612419124 tors   4    5    1   12
        0.2672612419124 tors   4    5    1   13
        0.2672612419124 tors   4    5    1   14
        0.2672612419124 tors   4    5    1   15
        0.2672612419124 tors   4    5    1   18
        0.2672612419124 tors   6    5    1    2
        0.2672612419124 tors   6    5    1    3
        0.2672612419124 tors   6    5    1   12
        0.2672612419124 tors   6    5    1   13
        0.2672612419124 tors   6    5    1   14
        0.2672612419124 tors   6    5    1   15
        0.2672612419124 tors   6    5    1   18
  43 k  0.2886751345948 tors  13   18    1    2 val=  48.98314
        0.2886751345948 tors  13   18    1    4
        0.2886751345948 tors  13   18    1    5
        0.2886751345948 tors  13   18    1    6
        0.2886751345948 tors  13   18    1   12
        0.2886751345948 tors  13   18    1   15
        0.2886751345948 tors  14   18    1    2
        0.2886751345948 tors  14   18    1    4
        0.2886751345948 tors  14   18    1    5
        0.2886751345948 tors  14   18    1    6
        0.2886751345948 tors  14   18    1   12
        0.2886751345948 tors  14   18    1   15
  44 k  0.2886751345948 tors   2    3    1    5 val=  48.94549
        0.2886751345948 tors   2    3    1    6
        0.2886751345948 tors   2    3    1   12
        0.2886751345948 tors   2    3    1   13
        0.2886751345948 tors   2    3    1   14
        0.2886751345948 tors   2    3    1   15
        0.2886751345948 tors   4    3    1    5
        0.2886751345948 tors   4    3    1    6
        0.2886751345948 tors   4    3    1   12
        0.2886751345948 tors   4    3    1   13
        0.2886751345948 tors   4    3    1   14
        0.2886751345948 tors   4    3    1   15
  45 k  0.2886751345948 tors  15   14    1    2 val=  47.87589
        0.2886751345948 tors  15   14    1    3
        0.2886751345948 tors  15   14    1    5
        0.2886751345948 tors  15   14    1    6
        0.2886751345948 tors  15   14    1   12
        0.2886751345948 tors  15   14    1   13
        0.2886751345948 tors  18   14    1    2
        0.2886751345948 tors  18   14    1    3
        0.2886751345948 tors  18   14    1    5
        0.2886751345948 tors  18   14    1    6
        0.2886751345948 tors  18   14    1   12
        0.2886751345948 tors  18   14    1   13
  46 k  0.2886751345948 tors   3    4    1    2 val=  47.83623
        0.2886751345948 tors   3    4    1    6
        0.2886751345948 tors   3    4    1   12
        0.2886751345948 tors   3    4    1   13
        0.2886751345948 tors   3    4    1   15
        0.2886751345948 tors   3    4    1   18
        0.2886751345948 tors   5    4    1    2
        0.2886751345948 tors   5    4    1    6
        0.2886751345948 tors   5    4    1   12
        0.2886751345948 tors   5    4    1   13
        0.2886751345948 tors   5    4    1   15
        0.2886751345948 tors   5    4    1   18
  47 k  1.0000000000000 stre   1   12           val=   4.23768
  48 k  1.0000000000000 stre   1    6           val=   4.23779
  49 k  1.0000000000000 stre   1   13           val=   4.29368
  50 k  1.0000000000000 stre  12   13           val=   2.71378
  51 k  1.0000000000000 stre   1    2           val=   4.29504
  52 k  1.0000000000000 stre   6    2           val=   2.71389
  53 k  1.0000000000000 stre   1   15           val=   4.32394
  54 k  1.0000000000000 stre  12   15           val=   2.71927
  55 k  1.0000000000000 stre   1    5           val=   4.32287
  56 k  1.0000000000000 stre   6    5           val=   2.71923
  57 k  1.0000000000000 stre   1   18           val=   4.48391
  58 k  1.0000000000000 stre  13   18           val=   2.70205
  59 k  1.0000000000000 stre   1    3           val=   4.48521
  60 k  1.0000000000000 stre   2    3           val=   2.70165
  61 k  1.0000000000000 stre   1   14           val=   4.51472
  62 k  1.0000000000000 stre  15   14           val=   2.69088
  63 k  1.0000000000000 stre  18   14           val=   2.66991
  64 k  1.0000000000000 stre   1    4           val=   4.51401
  65 k  1.0000000000000 stre   5    4           val=   2.69130
  66 k  1.0000000000000 stre   3    4           val=   2.66994
  67 k  0.2174207085471 bend   6   12    1      val= 109.08221
        0.2335436245684 bend  13    6    1
        0.2335665750995 bend   2   12    1
        0.2878471140839 bend   2   13    1
        0.2264173515111 bend  15    6    1
        0.0659656603055 bend  15   13    1
        0.1699620773181 bend  15    2    1
        0.2263927878882 bend   5   12    1
        0.1699511951183 bend   5   13    1
        0.0659742927502 bend   5    2    1
        0.2803601093999 bend   5   15    1
        0.0369755115486 bend  18   12    1
        0.2434344068350 bend  18    6    1
        0.2176623350607 bend  18    2    1
        0.0178365429392 bend  18   15    1
        0.1203967849367 bend  18    5    1
        0.2435133514522 bend   3   12    1
        0.0370207066921 bend   3    6    1
        0.2176317159076 bend   3   13    1
        0.1205062861021 bend   3   15    1
        0.0179715710833 bend   3    5    1
        0.0391994155072 bend  14   12    1
        0.2345091808881 bend  14    6    1
        0.0164607263457 bend  14   13    1
        0.1105934838219 bend  14    2    1
        0.2442462985366 bend  14    5    1
       -0.0709534002176 bend  14    3    1
        0.2345518722939 bend   4   12    1
        0.0392041339370 bend   4    6    1
        0.1107465052699 bend   4   13    1
        0.0165538472899 bend   4    2    1
        0.2442538070083 bend   4   15    1
       -0.0707951339598 bend   4   18    1
  68 k  0.0000021482980 bend   6   12    1      val=  -0.01644
       -0.1218131998936 bend  13    6    1
        0.1217429518351 bend   2   12    1
       -0.0001565806442 bend   2   13    1
        0.1256267580570 bend  15    6    1
        0.0103766375793 bend  15   13    1
        0.2446723768434 bend  15    2    1
       -0.1255052983282 bend   5   12    1
       -0.2445904670316 bend   5   13    1
       -0.0104258882735 bend   5    2    1
        0.0001699329821 bend   5   15    1
       -0.0175790386699 bend  18   12    1
       -0.0898837634078 bend  18    6    1
        0.2247982032512 bend  18    2    1
        0.0204143570769 bend  18   15    1
       -0.2985258406000 bend  18    5    1
        0.0896361887259 bend   3   12    1
        0.0174979902254 bend   3    6    1
       -0.2249427594359 bend   3   13    1
        0.2984615476701 bend   3   15    1
       -0.0204112541758 bend   3    5    1
        0.0431059676078 bend  14   12    1
        0.1404491410976 bend  14    6    1
        0.0102962795676 bend  14   13    1
        0.3176545431508 bend  14    2    1
       -0.1413008400849 bend  14    5    1
        0.3442764724671 bend  14    3    1
       -0.1402002385466 bend   4   12    1
       -0.0430139268892 bend   4    6    1
       -0.3174280001439 bend   4   13    1
       -0.0103940977310 bend   4    2    1
        0.1414988819685 bend   4   15    1
       -0.3442742358086 bend   4   18    1
  69 k -0.0002077059487 bend   6   12    1      val=   0.02451
        0.0631549758069 bend  13    6    1
       -0.0633262325035 bend   2   12    1
        0.0000326964635 bend   2   13    1
        0.0364306273570 bend  15    6    1
        0.2156679798091 bend  15   13    1
       -0.0235576738557 bend  15    2    1
       -0.0366978918987 bend   5   12    1
        0.0232999927089 bend   5   13    1
       -0.2151543823067 bend   5    2    1
       -0.0000280339508 bend   5   15    1
        0.2495573784028 bend  18   12    1
        0.2314892646693 bend  18    6    1
        0.2085806728863 bend  18    2    1
        0.2345991268985 bend  18   15    1
        0.1539979397490 bend  18    5    1
       -0.2313979842653 bend   3   12    1
       -0.2489507485827 bend   3    6    1
       -0.2082288304148 bend   3   13    1
       -0.1541979190065 bend   3   15    1
       -0.2340285589656 bend   3    5    1
        0.2399874074295 bend  14   12    1
        0.1951946626748 bend  14    6    1
        0.2319019769407 bend  14   13    1
        0.0908923565890 bend  14    2    1
        0.2271197131079 bend  14    5    1
       -0.0316064565448 bend  14    3    1
       -0.1950914271108 bend   4   12    1
       -0.2393213121351 bend   4    6    1
       -0.0910301107590 bend   4   13    1
       -0.2313864268194 bend   4    2    1
       -0.2267764392749 bend   4   15    1
        0.0311091075984 bend   4   18    1
  70 k -0.4737383824935 bend   6   12    1      val=  15.76075
       -0.1285980112418 bend  13    6    1
       -0.1343664994767 bend   2   12    1
        0.1138591026984 bend   2   13    1
       -0.1240870966564 bend  15    6    1
       -0.0614724891646 bend  15   13    1
        0.1502024636166 bend  15    2    1
       -0.1305881950081 bend   5   12    1
        0.1498064890159 bend   5   13    1
       -0.0570939913185 bend   5    2    1
        0.1319078631393 bend   5   15    1
        0.3114855672517 bend  18   12    1
       -0.1466902607162 bend  18    6    1
        0.1549718772228 bend  18    2    1
       -0.0023328247629 bend  18   15    1
        0.0801551879461 bend  18    5    1
       -0.1506338387952 bend   3   12    1
        0.3077963563000 bend   3    6    1
        0.1583970206250 bend   3   13    1
        0.0829049136390 bend   3   15    1
        0.0017046033500 bend   3    5    1
        0.3123946904400 bend  14   12    1
       -0.1444744739137 bend  14    6    1
        0.0075822171943 bend  14   13    1
        0.0674637822589 bend  14    2    1
        0.1718159719059 bend  14    5    1
       -0.1056120347377 bend  14    3    1
       -0.1486008927998 bend   4   12    1
        0.3084780537987 bend   4    6    1
        0.0699979401031 bend   4   13    1
        0.0109433411756 bend   4    2    1
        0.1750873649201 bend   4   15    1
       -0.1052557241039 bend   4   18    1
  71 k  0.0200780302333 bend   6   12    1      val=  -9.31897
       -0.0526233381890 bend  13    6    1
       -0.0408883602819 bend   2   12    1
       -0.0008972805419 bend   2   13    1
       -0.0472690446178 bend  15    6    1
        0.3131525397822 bend  15   13    1
       -0.2665290830745 bend  15    2    1
       -0.0347691684093 bend   5   12    1
       -0.2663269919905 bend   5   13    1
        0.3055813932968 bend   5    2    1
        0.0142605390743 bend   5   15    1
        0.0891112875118 bend  18   12    1
        0.0770683068123 bend  18    6    1
        0.0075687034169 bend  18    2    1
        0.2614589567761 bend  18   15    1
       -0.1709361791553 bend  18    5    1
        0.0860891976041 bend   3   12    1
        0.0977063565455 bend   3    6    1
        0.0015589714622 bend   3   13    1
       -0.1750185904195 bend   3   15    1
        0.2549207941241 bend   3    5    1
        0.1081464261410 bend  14   12    1
        0.0659903225022 bend  14    6    1
        0.3068847449842 bend  14   13    1
       -0.2150565294350 bend  14    2    1
        0.0608670411983 bend  14    5    1
       -0.2380425869194 bend  14    3    1
        0.0747768243208 bend   4   12    1
        0.1163609215159 bend   4    6    1
       -0.2191653057645 bend   4   13    1
        0.3004650817465 bend   4    2    1
        0.0551083383294 bend   4   15    1
       -0.2380629450311 bend   4   18    1
  72 k -0.0043946967502 bend   6   12    1      val=   1.78412
        0.1696603677996 bend  13    6    1
        0.1783420031582 bend   2   12    1
        0.2663972937299 bend   2   13    1
       -0.1944993115521 bend  15    6    1
        0.0233445228387 bend  15   13    1
       -0.0086862877284 bend  15    2    1
       -0.1834647845526 bend   5   12    1
       -0.0068595545789 bend   5   13    1
        0.0169040100590 bend   5    2    1
       -0.2764022335086 bend   5   15    1
        0.0758899857655 bend  18   12    1
        0.0564400061460 bend  18    6    1
        0.2857804909042 bend  18    2    1
        0.2845527796253 bend  18   15    1
       -0.1882927119063 bend  18    5    1
        0.0631060593031 bend   3   12    1
        0.0819015454722 bend   3    6    1
        0.2804894122385 bend   3   13    1
       -0.1921687716701 bend   3   15    1
        0.2771015611264 bend   3    5    1
       -0.0544949458000 bend  14   12    1
       -0.0490721884351 bend  14    6    1
       -0.2301268264765 bend  14   13    1
        0.1738306924447 bend  14    2    1
       -0.2543847729187 bend  14    5    1
       -0.0267642881777 bend  14    3    1
       -0.0419476804581 bend   4   12    1
       -0.0471786476213 bend   4    6    1
        0.1702250429614 bend   4   13    1
       -0.2335347682971 bend   4    2    1
       -0.2591053452047 bend   4   15    1
       -0.0290919754981 bend   4   18    1
  73 k  0.0052685812479 bend   6   12    1      val=  -0.30808
        0.2835642452188 bend  13    6    1
       -0.2768747995970 bend   2   12    1
        0.0034622274009 bend   2   13    1
        0.3057012376823 bend  15    6    1
       -0.1880960842626 bend  15   13    1
        0.0039816917343 bend  15    2    1
       -0.3110816514416 bend   5   12    1
       -0.0183450771002 bend   5   13    1
        0.2028805964623 bend   5    2    1
       -0.0055654195597 bend   5   15    1
        0.1958816580371 bend  18   12    1
        0.2085188994838 bend  18    6    1
       -0.1502703644919 bend  18    2    1
       -0.1636385099636 bend  18   15    1
       -0.1226924824022 bend  18    5    1
       -0.2002035714699 bend   3   12    1
       -0.1959840009326 bend   3    6    1
        0.1566162163368 bend   3   13    1
        0.1075025306617 bend   3   15    1
        0.1835711761349 bend   3    5    1
        0.1945591158404 bend  14   12    1
        0.2097763218610 bend  14    6    1
       -0.1563837628392 bend  14   13    1
       -0.1112555536827 bend  14    2    1
       -0.1526111322404 bend  14    5    1
       -0.0101317221795 bend  14    3    1
       -0.2055122249476 bend   4   12    1
       -0.1982485889566 bend   4    6    1
        0.1066477660457 bend   4   13    1
        0.1607911310921 bend   4    2    1
        0.1426586089540 bend   4   15    1
        0.0018022343932 bend   4   18    1
  74 k -0.0001621948387 bend   6   12    1      val=   0.01189
        0.1420058672322 bend  13    6    1
       -0.1431715982974 bend   2   12    1
       -0.0005641058919 bend   2   13    1
       -0.1236445614823 bend  15    6    1
       -0.0028447570924 bend  15   13    1
       -0.2516815182458 bend  15    2    1
        0.1247951051926 bend   5   12    1
        0.2515340821184 bend   5   13    1
        0.0032660481427 bend   5    2    1
        0.0009895919860 bend   5   15    1
        0.1537103775207 bend  18   12    1
        0.1012720607204 bend  18    6    1
        0.0479960168694 bend  18    2    1
        0.3021508769655 bend  18   15    1
        0.0378524058705 bend  18    5    1
       -0.1017300918338 bend   3   12    1
       -0.1536906556083 bend   3    6    1
       -0.0494381023863 bend   3   13    1
       -0.0370369472370 bend   3   15    1
       -0.3033789067801 bend   3    5    1
       -0.1627987605417 bend  14   12    1
       -0.0784413619922 bend  14    6    1
       -0.3246726109782 bend  14   13    1
       -0.0329135540381 bend  14    2    1
       -0.0629164675868 bend  14    5    1
        0.3575856275344 bend  14    3    1
        0.0787114005273 bend   4   12    1
        0.1631885016145 bend   4    6    1
        0.0319275750743 bend   4   13    1
        0.3260644618006 bend   4    2    1
        0.0644534877118 bend   4   15    1
       -0.3575006989787 bend   4   18    1
  75 k -0.0000026106972 bend   6   12    1      val=   0.01055
       -0.0533928079811 bend  13    6    1
        0.0529250101826 bend   2   12    1
       -0.0003557098108 bend   2   13    1
        0.0728060624656 bend  15    6    1
        0.0167391252127 bend  15   13    1
        0.2474941594616 bend  15    2    1
       -0.0723185780156 bend   5   12    1
       -0.2474953394700 bend   5   13    1
       -0.0167084747140 bend   5    2    1
        0.0003709388150 bend   5   15    1
        0.2292477382425 bend  18   12    1
        0.2660720430281 bend  18    6    1
        0.2286496018149 bend  18    2    1
       -0.0611377724902 bend  18   15    1
        0.0904594345346 bend  18    5    1
       -0.2635243094137 bend   3   12    1
       -0.2268086115101 bend   3    6    1
       -0.2274045292216 bend   3   13    1
       -0.0883272151041 bend   3   15    1
        0.0617495306126 bend   3    5    1
       -0.2384101325529 bend  14   12    1
       -0.2977905546955 bend  14    6    1
        0.0884961006575 bend  14   13    1
       -0.0913530154548 bend  14    2    1
       -0.2763839838122 bend  14    5    1
       -0.0907620227051 bend  14    3    1
        0.2953177664954 bend   4   12    1
        0.2361096795263 bend   4    6    1
        0.0892580637303 bend   4   13    1
       -0.0888404122582 bend   4    2    1
        0.2749336260636 bend   4   15    1
        0.0908607544807 bend   4   18    1
  76 k -0.1447962691996 bend   6   12    1      val=  -0.96985
        0.1526767636538 bend  13    6    1
        0.1527043343266 bend   2   12    1
        0.5093517035012 bend   2   13    1
        0.0102885139538 bend  15    6    1
        0.3543092912069 bend  15   13    1
        0.0139612147939 bend  15    2    1
        0.0097635992011 bend   5   12    1
        0.0134358464616 bend   5   13    1
        0.3528042792070 bend   5    2    1
        0.2846862432538 bend   5   15    1
       -0.1415927948747 bend  18   12    1
       -0.2342566752184 bend  18    6    1
       -0.1039424052929 bend  18    2    1
       -0.1315468917609 bend  18   15    1
       -0.1139435211860 bend  18    5    1
       -0.2345122129514 bend   3   12    1
       -0.1415708446782 bend   3    6    1
       -0.1042216352576 bend   3   13    1
       -0.1144819864305 bend   3   15    1
       -0.1313235645337 bend   3    5    1
        0.0000445334453 bend  14   12    1
       -0.1401914488664 bend  14    6    1
       -0.0441583524264 bend  14   13    1
       -0.0621430645632 bend  14    2    1
       -0.0318937811620 bend  14    5    1
        0.1676084754542 bend  14    3    1
       -0.1395553765957 bend   4   12    1
        0.0006146753798 bend   4    6    1
       -0.0622421845677 bend   4   13    1
       -0.0445053894607 bend   4    2    1
       -0.0311041267662 bend   4   15    1
        0.1679131929711 bend   4   18    1
  77 k -0.0458423486973 bend   6   12    1      val=   5.50063
       -0.0630531617199 bend  13    6    1
       -0.0634608900587 bend   2   12    1
        0.0037841245038 bend   2   13    1
        0.0938299187462 bend  15    6    1
        0.0999960993144 bend  15   13    1
       -0.0123930327834 bend  15    2    1
        0.0941510043941 bend   5   12    1
       -0.0103653010460 bend   5   13    1
        0.0994405410815 bend   5    2    1
        0.1986113218717 bend   5   15    1
        0.2713711269918 bend  18   12    1
        0.2406366842833 bend  18    6    1
        0.0747988912042 bend  18    2    1
        0.0305283551862 bend  18   15    1
        0.2529813355719 bend  18    5    1
        0.2429833756865 bend   3   12    1
        0.2734741351328 bend   3    6    1
        0.0766487368955 bend   3   13    1
        0.2535279286657 bend   3   15    1
        0.0301767971987 bend   3    5    1
       -0.2700394152882 bend  14   12    1
       -0.2923928431569 bend  14    6    1
       -0.0563110466968 bend  14   13    1
       -0.2429184313495 bend  14    2    1
       -0.1541706458905 bend  14    5    1
        0.0814210707772 bend  14    3    1
       -0.2950651864380 bend   4   12    1
       -0.2720035525507 bend   4    6    1
       -0.2441899716686 bend   4   13    1
       -0.0554839963311 bend   4    2    1
       -0.1561763534705 bend   4   15    1
        0.0806905465667 bend   4   18    1
  78 k -0.0937506667965 bend   6   12    1      val=  47.70259
       -0.1363576534087 bend  13    6    1
       -0.1383083409788 bend   2   12    1
       -0.1068696319191 bend   2   13    1
       -0.0373729331964 bend  15    6    1
        0.2103376696800 bend  15   13    1
       -0.2003499650852 bend  15    2    1
       -0.0392352947647 bend   5   12    1
       -0.2004846937431 bend   5   13    1
        0.2031620205350 bend   5    2    1
        0.0706691111942 bend   5   15    1
        0.1662682562096 bend  18   12    1
        0.1174906335778 bend  18    6    1
       -0.1046599854170 bend  18    2    1
        0.0552793242300 bend  18   15    1
        0.1020596514843 bend  18    5    1
        0.1171782402217 bend   3   12    1
        0.1675670240521 bend   3    6    1
       -0.1015114991331 bend   3   13    1
        0.0970431435448 bend   3   15    1
        0.0581411917590 bend   3    5    1
        0.1291093871893 bend  14   12    1
        0.2440475087739 bend  14    6    1
       -0.0711255210500 bend  14   13    1
        0.2770414206760 bend  14    2    1
       -0.0491766691478 bend  14    5    1
        0.3998239035966 bend  14    3    1
        0.2434647325205 bend   4   12    1
        0.1307547474308 bend   4    6    1
        0.2716251369213 bend   4   13    1
       -0.0690132770995 bend   4    2    1
       -0.0457381226802 bend   4   15    1
        0.4002194066193 bend   4   18    1
  79 k  0.0185860058244 bend   6   12    1      val=  15.46361
        0.1891771087889 bend  13    6    1
        0.1901747475155 bend   2   12    1
        0.3082407965484 bend   2   13    1
       -0.2532577639532 bend  15    6    1
       -0.0264009556517 bend  15   13    1
       -0.0296850742422 bend  15    2    1
       -0.2523676227791 bend   5   12    1
       -0.0296057623255 bend   5   13    1
       -0.0237519216537 bend   5    2    1
       -0.4880005129533 bend   5   15    1
       -0.0224513772782 bend  18   12    1
        0.1672154496495 bend  18    6    1
       -0.0764492470225 bend  18    2    1
       -0.1540577076137 bend  18   15    1
        0.2940059952766 bend  18    5    1
        0.1669084860530 bend   3   12    1
       -0.0227214810490 bend   3    6    1
       -0.0776213081940 bend   3   13    1
        0.2948639215813 bend   3   15    1
       -0.1544753649586 bend   3    5    1
        0.1620691338504 bend  14   12    1
       -0.0096077693867 bend  14    6    1
        0.1880946414252 bend  14   13    1
       -0.1312283798899 bend  14    2    1
       -0.0011454603081 bend  14    5    1
        0.0907063499634 bend  14    3    1
       -0.0098450272776 bend   4   12    1
        0.1616123189060 bend   4    6    1
       -0.1304557257054 bend   4   13    1
        0.1881964907545 bend   4    2    1
       -0.0020806792016 bend   4   15    1
        0.0903377520360 bend   4   18    1
  80 k -0.0009832928253 bend   6   12    1      val=   0.43778
       -0.1516799019045 bend  13    6    1
        0.1486069406015 bend   2   12    1
       -0.0010630389840 bend   2   13    1
       -0.1334602884716 bend  15    6    1
       -0.4583711524563 bend  15   13    1
        0.0111609904155 bend  15    2    1
        0.1342624187822 bend   5   12    1
       -0.0145280418895 bend   5   13    1
        0.4625976335901 bend   5    2    1
        0.0021996830766 bend   5   15    1
        0.0870173580421 bend  18   12    1
        0.0192530541260 bend  18    6    1
        0.1919162521443 bend  18    2    1
        0.1223019458088 bend  18   15    1
       -0.2394763550124 bend  18    5    1
       -0.0183410104467 bend   3   12    1
       -0.0840024628076 bend   3    6    1
       -0.1934145417110 bend   3   13    1
        0.2398624468724 bend   3   15    1
       -0.1209577889622 bend   3    5    1
        0.0787640504387 bend  14   12    1
       -0.0220721319261 bend  14    6    1
        0.0941296254403 bend  14   13    1
       -0.2710585432477 bend  14    2    1
        0.1986166644542 bend  14    5    1
        0.0036439034897 bend  14    3    1
        0.0257356436121 bend   4   12    1
       -0.0778263767748 bend   4    6    1
        0.2759478042282 bend   4   13    1
       -0.0964561442872 bend   4    2    1
       -0.1997782885090 bend   4   15    1
        0.0035119005818 bend   4   18    1
  81 k  0.0000319998814 bend   6   12    1      val=   0.07173
        0.2667657403583 bend  13    6    1
       -0.2668813614622 bend   2   12    1
       -0.0001567585361 bend   2   13    1
        0.1375081461763 bend  15    6    1
        0.2850506381019 bend  15   13    1
       -0.0277010181612 bend  15    2    1
       -0.1379474668957 bend   5   12    1
        0.0273110158847 bend   5   13    1
       -0.2848245473147 bend   5    2    1
       -0.0004061218777 bend   5   15    1
       -0.0438989470908 bend  18   12    1
       -0.1604095307891 bend  18    6    1
       -0.0071442213304 bend  18    2    1
        0.1580760036966 bend  18   15    1
       -0.3482234925070 bend  18    5    1
        0.1611029222846 bend   3   12    1
        0.0443752460243 bend   3    6    1
        0.0064905198252 bend   3   13    1
        0.3491818532848 bend   3   15    1
       -0.1580057009342 bend   3    5    1
       -0.0027083681609 bend  14   12    1
       -0.1668683053005 bend  14    6    1
        0.2101440214270 bend  14   13    1
       -0.2828676221436 bend  14    2    1
       -0.0297732707662 bend  14    5    1
        0.0154804117476 bend  14    3    1
        0.1675135221559 bend   4   12    1
        0.0031561407879 bend   4    6    1
        0.2836706221499 bend   4   13    1
       -0.2102197213876 bend   4    2    1
        0.0294852528801 bend   4   15    1
       -0.0144681058727 bend   4   18    1
  82 k -0.0000202511055 bend   6   12    1      val=   0.01293
       -0.3776544442621 bend  13    6    1
        0.3772344445893 bend   2   12    1
        0.0000266048307 bend   2   13    1
        0.3885205836787 bend  15    6    1
        0.0557427378700 bend  15   13    1
       -0.1201138610394 bend  15    2    1
       -0.3882632038026 bend   5   12    1
        0.1200721337023 bend   5   13    1
       -0.0558763656245 bend   5    2    1
       -0.0002843080562 bend   5   15    1
       -0.0794285854171 bend  18   12    1
       -0.1097469307552 bend  18    6    1
        0.0740122616392 bend  18    2    1
        0.1714833404339 bend  18   15    1
        0.1722983423018 bend  18    5    1
        0.1093765335241 bend   3   12    1
        0.0795385148101 bend   3    6    1
       -0.0738126572740 bend   3   13    1
       -0.1720038271206 bend   3   15    1
       -0.1714338002416 bend   3    5    1
        0.0915086986085 bend  14   12    1
        0.0728489499896 bend  14    6    1
       -0.1076518949386 bend  14   13    1
       -0.2517675347840 bend  14    2    1
       -0.1328881562346 bend  14    5    1
        0.0066686701455 bend  14    3    1
       -0.0722464092390 bend   4   12    1
       -0.0915859228689 bend   4    6    1
        0.2518341003806 bend   4   13    1
        0.1077399740862 bend   4    2    1
        0.1327583286864 bend   4   15    1
       -0.0065161937153 bend   4   18    1
  83 k  0.0577233769316 bend   6   12    1      val=   1.21983
        0.2183290156569 bend  13    6    1
        0.2188346097107 bend   2   12    1
       -0.3752591046867 bend   2   13    1
       -0.2129561477633 bend  15    6    1
        0.0022251614016 bend  15   13    1
       -0.0238355304954 bend  15    2    1
       -0.2133491088145 bend   5   12    1
       -0.0235883183520 bend   5   13    1
        0.0023252578644 bend   5    2    1
        0.3685584137067 bend   5   15    1
       -0.1958654646743 bend  18   12    1
        0.2592726447173 bend  18    6    1
       -0.0427895298939 bend  18    2    1
        0.0377737397325 bend  18   15    1
       -0.0553037326551 bend  18    5    1
        0.2590714579000 bend   3   12    1
       -0.1954788803312 bend   3    6    1
       -0.0428026890930 bend   3   13    1
       -0.0553986510769 bend   3   15    1
        0.0373445816320 bend   3    5    1
        0.2327542088745 bend  14   12    1
       -0.2979644354087 bend  14    6    1
       -0.0618456165584 bend  14   13    1
        0.0666018311813 bend  14    2    1
        0.0520424125362 bend  14    5    1
        0.0243638494260 bend  14    3    1
       -0.2979522955945 bend   4   12    1
        0.2324998866641 bend   4    6    1
        0.0669340404779 bend   4   13    1
       -0.0616142028535 bend   4    2    1
        0.0520786595579 bend   4   15    1
        0.0242085673863 bend   4   18    1
  84 k  1.0000000000000 bend   6    3    2      val= 106.41682
  85 k  1.0000000000000 bend   2    4    3      val= 108.95934
  86 k  1.0000000000000 bend   5    3    4      val= 108.95526
  87 k  1.0000000000000 bend   6    4    5      val= 106.58123
  88 k  1.0000000000000 bend   5    2    6      val= 108.95619
  89 k  1.0000000000000 bend  15   13   12      val= 108.95626
  90 k  1.0000000000000 bend  12   18   13      val= 106.40930
  91 k  1.0000000000000 bend  15   18   14      val= 108.95667
  92 k  1.0000000000000 bend  12   14   15      val= 106.58929
  93 k  1.0000000000000 bend  13   14   18      val= 108.95732
        63 non zero eigenvalues  of BmBt
           1           2.429319493    1    0
         1
           2           2.370940394    2    0
         2
           3           2.351268384    3    0
         3
           4           2.339564100    4    0
         4
           5           2.316721902    5    0
         5
           6           2.211634274    6    0
         6
           7           2.174696340    7    0
         7
           8           2.165374556    8    0
         8
           9           2.087450773    9    0
         9
          10           2.086242326   10    0
        10
          11           2.082021405   11    0
        11
          12           2.081691720   12    0
        12
          13           2.029901522   13    0
        13
          14           2.024928044   14    0
        14
          15           1.657739889   15    0
        15
          16           1.531137511   16    0
        16
          17           1.511103314   17    0
        17
          18           1.509858530   18    0
        18
          19           1.267671309   19    0
        19
          20           1.041605529   20    0
        20
          21           1.038924874   21    0
        21
          22           1.037959821   22    0
        22
          23           1.036977971   23    0
        23
          24           0.684328845   24    0
        24
          25           0.659162274   25    0
        25
          26           0.625955695   26    0
        26
          27           0.623301166   27    0
        27
          28           0.623087357   28    0
        28
          29           0.617772123   29    0
        29
          30           0.617540972   30    0
        30
          31           0.615249866   31    0
        31
          32           0.614790445   32    0
        32
          33           0.534494524   33    0
        33
          34           0.278368760   34    0
        34
          35           0.231480123   35    0
        35
          36           0.152959622   36    0
        36
          37           2.868532373    0    0
         0.000000000         0.000000000         0.000000000         0.000000000
         0.000000000         0.000000000         0.000000000         0.000000000
         0.000000000         0.000000000         0.000000000         0.000000000
         0.000000000         0.000000000         0.000000000         0.000000000
         0.000000000         0.000000000         0.000000000         0.000000000
         0.000000000         0.000000000         0.000000000         0.000000000
         0.000000000         0.000000000         0.000000000         0.000000000
         0.000000000         0.000000000         0.000000000         0.000000000
         0.000000000         0.000000000         0.000000000         0.000000000
        -0.007094736        -0.007327665        -0.259167191        -0.259702692
         0.227006772         0.226783513        -0.091534566        -0.091845835
         0.139617078         0.139346221        -0.367596535        -0.367623288
        -0.165563600        -0.060194205        -0.165477946        -0.060302862
        -0.189595300        -0.068608421        -0.190035794        -0.068667206
         0.099833154        -0.000483406         0.099542599        -0.000483443
         0.082876414        -0.010207531         0.063331690         0.082156222
        -0.010322292         0.063201812         0.495787348        -0.000183881
         0.000097558        -0.015764605         0.013986897         0.000915703
         0.000480787        -0.000008400         0.000017244        -0.001547165
         0.001748410        -0.004378668        -0.001101967        -0.000049408
        -0.000002030        -0.000004598        -0.001203283        -0.002068760
        -0.021807461        -0.018195006         0.002282330         0.039794580
         0.039755813        -0.002037033        -0.018245470         0.002317228
        -0.021786316
          38           2.067567828    0    0
         0.000000000         0.000000000         0.000000000         0.000000000
         0.000000000         0.000000000         0.000000000         0.000000000
         0.000000000         0.000000000         0.000000000         0.000000000
         0.000000000         0.000000000         0.000000000         0.000000000
         0.000000000         0.000000000         0.000000000         0.000000000
         0.000000000         0.000000000         0.000000000         0.000000000
         0.000000000         0.000000000         0.000000000         0.000000000
         0.000000000         0.000000000         0.000000000         0.000000000
         0.000000000         0.000000000         0.000000000         0.000000000
         0.014258774        -0.014246514         0.106368758        -0.106127366
        -0.081467928         0.081187475         0.091154948        -0.090579670
        -0.084189234         0.083743457         0.208098491        -0.207875363
         0.253320646         0.076136382        -0.253199265        -0.075921812
         0.262418624         0.093498199        -0.262296294        -0.093471634
         0.346814628         0.083257372        -0.347049829        -0.083397860
         0.351778915         0.081816234         0.013303798        -0.352059217
        -0.081879169        -0.013418537        -0.000154559        -0.025659537
        -0.179869996         0.000280096        -0.000556909        -0.000420129
         0.027121570         0.001012677        -0.002968685         0.000057280
         0.000043374         0.000268781        -0.000044312        -0.026775709
        -0.016064555         0.000498109        -0.000012058         0.004410823
        -0.010494142        -0.011849790         0.009339416         0.008918619
        -0.008901754        -0.004488666         0.011953273        -0.009428641
         0.010544412
          39           1.707544093    0    0
         0.000000000         0.000000000         0.000000000         0.000000000
         0.000000000         0.000000000         0.000000000         0.000000000
         0.000000000         0.000000000         0.000000000         0.000000000
         0.000000000         0.000000000         0.000000000         0.000000000
         0.000000000         0.000000000         0.000000000         0.000000000
         0.000000000         0.000000000         0.000000000         0.000000000
         0.000000000         0.000000000         0.000000000         0.000000000
         0.000000000         0.000000000         0.000000000         0.000000000
         0.000000000         0.000000000         0.000000000         0.000000000
        -0.257289034         0.258136989        -0.303599010         0.303571317
        -0.279367065         0.279527881        -0.144011597         0.142843216
        -0.139045321         0.138711093         0.019070038        -0.019451887
         0.229125620         0.163019723        -0.229529060        -0.162562472
        -0.191067754        -0.147741439         0.190686751         0.147033228
         0.137412606         0.031011649        -0.137166401        -0.032125307
        -0.117664144        -0.037170383         0.021383428         0.117634170
         0.037581365        -0.021006042         0.000264215         0.295625081
        -0.022895990        -0.000000676         0.000033081         0.000511657
        -0.006355451         0.037251550         0.011098466        -0.000002890
        -0.000172640        -0.000043632        -0.000075434        -0.000738709
         0.011749874        -0.038935269        -0.000114119         0.049005509
         0.015845391        -0.016591441        -0.042596703        -0.005556366
         0.005333326        -0.048580213         0.016465765         0.042664874
        -0.015992688
          40           1.320543943    0    0
         0.000000000         0.000000000         0.000000000         0.000000000
         0.000000000         0.000000000         0.000000000         0.000000000
         0.000000000         0.000000000         0.000000000         0.000000000
         0.000000000         0.000000000         0.000000000         0.000000000
         0.000000000         0.000000000         0.000000000         0.000000000
         0.000000000         0.000000000         0.000000000         0.000000000
         0.000000000         0.000000000         0.000000000         0.000000000
         0.000000000         0.000000000         0.000000000         0.000000000
         0.000000000         0.000000000         0.000000000         0.000000000
        -0.025838841         0.025715764         0.160701701        -0.161798742
        -0.186330011         0.187230655         0.131948667        -0.130648950
        -0.101011289         0.100132929        -0.039927900         0.038794181
        -0.007604233        -0.074572324         0.008418307         0.073847853
        -0.026611026        -0.051226802         0.027428790         0.049976123
        -0.056885795         0.238763668         0.056100923        -0.236038726
        -0.094383638         0.170142730        -0.516678539         0.093756325
        -0.167543494         0.512815938        -0.000120163         0.020498865
         0.031179278        -0.000817118        -0.000120872        -0.000194272
         0.007506508        -0.007430852        -0.000844709        -0.000168805
         0.000102785         0.001469736         0.000231114        -0.061754608
        -0.133796383        -0.013411162        -0.000045085         0.087358278
        -0.049187476        -0.086053842         0.086452123        -0.040173164
         0.042503025        -0.089447496         0.086844537        -0.088311400
         0.050034920
          41           1.263876294    0    0
         0.000000000         0.000000000         0.000000000         0.000000000
         0.000000000         0.000000000         0.000000000         0.000000000
         0.000000000         0.000000000         0.000000000         0.000000000
         0.000000000         0.000000000         0.000000000         0.000000000
         0.000000000         0.000000000         0.000000000         0.000000000
         0.000000000         0.000000000         0.000000000         0.000000000
         0.000000000         0.000000000         0.000000000         0.000000000
         0.000000000         0.000000000         0.000000000         0.000000000
         0.000000000         0.000000000         0.000000000         0.000000000
         0.024276972         0.029876699         0.098860585         0.097036214
        -0.039120598        -0.039236898        -0.115528999        -0.116896467
        -0.008028854        -0.007642372         0.065602741         0.066099875
        -0.102944490        -0.051411125        -0.103293302        -0.040052380
        -0.051352860         0.236175055        -0.050640031         0.226172115
         0.036946850        -0.256137370         0.034083537        -0.267570486
         0.003198449        -0.315271469         0.325356122         0.006900795
        -0.307324727         0.329064742         0.056904625         0.001971550
        -0.000050971         0.136714087        -0.024925031         0.000157721
        -0.001965036        -0.001545604         0.001531226         0.039173197
         0.000305280        -0.128298823        -0.069039055        -0.001159521
        -0.001042249         0.001593129         0.036256264         0.204989378
        -0.092448466        -0.027817675         0.113097022        -0.200259040
        -0.199581941         0.205414416        -0.023022286         0.111052261
        -0.096243341
          42           1.263150352    0    0
         0.000000000         0.000000000         0.000000000         0.000000000
         0.000000000         0.000000000         0.000000000         0.000000000
         0.000000000         0.000000000         0.000000000         0.000000000
         0.000000000         0.000000000         0.000000000         0.000000000
         0.000000000         0.000000000         0.000000000         0.000000000
         0.000000000         0.000000000         0.000000000         0.000000000
         0.000000000         0.000000000         0.000000000         0.000000000
         0.000000000         0.000000000         0.000000000         0.000000000
         0.000000000         0.000000000         0.000000000         0.000000000
         0.024530061         0.028683429        -0.038774833        -0.039608328
        -0.088498136        -0.089585718         0.072695678         0.072116360
         0.094169514         0.094029515         0.030879754         0.031414169
         0.031322210         0.418461785         0.031128458         0.427001820
        -0.075402561        -0.336366566        -0.075072559        -0.344314573
        -0.054733942        -0.270783741        -0.056608598        -0.278040637
         0.071263644         0.077230844         0.114546041         0.073267491
         0.084184324         0.114948353         0.014475843         0.001314149
        -0.000155630         0.051788499        -0.013571178         0.080622138
         0.000470591        -0.001408779         0.000994495         0.040534139
        -0.034482795        -0.051514023         0.025646783        -0.000507349
        -0.000369826         0.001364434        -0.102782412        -0.042609260
         0.100793926        -0.138392070         0.148304701        -0.069707316
        -0.069353894        -0.041979193        -0.135395632         0.147203983
         0.097957124
          43           1.258938122    0    0
         0.000000000         0.000000000         0.000000000         0.000000000
         0.000000000         0.000000000         0.000000000         0.000000000
         0.000000000         0.000000000         0.000000000         0.000000000
         0.000000000         0.000000000         0.000000000         0.000000000
         0.000000000         0.000000000         0.000000000         0.000000000
         0.000000000         0.000000000         0.000000000         0.000000000
         0.000000000         0.000000000         0.000000000         0.000000000
         0.000000000         0.000000000         0.000000000         0.000000000
         0.000000000         0.000000000         0.000000000         0.000000000
         0.183772236        -0.182592059        -0.008607600         0.011007093
        -0.039818916         0.036260806        -0.009853694         0.007954032
        -0.013244061         0.015166796        -0.000848676         0.003584894
        -0.021133013         0.320644758         0.018603925        -0.311986375
         0.014436003        -0.328693863        -0.017867557         0.328052911
        -0.094846708        -0.279010190         0.094282068         0.264032758
         0.093628525         0.319843565        -0.037845536        -0.091435875
        -0.327962943         0.050873067         0.000998231        -0.125089398
         0.019367465         0.002788690        -0.000606666         0.001251685
        -0.002442462         0.095977004        -0.100706676         0.001003927
        -0.000054067        -0.002654548        -0.000754571        -0.003639246
         0.008004931        -0.105613771        -0.000685988         0.042725791
        -0.131456083         0.119966442        -0.022736788        -0.008053138
        -0.000090484        -0.037312492        -0.124262405         0.030025079
         0.131094522
          44           1.175698179    0    0
         0.000000000         0.000000000         0.000000000         0.000000000
         0.000000000         0.000000000         0.000000000         0.000000000
         0.000000000         0.000000000         0.000000000         0.000000000
         0.000000000         0.000000000         0.000000000         0.000000000
         0.000000000         0.000000000         0.000000000         0.000000000
         0.000000000         0.000000000         0.000000000         0.000000000
         0.000000000         0.000000000         0.000000000         0.000000000
         0.000000000         0.000000000         0.000000000         0.000000000
         0.000000000         0.000000000         0.000000000         0.000000000
         0.007822687         0.008154977         0.072929639         0.072277568
        -0.071034650        -0.070330970         0.259461124         0.259175987
        -0.261055304        -0.261085332        -0.223645399        -0.223902607
        -0.076783285         0.015395841        -0.076226884         0.015076495
        -0.080843168         0.013383538        -0.080387449         0.013393799
        -0.136776897        -0.259775959        -0.136425506        -0.257870706
        -0.151156376        -0.256470427        -0.224993603        -0.151018732
        -0.254198662        -0.225243493         0.106947761        -0.000015686
        -0.000719751        -0.102953833        -0.082734562        -0.003393448
        -0.000154782        -0.000023282         0.000066219         0.146779090
         0.027358239        -0.007760018        -0.030349359         0.000166242
         0.000161980        -0.000015541         0.000691887        -0.104860971
         0.087606395         0.095484353        -0.110826816         0.033629058
         0.032422527        -0.104308874         0.095329597        -0.109973693
         0.087537739
          45           1.167575598    0    0
         0.000000000         0.000000000         0.000000000         0.000000000
         0.000000000         0.000000000         0.000000000         0.000000000
         0.000000000         0.000000000         0.000000000         0.000000000
         0.000000000         0.000000000         0.000000000         0.000000000
         0.000000000         0.000000000         0.000000000         0.000000000
         0.000000000         0.000000000         0.000000000         0.000000000
         0.000000000         0.000000000         0.000000000         0.000000000
         0.000000000         0.000000000         0.000000000         0.000000000
         0.000000000         0.000000000         0.000000000         0.000000000
        -0.308510619        -0.307373444        -0.015919922        -0.015775247
        -0.061687212        -0.061386858         0.240477355         0.240040284
         0.235849696         0.235748430         0.024915713         0.024928164
         0.079497501         0.073643809         0.078593898         0.073126951
        -0.094243246        -0.020645714        -0.093185637        -0.019896455
         0.020673424         0.283161680         0.020605043         0.282479931
        -0.018300453        -0.345235557         0.020959401        -0.018276160
        -0.344610325         0.021253691        -0.000826906         0.000289531
        -0.000108422         0.030015366         0.006663023        -0.189057307
        -0.003337401         0.000256053         0.000617316        -0.006135920
         0.110971764        -0.031988968         0.035326717        -0.000317675
        -0.000037017        -0.000080671        -0.002211299        -0.114139009
        -0.020200526         0.012733718         0.159139032        -0.037996059
        -0.037951790        -0.114851072         0.012421322         0.159728205
        -0.019815509
          46           1.148164544    0    0
         0.000000000         0.000000000         0.000000000         0.000000000
         0.000000000         0.000000000         0.000000000         0.000000000
         0.000000000         0.000000000         0.000000000         0.000000000
         0.000000000         0.000000000         0.000000000         0.000000000
         0.000000000         0.000000000         0.000000000         0.000000000
         0.000000000         0.000000000         0.000000000         0.000000000
         0.000000000         0.000000000         0.000000000         0.000000000
         0.000000000         0.000000000         0.000000000         0.000000000
         0.000000000         0.000000000         0.000000000         0.000000000
         0.004077862        -0.003969835         0.258974840        -0.259266704
        -0.277155331         0.277355517        -0.022353388         0.021386850
         0.013536306        -0.012701092         0.159014417        -0.157943141
        -0.118263086         0.108613585         0.118695004        -0.108010927
        -0.120973009         0.092639640         0.121037055        -0.092533826
        -0.003323646        -0.191321149         0.004238646         0.191858908
        -0.023462075        -0.186182474        -0.091055899         0.024267339
         0.186964099         0.092839042        -0.000184518        -0.001999758
        -0.039882636         0.003171095        -0.005101323        -0.004240147
         0.260586874         0.018192720        -0.002556473        -0.000250090
        -0.000079191        -0.000069352         0.000008522        -0.003914034
         0.004193355        -0.000049404        -0.000037424        -0.184718667
         0.033755822         0.012816745        -0.173677709         0.315792317
        -0.316191701         0.185350410        -0.013312198         0.174392399
        -0.034164527
          47           1.025693470    0    0
         0.000000000         0.000000000         0.000000000         0.000000000
         0.000000000         0.000000000         0.000000000         0.000000000
         0.000000000         0.000000000         0.000000000         0.000000000
         0.000000000         0.000000000         0.000000000         0.000000000
         0.000000000         0.000000000         0.000000000         0.000000000
         0.000000000         0.000000000         0.000000000         0.000000000
         0.000000000         0.000000000         0.000000000         0.000000000
         0.000000000         0.000000000         0.000000000         0.000000000
         0.000000000         0.000000000         0.000000000         0.000000000
        -0.274028415         0.272151266         0.095655488        -0.090830127
         0.083894988        -0.083850407         0.142507242        -0.147447070
         0.168277651        -0.167339092         0.009394961        -0.008690966
         0.065064338         0.075411446        -0.067532772        -0.081363549
        -0.098279302        -0.084923589         0.093920432         0.083705491
        -0.197802919         0.155862999         0.191887733        -0.157439978
         0.221376379        -0.127476752         0.003234072        -0.218055345
         0.129234965        -0.008586850        -0.000285805         0.003004299
         0.006063789         0.001021365        -0.002101565        -0.002679418
         0.022927279        -0.215594478         0.084608528        -0.000594242
        -0.001235653         0.000490420         0.000501921         0.002311668
        -0.002678839        -0.025785045         0.000376629         0.191988166
        -0.200119317         0.219255608        -0.225120055         0.016024802
        -0.018753433        -0.191263921        -0.225015358         0.228955610
         0.203999050
          48           1.022622356    0    0
         0.000000000         0.000000000         0.000000000         0.000000000
         0.000000000         0.000000000         0.000000000         0.000000000
         0.000000000         0.000000000         0.000000000         0.000000000
         0.000000000         0.000000000         0.000000000         0.000000000
         0.000000000         0.000000000         0.000000000         0.000000000
         0.000000000         0.000000000         0.000000000         0.000000000
         0.000000000         0.000000000         0.000000000         0.000000000
         0.000000000         0.000000000         0.000000000         0.000000000
         0.000000000         0.000000000         0.000000000         0.000000000
        -0.041070598        -0.046734847         0.176241626         0.177772868
        -0.101828393        -0.099912535        -0.188441463        -0.185922259
         0.133246558         0.137308280         0.034957196         0.034941639
        -0.177121789        -0.227728917        -0.175949007        -0.226266902
        -0.211710215        -0.175035697        -0.213871369        -0.177689087
        -0.142313533        -0.019636872        -0.145709124        -0.015904882
        -0.017052830         0.019848178        -0.325207284        -0.012589062
         0.017802274        -0.324757453        -0.028144602         0.000016280
        -0.000288633         0.080144845        -0.219496564        -0.072336053
        -0.006742132         0.002251106        -0.001005798        -0.092789444
        -0.041661805         0.059126384         0.048235508         0.000130577
         0.000235291         0.000364096         0.010842265         0.095584445
         0.027603361        -0.128631340         0.162094969        -0.160043593
        -0.159764910         0.099324114        -0.123894554         0.157188835
         0.023847041
          49           0.980942673    0    0
         0.000000000         0.000000000         0.000000000         0.000000000
         0.000000000         0.000000000         0.000000000         0.000000000
         0.000000000         0.000000000         0.000000000         0.000000000
         0.000000000         0.000000000         0.000000000         0.000000000
         0.000000000         0.000000000         0.000000000         0.000000000
         0.000000000         0.000000000         0.000000000         0.000000000
         0.000000000         0.000000000         0.000000000         0.000000000
         0.000000000         0.000000000         0.000000000         0.000000000
         0.000000000         0.000000000         0.000000000         0.000000000
         0.159587961         0.162559670        -0.102695278        -0.104243237
        -0.174589155        -0.175887213         0.042530394         0.040707741
         0.127303032         0.125716914         0.030996960         0.031072588
        -0.118224224         0.086495026        -0.119096206         0.085457283
         0.021627557        -0.171375383         0.022706854        -0.170344876
         0.233472596         0.041201106         0.235953589         0.039905097
        -0.278966670        -0.038546259        -0.084753547        -0.281427008
        -0.037128746        -0.084605622        -0.015767005        -0.000225696
        -0.000073892         0.027428795        -0.078507313         0.198935570
         0.001554306        -0.001856315         0.000778033        -0.051546863
         0.069072900         0.028059561        -0.022469574         0.000244822
         0.000053937        -0.000139560        -0.044121255         0.158062847
        -0.293993089         0.268301466        -0.078262932        -0.053335134
        -0.053450493         0.155599140         0.265464262        -0.075677407
        -0.291209894
          50           0.933958540    0    0
         0.000000000         0.000000000         0.000000000         0.000000000
         0.000000000         0.000000000         0.000000000         0.000000000
         0.000000000         0.000000000         0.000000000         0.000000000
         0.000000000         0.000000000         0.000000000         0.000000000
         0.000000000         0.000000000         0.000000000         0.000000000
         0.000000000         0.000000000         0.000000000         0.000000000
         0.000000000         0.000000000         0.000000000         0.000000000
         0.000000000         0.000000000         0.000000000         0.000000000
         0.000000000         0.000000000         0.000000000         0.000000000
         0.011645873        -0.011620135         0.013218324        -0.012963403
        -0.021148392         0.020719329        -0.215955653         0.216290549
         0.211383289        -0.211587424         0.071985768        -0.072294859
        -0.129060098        -0.076706280         0.128829774         0.076319932
        -0.128679513        -0.062332362         0.128120060         0.061617007
         0.125058403         0.319270908        -0.125443187        -0.319526572
         0.076896974         0.323944648         0.091927785        -0.077619005
        -0.324489312        -0.093506771        -0.000038434         0.028656857
         0.270789626         0.000524355        -0.002005211        -0.001213682
         0.072064386         0.007452179        -0.014563881        -0.000167821
         0.000020569        -0.000692499         0.000355735         0.103946386
        -0.090454802        -0.009790573        -0.000010892        -0.160649239
         0.126947797         0.086173516        -0.130303084         0.082537914
        -0.082567189         0.160486293        -0.085878851         0.130201330
        -0.126889854
          51           0.863200912    0    0
         0.000000000         0.000000000         0.000000000         0.000000000
         0.000000000         0.000000000         0.000000000         0.000000000
         0.000000000         0.000000000         0.000000000         0.000000000
         0.000000000         0.000000000         0.000000000         0.000000000
         0.000000000         0.000000000         0.000000000         0.000000000
         0.000000000         0.000000000         0.000000000         0.000000000
         0.000000000         0.000000000         0.000000000         0.000000000
         0.000000000         0.000000000         0.000000000         0.000000000
         0.000000000         0.000000000         0.000000000         0.000000000
         0.007192057        -0.007396014         0.071718704        -0.072079886
         0.053203503        -0.052857771        -0.269911806         0.269986240
        -0.255473002         0.255368336         0.009787417        -0.009964176
         0.159190757        -0.253069458        -0.159214881         0.252722572
        -0.163225042         0.224964402         0.163673854        -0.224883005
        -0.119052291        -0.152092922         0.118528229         0.152311392
         0.110703865         0.164148571        -0.031260024        -0.110625268
        -0.164672573         0.031420085         0.000034361         0.157303473
        -0.024423571        -0.000119844         0.000106967        -0.000379991
         0.003407735        -0.106105277        -0.147021068        -0.000113948
         0.000674047        -0.000113766        -0.000041799         0.001182394
        -0.013278679         0.068327196         0.000053374        -0.015600162
        -0.196094694         0.198181201         0.010335036         0.004908159
        -0.004434822         0.015209509        -0.198019230        -0.010569098
         0.196138227
          52           0.787660115    0    0
         0.000000000         0.000000000         0.000000000         0.000000000
         0.000000000         0.000000000         0.000000000         0.000000000
         0.000000000         0.000000000         0.000000000         0.000000000
         0.000000000         0.000000000         0.000000000         0.000000000
         0.000000000         0.000000000         0.000000000         0.000000000
         0.000000000         0.000000000         0.000000000         0.000000000
         0.000000000         0.000000000         0.000000000         0.000000000
         0.000000000         0.000000000         0.000000000         0.000000000
         0.000000000         0.000000000         0.000000000         0.000000000
        -0.006777618         0.006675906        -0.025731049         0.025694845
         0.028329281        -0.028605692        -0.021043659         0.021090751
         0.020041203        -0.020098411         0.188104305        -0.188767278
         0.100759397         0.340959880        -0.100405781        -0.340141443
         0.121043723         0.361653502        -0.120803619        -0.361253747
        -0.212608045         0.111616715         0.212521489        -0.112041115
        -0.185451155         0.120903076         0.058274362         0.185187520
        -0.121452179        -0.058376831         0.000194303         0.025423315
         0.348380329         0.000040534        -0.000337361        -0.000173309
         0.006791133        -0.005983589         0.000465071         0.000265924
         0.000094665         0.000343810        -0.000244219        -0.051002683
         0.026771596         0.006695980        -0.000042204         0.051348301
        -0.080610313        -0.066038387         0.052553164         0.039975856
        -0.040036048        -0.051634732         0.066313090        -0.052692993
         0.080831478
          53           0.749167811    0    0
         0.000000000         0.000000000         0.000000000         0.000000000
         0.000000000         0.000000000         0.000000000         0.000000000
         0.000000000         0.000000000         0.000000000         0.000000000
         0.000000000         0.000000000         0.000000000         0.000000000
         0.000000000         0.000000000         0.000000000         0.000000000
         0.000000000         0.000000000         0.000000000         0.000000000
         0.000000000         0.000000000         0.000000000         0.000000000
         0.000000000         0.000000000         0.000000000         0.000000000
         0.000000000         0.000000000         0.000000000         0.000000000
        -0.013270675        -0.013260860        -0.148279486        -0.148013889
         0.146621419         0.146564019        -0.096105983        -0.096315865
         0.094601801         0.094290529         0.073213928         0.072677607
         0.103132074        -0.247976361         0.103624219        -0.248584962
         0.104946175        -0.280025093         0.104716188        -0.280038249
        -0.229963790        -0.136255336        -0.229964484        -0.136114882
        -0.230283144        -0.171514241         0.162140885        -0.230168280
        -0.171219435         0.162115067        -0.181768406        -0.000135722
        -0.000314578        -0.197665497        -0.005421980        -0.005810250
         0.001733334        -0.000060522         0.000128867        -0.101680572
        -0.020899548        -0.131592018        -0.023361719        -0.001191446
        -0.000047751        -0.000043344        -0.008808561        -0.054986678
        -0.046794985        -0.034723583        -0.038197591         0.181072352
         0.180831809        -0.055030505        -0.034574637        -0.038144700
        -0.046823120
          54           0.539689943    0    0
         0.000000000         0.000000000         0.000000000         0.000000000
         0.000000000         0.000000000         0.000000000         0.000000000
         0.000000000         0.000000000         0.000000000         0.000000000
         0.000000000         0.000000000         0.000000000         0.000000000
         0.000000000         0.000000000         0.000000000         0.000000000
         0.000000000         0.000000000         0.000000000         0.000000000
         0.000000000         0.000000000         0.000000000         0.000000000
         0.000000000         0.000000000         0.000000000         0.000000000
         0.000000000         0.000000000         0.000000000         0.000000000
        -0.090813289        -0.090502234        -0.065941967        -0.065794241
        -0.060807865        -0.060702971         0.182885635         0.182950913
         0.177094462         0.176851600        -0.001764151        -0.002099215
        -0.414270933        -0.034051484        -0.414374986        -0.034203733
         0.402747458         0.033154682         0.402798565         0.033281066
        -0.190240342        -0.057455373        -0.190680490        -0.057404198
         0.182474704         0.050353202         0.000437996         0.183051485
         0.050371147         0.000426149        -0.000022775         0.000031179
         0.000023605         0.000868441        -0.002715214        -0.013875582
        -0.000244538         0.000021360         0.000412004        -0.010835406
         0.077929625        -0.011435183         0.026757162        -0.000068811
         0.000033518        -0.000032629        -0.027108827         0.039529327
        -0.012073500         0.012194344        -0.037965241        -0.001247853
        -0.001477861         0.039798353         0.012322940        -0.037876381
        -0.012340660
          55           0.482260490    0    0
         0.000000000         0.000000000         0.000000000         0.000000000
         0.000000000         0.000000000         0.000000000         0.000000000
         0.000000000         0.000000000         0.000000000         0.000000000
         0.000000000         0.000000000         0.000000000         0.000000000
         0.000000000         0.000000000         0.000000000         0.000000000
         0.000000000         0.000000000         0.000000000         0.000000000
         0.000000000         0.000000000         0.000000000         0.000000000
         0.000000000         0.000000000         0.000000000         0.000000000
         0.000000000         0.000000000         0.000000000         0.000000000
         0.234663669        -0.234056763         0.193414779        -0.193159873
         0.232114748        -0.232146594         0.012292970        -0.011981591
         0.041630147        -0.042170871         0.058349747        -0.058575946
         0.343984494         0.067717561        -0.344197778        -0.068358582
        -0.308422600        -0.083301208         0.307777396         0.082740849
         0.174024224         0.070216977        -0.173921403        -0.070365216
        -0.228483860        -0.084001031        -0.012945696         0.229142015
         0.084350170         0.013263468        -0.000433483        -0.203831796
        -0.008418288        -0.000348763         0.000261634         0.000366265
        -0.012718966        -0.026212077        -0.073848105        -0.000060518
         0.000188809        -0.000139971         0.000058865         0.014013481
        -0.000088264         0.014084058         0.000058596         0.046444591
         0.009394870        -0.010108301        -0.048337211         0.002732533
        -0.002353583        -0.046488921         0.009777960         0.048255791
        -0.009367059
          56           0.453674908    0    0
         0.000000000         0.000000000         0.000000000         0.000000000
         0.000000000         0.000000000         0.000000000         0.000000000
         0.000000000         0.000000000         0.000000000         0.000000000
         0.000000000         0.000000000         0.000000000         0.000000000
         0.000000000         0.000000000         0.000000000         0.000000000
         0.000000000         0.000000000         0.000000000         0.000000000
         0.000000000         0.000000000         0.000000000         0.000000000
         0.000000000         0.000000000         0.000000000         0.000000000
         0.000000000         0.000000000         0.000000000         0.000000000
         0.028674632        -0.028151661         0.163886572        -0.168934615
        -0.136926073         0.142705793         0.018003230        -0.023273073
        -0.024457454         0.030984507        -0.567111805         0.574058950
         0.060591752         0.144488008        -0.057896926        -0.135942425
        -0.042234301         0.142383735         0.044587427        -0.132378592
         0.102636153         0.029341546        -0.114541564        -0.029844189
         0.084258104         0.014230578         0.128066090        -0.095714892
        -0.013650207        -0.134530975         0.006675500        -0.005346114
         0.224654002         0.003965339        -0.002000382        -0.002440157
         0.157699118         0.012846438        -0.005738866        -0.000169151
        -0.000052231         0.001226182         0.000241369        -0.073900120
         0.040912553         0.012349606         0.000182096         0.018390249
        -0.018104136        -0.018538887         0.010347908        -0.015350338
         0.011053208        -0.018946683         0.021045050        -0.011306803
         0.021389972
          57           0.449660724    0    0
         0.000000000         0.000000000         0.000000000         0.000000000
         0.000000000         0.000000000         0.000000000         0.000000000
         0.000000000         0.000000000         0.000000000         0.000000000
         0.000000000         0.000000000         0.000000000         0.000000000
         0.000000000         0.000000000         0.000000000         0.000000000
         0.000000000         0.000000000         0.000000000         0.000000000
         0.000000000         0.000000000         0.000000000         0.000000000
         0.000000000         0.000000000         0.000000000         0.000000000
         0.000000000         0.000000000         0.000000000         0.000000000
        -0.016517685        -0.017121982         0.150532160         0.144121864
        -0.154170224        -0.148252695         0.112790328         0.111660930
        -0.142776833        -0.141227366        -0.218867461        -0.195912905
        -0.042671886        -0.210274164        -0.044061742        -0.216071833
        -0.017295021        -0.244244256        -0.015872404        -0.250311641
         0.291812288         0.005017968         0.287773404         0.003625318
         0.272200050        -0.020931452         0.161820126         0.268204644
        -0.021961589         0.156580720        -0.334257519         0.000087779
         0.004503329        -0.098125784        -0.082647917        -0.016446073
         0.002162079         0.000149016        -0.000058836         0.010692135
         0.002444472        -0.037728586        -0.019495541        -0.001894999
         0.000762174         0.000243559        -0.007946148         0.008286214
        -0.077850987        -0.061892724         0.019358547         0.110189194
         0.110777566         0.007455795        -0.061075005         0.018713211
        -0.076869746
          58           0.424242059    0    0
         0.000000000         0.000000000         0.000000000         0.000000000
         0.000000000         0.000000000         0.000000000         0.000000000
         0.000000000         0.000000000         0.000000000         0.000000000
         0.000000000         0.000000000         0.000000000         0.000000000
         0.000000000         0.000000000         0.000000000         0.000000000
         0.000000000         0.000000000         0.000000000         0.000000000
         0.000000000         0.000000000         0.000000000         0.000000000
         0.000000000         0.000000000         0.000000000         0.000000000
         0.000000000         0.000000000         0.000000000         0.000000000
         0.027877853         0.027969830        -0.146256530        -0.146835537
         0.168613497         0.169804258         0.193491083         0.194432817
        -0.159351913        -0.160265341         0.414227883         0.416953147
        -0.268730274        -0.050070177        -0.270406964        -0.050421798
        -0.296776670        -0.032224927        -0.298642091        -0.032655473
         0.053094568         0.016225650         0.053981367         0.016282086
         0.080012362         0.013255349         0.015372765         0.080382624
         0.012958966         0.014933404        -0.024643025         0.000078836
         0.000450988        -0.248080321         0.102681094         0.020123450
         0.005623844         0.000063332         0.000070132         0.038156869
         0.016772475         0.009794407         0.003369632         0.000306497
        -0.000004946        -0.000042254         0.005410177        -0.009968771
        -0.014867055        -0.015954519        -0.015725167         0.008858201
         0.008920253        -0.009525893        -0.015833192        -0.015464299
        -0.014895781
          59           0.385604693    0    0
         0.000000000         0.000000000         0.000000000         0.000000000
         0.000000000         0.000000000         0.000000000         0.000000000
         0.000000000         0.000000000         0.000000000         0.000000000
         0.000000000         0.000000000         0.000000000         0.000000000
         0.000000000         0.000000000         0.000000000         0.000000000
         0.000000000         0.000000000         0.000000000         0.000000000
         0.000000000         0.000000000         0.000000000         0.000000000
         0.000000000         0.000000000         0.000000000         0.000000000
         0.000000000         0.000000000         0.000000000         0.000000000
         0.026054743        -0.025223660        -0.091343356         0.090801266
         0.086880137        -0.085632287         0.235632142        -0.234088367
        -0.242231499         0.242151976         0.106864394        -0.104801641
        -0.312093611         0.116344185         0.311354514        -0.116504330
        -0.367614463         0.123991325         0.366316692        -0.123582663
         0.153905559         0.030242008        -0.154066189        -0.030317503
         0.163290216         0.021911965         0.040057893        -0.162733628
        -0.021671869        -0.040399709         0.000161807        -0.008127931
         0.100455276        -0.002649226         0.003973763         0.003439925
        -0.185109234         0.013833619         0.003605486         0.000405844
         0.000257802         0.001486640        -0.000256780        -0.165953851
         0.040944533         0.013102631         0.000062804         0.052459673
        -0.027819324        -0.030340692         0.055327736        -0.006797981
         0.006792294        -0.052238149         0.030509815        -0.055436617
         0.027835098
          60           0.371305355    0    0
         0.000000000         0.000000000         0.000000000         0.000000000
         0.000000000         0.000000000         0.000000000         0.000000000
         0.000000000         0.000000000         0.000000000         0.000000000
         0.000000000         0.000000000         0.000000000         0.000000000
         0.000000000         0.000000000         0.000000000         0.000000000
         0.000000000         0.000000000         0.000000000         0.000000000
         0.000000000         0.000000000         0.000000000         0.000000000
         0.000000000         0.000000000         0.000000000         0.000000000
         0.000000000         0.000000000         0.000000000         0.000000000
        -0.344363892        -0.344826484        -0.174080517        -0.174109119
        -0.135566620        -0.135907558        -0.305320767        -0.306228615
        -0.313424211        -0.313265461         0.034660214         0.034480473
        -0.167690431         0.116048017        -0.167523371         0.115933196
         0.117144992        -0.080557180         0.118300672        -0.080664357
         0.106786936         0.023479159         0.106751816         0.023258419
        -0.110390983        -0.020976755        -0.008894086        -0.111038204
        -0.020841825        -0.009042445         0.026371822        -0.000008673
         0.000063270        -0.002599482         0.037696636        -0.237257965
        -0.003390058         0.000791521        -0.000458855        -0.004449386
        -0.087728507         0.054670309        -0.151959881         0.000618063
        -0.000029825         0.000108885        -0.073675146        -0.051024568
         0.016314260        -0.000848213         0.036423474        -0.001439644
        -0.001422422        -0.051020079        -0.000721806         0.036305247
         0.016143798
          61           0.307985185    0    0
         0.000000000         0.000000000         0.000000000         0.000000000
         0.000000000         0.000000000         0.000000000         0.000000000
         0.000000000         0.000000000         0.000000000         0.000000000
         0.000000000         0.000000000         0.000000000         0.000000000
         0.000000000         0.000000000         0.000000000         0.000000000
         0.000000000         0.000000000         0.000000000         0.000000000
         0.000000000         0.000000000         0.000000000         0.000000000
         0.000000000         0.000000000         0.000000000         0.000000000
         0.000000000         0.000000000         0.000000000         0.000000000
        -0.062761524        -0.067207236         0.275808766         0.278670669
         0.287207909         0.290288193         0.086809544         0.085132004
         0.094631430         0.092889262         0.013464545         0.012439848
        -0.133487097         0.012954485        -0.138225511         0.014304189
         0.140375854        -0.015655634         0.144436036        -0.015996209
         0.310385255        -0.082582191         0.317452699        -0.084000005
        -0.298865912         0.074364047         0.000115176        -0.304859964
         0.075563998        -0.000054561         0.017781848        -0.000662424
        -0.000046480        -0.008491277         0.016138596        -0.153645528
        -0.002343141         0.003514835         0.000588559         0.080596335
        -0.148607855        -0.062585173         0.195791922        -0.000799303
        -0.000333376         0.000703710         0.003001633        -0.048023600
         0.118271254        -0.111643871         0.046156325         0.002693151
         0.002751207        -0.046509594        -0.109441249         0.044787985
         0.115474203
          62           0.299117683    0    0
         0.000000000         0.000000000         0.000000000         0.000000000
         0.000000000         0.000000000         0.000000000         0.000000000
         0.000000000         0.000000000         0.000000000         0.000000000
         0.000000000         0.000000000         0.000000000         0.000000000
         0.000000000         0.000000000         0.000000000         0.000000000
         0.000000000         0.000000000         0.000000000         0.000000000
         0.000000000         0.000000000         0.000000000         0.000000000
         0.000000000         0.000000000         0.000000000         0.000000000
         0.000000000         0.000000000         0.000000000         0.000000000
        -0.220890127         0.218912652         0.144171815        -0.138539837
         0.156620248        -0.150657239        -0.068451890         0.069968711
        -0.079155639         0.080645298        -0.020645330         0.021250452
        -0.218871289         0.058345254         0.216036838        -0.057896872
         0.184520615        -0.023525181        -0.181986964         0.023127388
         0.331629610        -0.073333515        -0.325155388         0.071580636
        -0.297336380         0.070691464        -0.009467786         0.290922175
        -0.068845142         0.009379473         0.000329551         0.062246091
        -0.001722736         0.000071378         0.000167205        -0.002907040
         0.010289836        -0.322018706        -0.129827535         0.000822929
        -0.001071631        -0.000374301         0.001887318        -0.020341974
         0.027463548        -0.070455732        -0.000059486         0.069278077
        -0.135775590         0.117769070        -0.062011001         0.003016750
        -0.003035358        -0.070206449        -0.120241594         0.062863376
         0.138237497
          63           0.272407500    0    0
         0.000000000         0.000000000         0.000000000         0.000000000
         0.000000000         0.000000000         0.000000000         0.000000000
         0.000000000         0.000000000         0.000000000         0.000000000
         0.000000000         0.000000000         0.000000000         0.000000000
         0.000000000         0.000000000         0.000000000         0.000000000
         0.000000000         0.000000000         0.000000000         0.000000000
         0.000000000         0.000000000         0.000000000         0.000000000
         0.000000000         0.000000000         0.000000000         0.000000000
         0.000000000         0.000000000         0.000000000         0.000000000
        -0.000646663        -0.000699894        -0.046275316        -0.046390971
         0.029452997         0.029329812        -0.019508442        -0.019440303
         0.016138555         0.015992346         0.220014338         0.219936998
         0.216687558        -0.062580634         0.216431629        -0.062675536
         0.212761186        -0.058436020         0.212763365        -0.058352503
         0.204293701        -0.131009332         0.204361095        -0.131053848
         0.223191281        -0.128785566        -0.178729593         0.223472532
        -0.128768336        -0.178675732         0.407723834        -0.000035811
        -0.000750725        -0.201666841        -0.409398064        -0.032843057
        -0.006797367        -0.000152781        -0.000044810        -0.000124634
        -0.004419831        -0.044298606        -0.020954382        -0.000194703
         0.000001707        -0.000001884        -0.000618921        -0.003784723
         0.020064920         0.024390205        -0.008952663        -0.032040826
        -0.032082751        -0.003803788         0.024366211        -0.008863526
         0.020085403
$end
