$coord
   -0.03008990097958     -0.62326570417021     -0.00707175427929      mn
    5.65502383946087     -0.50555688908495     -0.02337388633344      o
    3.49279394753292     -0.55147169014780     -0.01712180459622      c
   -0.08250245816748     -4.11879111567554      0.06602802332842      c
   -0.11933787767964     -6.29241509072738      0.11156565398123      o
   -3.52425714374598     -0.46780622277585     -0.00222908228619      c
   -5.69051979034250     -0.33320472720245     -0.00005834028142      o
   -0.01221184204032     -0.23757789475626     -3.48737719484460      c
   -0.00306813793605      0.05655686361918     -5.63957583887705      o
    0.00485317381514     -0.09288867538310      3.45389167571537      c
    0.02428243599302      0.29086857454938      5.59190345475707      o
    0.08124522473093      3.39574984924222     -0.09103483525954      c
    1.97373154900165      4.65714695233072     -0.13191833635568      o
   -1.79785725564300      4.35291896718207     -0.09599632666864      h
$user-defined bonds
$redundant
     number_of_atoms            14
     degrees_of_freedom         36
     internal_coordinates       36
     frozen_coordinates          0
# definitions of redundant internals
   1 k  1.0000000000000 stre   2    3           val=   2.16273
   2 k  1.0000000000000 linc   2    1    3    8 val=   0.00761
   3 k  1.0000000000000 linp   2    1    3    8 val=  -0.04846
   4 k  1.0000000000000 stre   5    4           val=   2.17441
   5 k  1.0000000000000 linc   5    1    4    6 val=   0.11181
   6 k  1.0000000000000 linp   5    1    4    6 val=   0.00190
   7 k  1.0000000000000 stre   7    6           val=   2.17044
   8 k  1.0000000000000 linc   7    1    6    8 val=   0.14172
   9 k  1.0000000000000 linp   7    1    6    8 val=   0.99824
  10 k  1.0000000000000 stre   9    8           val=   2.17222
  11 k  1.0000000000000 linc   9    1    8    6 val=   0.13433
  12 k  1.0000000000000 linp   9    1    8    6 val=  -1.45309
  13 k  1.0000000000000 stre  11   10           val=   2.17227
  14 k  1.0000000000000 linc  11    1   10    6 val=   0.14163
  15 k  1.0000000000000 linp  11    1   10    6 val=   1.45742
  16 k  0.3535533905933 tors   8    1   12   13 val=  45.31185
        0.3535533905933 tors   8    1   12   14
        0.3535533905933 tors  10    1   12   13
        0.3535533905933 tors  10    1   12   14
        0.3535533905933 tors   6    1   12   13
        0.3535533905933 tors   6    1   12   14
        0.3535533905933 tors   3    1   12   13
        0.3535533905933 tors   3    1   12   14
  17 k  1.0000000000000 stre   1    4           val=   3.49668
  18 k  1.0000000000000 stre   1    8           val=   3.50166
  19 k  1.0000000000000 stre   1   10           val=   3.50154
  20 k  1.0000000000000 stre   1    6           val=   3.49763
  21 k  1.0000000000000 stre   1    3           val=   3.52363
  22 k -0.3495269260607 bend   8    4    1      val=   2.88278
       -0.3512059541779 bend  10    4    1
       -0.3590573008771 bend   6    4    1
        0.0569756472523 bend   6    8    1
        0.0558860189688 bend   6   10    1
       -0.3435847859630 bend   3    4    1
        0.0663296233305 bend   3    8    1
        0.0652488174627 bend   3   10    1
        0.3505236300924 bend  12    8    1
        0.3503071326584 bend  12   10    1
        0.3563574737956 bend  12    6    1
        0.3462854387181 bend  12    3    1
  23 k  0.0050787338997 bend   8    4    1      val=   0.17950
        0.0071688972059 bend  10    4    1
       -0.3830863153771 bend   6    4    1
       -0.3674992654402 bend   6    8    1
       -0.3656153221719 bend   6   10    1
        0.3937269102534 bend   3    4    1
        0.3640888101473 bend   3    8    1
        0.3654715965645 bend   3   10    1
        0.0023267064300 bend  12    8    1
        0.0034164791713 bend  12   10    1
       -0.2909891967905 bend  12    6    1
        0.2803472605011 bend  12    3    1
  24 k  0.4393806077958 bend   8    4    1      val=   0.01322
       -0.4382040371892 bend  10    4    1
       -0.0001916900801 bend   6    4    1
        0.3602712997999 bend   6    8    1
       -0.3621968052626 bend   6   10    1
        0.0015483014121 bend   3    4    1
        0.3509790998294 bend   3    8    1
       -0.3494598349771 bend   3   10    1
        0.2324857277156 bend  12    8    1
       -0.2336197993310 bend  12   10    1
       -0.0010593671913 bend  12    6    1
        0.0002878031905 bend  12    3    1
  25 k -0.0144752229018 bend   8    4    1      val=   0.00394
        0.0144393339819 bend  10    4    1
        0.0007086612080 bend   6    4    1
       -0.4934231578816 bend   6    8    1
        0.4935523915329 bend   6   10    1
       -0.0007136309827 bend   3    4    1
        0.5050800233996 bend   3    8    1
       -0.5052045138836 bend   3   10    1
        0.0330442534059 bend  12    8    1
       -0.0330174435467 bend  12   10    1
       -0.0007288023369 bend  12    6    1
        0.0007415284163 bend  12    3    1
  26 k -0.0076990969403 bend   8    4    1      val=  -0.52977
       -0.0084253728029 bend  10    4    1
        0.5230521920906 bend   6    4    1
       -0.0991348803916 bend   6    8    1
       -0.1002558948335 bend   6   10    1
       -0.5219809770265 bend   3    4    1
        0.0992353153233 bend   3    8    1
        0.1008086344033 bend   3   10    1
        0.0079275054807 bend  12    8    1
        0.0087956289906 bend  12   10    1
       -0.4553940408654 bend  12    6    1
        0.4543226414633 bend  12    3    1
  27 k -0.4642386670749 bend   8    4    1      val=   0.00776
        0.4639115024590 bend  10    4    1
        0.0003313006147 bend   6    4    1
        0.1454013923051 bend   6    8    1
       -0.1455140521382 bend   6   10    1
       -0.0004905196405 bend   3    4    1
        0.0959588710649 bend   3    8    1
       -0.0957309041602 bend   3   10    1
        0.5044353592502 bend  12    8    1
       -0.5041076372837 bend  12   10    1
       -0.0001474018629 bend  12    6    1
        0.0004989497794 bend  12    3    1
  28 k  0.3551575118611 bend   8    4    1      val=   6.25076
        0.3557001553581 bend  10    4    1
       -0.3573341114937 bend   6    4    1
        0.0399103591356 bend   6    8    1
        0.0394724520690 bend   6   10    1
       -0.3421899799694 bend   3    4    1
        0.0177706647234 bend   3    8    1
        0.0173496476600 bend   3   10    1
       -0.3557285292295 bend  12    8    1
       -0.3551085323694 bend  12   10    1
        0.3225685606417 bend  12    6    1
        0.3769560199776 bend  12    3    1
  29 k  0.0232908742470 bend   8    4    1      val=   0.48417
        0.0144719489260 bend  10    4    1
        0.2626162017402 bend   6    4    1
       -0.3299742404887 bend   6    8    1
       -0.3201450849798 bend   6   10    1
       -0.2886526148370 bend   3    4    1
        0.3217676826755 bend   3    8    1
        0.3312212444765 bend   3   10    1
       -0.0103398347789 bend  12    8    1
       -0.0230166289098 bend  12   10    1
        0.4720149349390 bend  12    6    1
       -0.4459909090751 bend  12    3    1
  30 k -0.3030342029706 bend   8    4    1      val=   0.02596
        0.3031510909177 bend  10    4    1
        0.0043504904728 bend   6    4    1
        0.3189571136171 bend   6    8    1
       -0.3284872840487 bend   6   10    1
       -0.0037255882607 bend   3    4    1
        0.3408224389582 bend   3    8    1
       -0.3313904116419 bend   3   10    1
       -0.4362205024985 bend  12    8    1
        0.4361666944019 bend  12   10    1
        0.0068229405375 bend  12    6    1
       -0.0065985280762 bend  12    3    1
  31 k  1.0000000000000 stre  12   13           val=   2.27471
  32 k  1.0000000000000 stre  12   14           val=   2.10884
  33 k  0.8161044043982 bend  14   13   12      val=  -0.38177
       -0.3861387092703 bend   1   13   12
       -0.4299656943582 bend   1   14   12
  34 k -0.0253035214766 bend  14   13   12      val=   4.87067
        0.7194189071078 bend   1   13   12
       -0.6941153851462 bend   1   14   12
  35 k  1.0000000000000 outp  13    1   14   12 val=  -0.00314
  36 k  1.0000000000000 stre   1   12           val=   4.02143
        36 non zero eigenvalues  of BmBt
           1           4.340846051    1    0
         1
           2           4.227613219    2    0
         2
           3           4.166592171    3    0
         3
           4           2.890382722    4    0
         4
           5           2.773597142    5    0
         5
           6           2.617782231    6    0
         6
           7           2.617733402    7    0
         7
           8           2.003235651    8    0
         8
           9           1.954037181    9    0
         9
          10           1.865400469   10    0
        10
          11           1.610971844   11    0
        11
          12           1.391050218   12    0
        12
          13           1.025965104   13    0
        13
          14           0.980016760   14    0
        14
          15           0.960265803   15    0
        15
          16           0.895773725   16    0
        16
          17           0.868955704   17    0
        17
          18           0.824163048   18    0
        18
          19           0.815496610   19    0
        19
          20           0.736909977   20    0
        20
          21           0.725135529   21    0
        21
          22           0.680837037   22    0
        22
          23           0.630339838   23    0
        23
          24           0.381837580   24    0
        24
          25           0.381806014   25    0
        25
          26           0.361526851   26    0
        26
          27           0.305073149   27    0
        27
          28           0.080173985   28    0
        28
          29           0.075066324   29    0
        29
          30           0.071665698   30    0
        30
          31           0.066747451   31    0
        31
          32           0.063423581   32    0
        32
          33           0.063308703   33    0
        33
          34           0.038772244   34    0
        34
          35           0.034798965   35    0
        35
          36           0.032981467   36    0
        36
$end
