$coord
   -0.02708255463450      0.00924296609593     -0.01595140459510      c
    2.03586528629060     -0.02033869947812      0.03515081230638      h
   -0.66312862355199      1.98660526866323     -0.05657356014829      h
   -0.66324418028383     -0.94431179464689     -1.74862969566446      h
   -0.85926783334109     -1.27775954107807      2.21335996660284      o
   -2.69045217747919     -1.27764249155609      2.21264315549864      h
$user-defined bonds
$redundant
     number_of_atoms             6
     degrees_of_freedom         12
     internal_coordinates       12
     frozen_coordinates          0
# definitions of redundant internals
   1 k  0.5773502691896 tors   3    1    5    6 val=  60.01036
        0.5773502691896 tors   4    1    5    6
        0.5773502691896 tors   2    1    5    6
   2 k  1.0000000000000 stre   1    3           val=   2.07754
   3 k  1.0000000000000 stre   1    4           val=   2.07753
   4 k  1.0000000000000 stre   1    2           val=   2.06379
   5 k  0.4082669626485 bend   4    3    1      val=  -0.64497
        0.4082397879318 bend   2    3    1
        0.4082397878588 bend   2    4    1
       -0.4082437260716 bend   5    3    1
       -0.4082437259706 bend   5    4    1
       -0.4082557515786 bend   5    2    1
   6 k -0.6777588340040 bend   4    3    1      val=  -1.27134
        0.3388963631555 bend   2    3    1
        0.3388963621496 bend   2    4    1
       -0.2276561391211 bend   5    3    1
       -0.2276561395523 bend   5    4    1
        0.4552876432936 bend   5    2    1
   7 k -0.0000000004877 bend   4    3    1      val=  -0.00009
       -0.6269449049575 bend   2    3    1
        0.6269449054694 bend   2    4    1
       -0.3270169505647 bend   5    3    1
        0.3270169501680 bend   5    4    1
        0.0000000003895 bend   5    2    1
   8 k  0.4552944344235 bend   4    3    1      val=  -1.63327
       -0.2276493481944 bend   2    3    1
       -0.2276493484069 bend   2    4    1
       -0.3388830392685 bend   5    3    1
       -0.3388830390440 bend   5    4    1
        0.6777721578554 bend   5    2    1
   9 k  0.3270169503613 bend   2    3    1      val=  -0.00027
       -0.3270169503714 bend   2    4    1
       -0.6269449050907 bend   5    3    1
        0.6269449053362 bend   5    4    1
       -0.0000000001310 bend   5    2    1
  10 k  1.0000000000000 stre   5    6           val=   1.83118
  11 k  1.0000000000000 bend   1    6    5      val= 107.89407
  12 k  1.0000000000000 stre   1    5           val=   2.70532
        12 non zero eigenvalues  of BmBt
           1           3.683598539    1    0
         1
           2           3.498060951    2    0
         2
           3           3.367743625    3    0
         3
           4           2.584399904    4    0
         4
           5           2.155281658    5    0
         5
           6           1.250992055    6    0
         6
           7           0.854642479    7    0
         7
           8           0.706487870    8    0
         8
           9           0.706392586    9    0
         9
          10           0.459349137   10    0
        10
          11           0.422322418   11    0
        11
          12           0.264613260   12    0
        12
$end
