$coord
   -1.57121439990828     -7.58850032058717      0.99386426105750      c
    0.50818181030971     -7.83646014046964     -0.48396087279468      c
    1.54106251962599     -5.44002044448295     -0.74553509172833      n
    0.17584380034147     -3.67886360890280      0.54965133236669      c
   -1.74301439744831     -5.04985929536132      1.60946797401953      n
   -2.91971338702409     -8.96178653138546      1.66123841507260      h
    1.35007449661993     -9.47396730897484     -1.35549275099703      h
   -2.36850535015599      7.61443446225126      2.68893551682004      c
   -0.21356571650342      4.02026804484998      1.67802035926253      c
   -2.54471558055283      5.12698661574928      1.88785680341977      n
    1.10036268668562      9.80597902835225      3.56094441889797      h
   -1.97990782369709      0.20962036797261     -3.63755269518383      i
    1.42004174659855     -0.18963420062823      5.85769419878434      i
    1.41276324565745      5.91022832259786      2.37476441185351      n
    0.33683273767398      0.21493345606266      0.91072801142708      rh
   -4.01462115081217      8.78087742977143      2.97271850214180      h
    0.12715676240415      8.11209491765953      2.98257536775547      c
    4.14572923851409      5.64845049098566      2.68337154346684      c
    4.56167489609276      3.71248214091365      3.24954667288876      h
    4.74925624921792      6.92925568921719      4.18311375596987      h
    5.13461223958007      6.12287724622668      0.93386139126479      h
   -4.94404721321287      3.77854244734253      1.67700843792090      c
   -6.40245132513021      5.10147608740191      1.06036681826971      h
   -5.45700078455263      2.97384492915929      3.51225117129142      h
   -4.73956134591372      2.28410221465065      0.27064649882839      h
   -3.87605502410717     -3.92494170510004      2.94990149940989      c
   -4.80524276193195     -5.38874354303460      4.06733139869858      h
   -5.21130990354668     -3.12441480509372      1.58802808412696      h
   -3.16393592977503     -2.45113908789416      4.21026381580139      h
    3.70615777158059     -4.90678411207222     -2.37516188159535      c
    3.25712141174060     -3.26712933127672     -3.54328465056693      h
    4.00498634289310     -6.54533257337736     -3.59091728829323      h
    5.38885400903782     -4.52648397850714     -1.25096443137931      h
    3.76538387045189      0.71195463455774     -0.38905394948353      c
    5.56993907721653     -0.37213856094307      0.49417595933756      o
    4.04552178767280      2.51844999920106     -2.62464747917373      c
    5.99106330070341      3.21927521937774     -2.68090526415320      h
    2.67206231115634      4.04990275562301     -2.55743576185723      h
    3.64845547249775      1.43016831416740     -4.33988661194750      h
$user-defined bonds
$redundant
     number_of_atoms            39
     degrees_of_freedom        111
     internal_coordinates      111
     frozen_coordinates          0
# definitions of redundant internals
   1 k  1.0000000000000 stre   1    6           val=   2.03709
   2 k  0.7071068094473 bend   2    6    1      val=   4.56479
       -0.7071067529258 bend   5    6    1
   3 k  1.0000000000000 outp   6    5    2    1 val=  -0.22074
   4 k  1.0000000000000 stre   2    7           val=   2.03710
   5 k  0.7071068428557 bend   1    7    2      val=   4.66821
       -0.7071067195174 bend   3    7    2
   6 k  1.0000000000000 outp   7    3    1    2 val=   0.34460
   7 k  1.0000000000000 stre  17   11           val=   2.03737
   8 k  0.7071079623966 bend   8   11   17      val=   4.62709
       -0.7071055999746 bend  14   11   17
   9 k  1.0000000000000 outp  11   14    8   17 val=  -0.01969
  10 k  1.0000000000000 stre  15   13           val=   5.08030
  11 k  1.0000000000000 stre  15   12           val=   5.10433
  12 k  0.6850025743495 bend  34   13   15      val=   0.65639
       -0.6879343191390 bend  34   12   15
       -0.1707098281885 bend   4   13   15
        0.1637031693828 bend   4   12   15
        0.0355931832659 bend   9   13   15
       -0.0176181123914 bend   9   12   15
  13 k -0.1298780891736 bend  34   13   15      val=  -3.84764
        0.1401762516937 bend  34   12   15
       -0.4660278480830 bend   4   13   15
        0.4830152205109 bend   4   12   15
        0.4967877700457 bend   9   13   15
       -0.5159443317962 bend   9   12   15
  14 k  0.0184274606567 bend  34   13   15      val=   4.06138
        0.0399789353172 bend  34   12   15
       -0.5061918555490 bend   4   13   15
       -0.4947070017515 bend   4   12   15
        0.5077315923333 bend   9   13   15
        0.4891886459897 bend   9   12   15
  15 k  0.7029844793802 bend  34   13   15      val=  65.58992
        0.6951873154927 bend  34   12   15
       -0.0458496585519 bend   4   13   15
       -0.0573096646441 bend   4   12   15
       -0.0941482133319 bend   9   13   15
       -0.0909777071813 bend   9   12   15
  16 k  1.0000000000000 stre   8   16           val=   2.03736
  17 k  0.7071073686731 bend  17   16    8      val=   4.57872
       -0.7071061936995 bend  10   16    8
  18 k  1.0000000000000 outp  16   10   17    8 val=   0.04925
  19 k  0.4082482904639 tors  19   18   14    9 val= 118.98183
        0.4082482904639 tors  19   18   14   17
        0.4082482904639 tors  20   18   14    9
        0.4082482904639 tors  20   18   14   17
        0.4082482904639 tors  21   18   14    9
        0.4082482904639 tors  21   18   14   17
  20 k  1.0000000000000 stre  18   19           val=   2.05950
  21 k  1.0000000000000 stre  18   20           val=   2.06251
  22 k  1.0000000000000 stre  18   21           val=   2.06489
  23 k  0.3709544264585 bend  20   19   18      val=   1.01786
        0.4529779063980 bend  21   19   18
        0.4069367647466 bend  21   20   18
       -0.4043626553984 bend  14   19   18
       -0.4187119353405 bend  14   20   18
       -0.3908675701901 bend  14   21   18
  24 k  0.6751002485196 bend  20   19   18      val=   0.63491
       -0.1629329698848 bend  21   19   18
       -0.4498711686412 bend  21   20   18
        0.3092450088197 bend  14   19   18
        0.1110379903817 bend  14   20   18
       -0.4553531844742 bend  14   21   18
  25 k  0.1924115159676 bend  20   19   18      val=   0.72404
       -0.6435661848922 bend  21   19   18
        0.5183012848610 bend  21   20   18
       -0.3239100367135 bend  14   19   18
        0.4014746194614 bend  14   20   18
       -0.1185941412649 bend  14   21   18
  26 k  0.3045988426937 bend  20   19   18      val=   0.55974
        0.1388965915877 bend  21   19   18
       -0.4394718296441 bend  21   20   18
       -0.6704991603313 bend  14   19   18
        0.2322584536432 bend  14   20   18
        0.4373541808768 bend  14   21   18
  27 k -0.3461780527592 bend  20   19   18      val=  -0.24585
        0.4050669172865 bend  21   19   18
       -0.0756030250244 bend  21   20   18
       -0.1285176541367 bend  14   19   18
        0.6584364901116 bend  14   20   18
       -0.5102061661522 bend  14   21   18
  28 k  0.4082482904639 tors  25   22   10    8 val=  60.04628
        0.4082482904639 tors  25   22   10    9
        0.4082482904639 tors  23   22   10    8
        0.4082482904639 tors  23   22   10    9
        0.4082482904639 tors  24   22   10    8
        0.4082482904639 tors  24   22   10    9
  29 k  1.0000000000000 stre  22   25           val=   2.06229
  30 k  1.0000000000000 stre  22   23           val=   2.06333
  31 k  1.0000000000000 stre  22   24           val=   2.06852
  32 k  0.4184657087752 bend  23   25   22      val=   0.73247
        0.4250434697295 bend  24   25   22
        0.3846883566685 bend  24   23   22
       -0.3988148308045 bend  10   25   22
       -0.4119409142675 bend  10   23   22
       -0.4092563763048 bend  10   24   22
  33 k -0.5663654823359 bend  23   25   22      val=   1.02986
       -0.0117711741683 bend  24   25   22
        0.6144133521627 bend  24   23   22
       -0.4058217226143 bend  10   25   22
        0.0117768566946 bend  10   23   22
        0.3698078523531 bend  10   24   22
  34 k  0.3796092025788 bend  23   25   22      val=   0.37587
       -0.6798329646437 bend  24   25   22
        0.3300200019553 bend  24   23   22
       -0.2116071815126 bend  10   25   22
        0.4301742450141 bend  10   23   22
       -0.2344852052250 bend  10   24   22
  35 k  0.3565324700176 bend  23   25   22      val=   0.33199
        0.0503852055678 bend  24   25   22
       -0.4150942992510 bend  24   23   22
       -0.6214837200840 bend  10   25   22
        0.0790500210763 bend  10   23   22
        0.5527673393488 bend  10   24   22
  36 k  0.2591595718178 bend  23   25   22      val=   0.00371
       -0.4309303532643 bend  24   25   22
        0.1771148926529 bend  24   23   22
        0.2728683305538 bend  10   25   22
       -0.6877421718550 bend  10   23   22
        0.4102672799581 bend  10   24   22
  37 k  0.4082482904639 tors  27   26    5    1 val= 110.31586
        0.4082482904639 tors  27   26    5    4
        0.4082482904639 tors  29   26    5    1
        0.4082482904639 tors  29   26    5    4
        0.4082482904639 tors  28   26    5    1
        0.4082482904639 tors  28   26    5    4
  38 k  1.0000000000000 stre  26   27           val=   2.06271
  39 k  1.0000000000000 stre  26   29           val=   2.06585
  40 k  1.0000000000000 stre  26   28           val=   2.06844
  41 k  0.4043739412533 bend  29   27   26      val=   0.58781
        0.3898756268712 bend  28   27   26
        0.4318290209456 bend  28   29   26
       -0.4177569528309 bend   5   27   26
       -0.4001883915940 bend   5   29   26
       -0.4041420387328 bend   5   28   26
  42 k -0.5531033316759 bend  29   27   26      val=   0.69053
        0.6251928266975 bend  28   27   26
       -0.0530775212440 bend  28   29   26
        0.0368710010865 bend   5   27   26
       -0.4104627779901 bend   5   29   26
        0.3613229135235 bend   5   28   26
  43 k  0.4112566918118 bend  29   27   26      val=   0.33540
        0.3037231576370 bend  28   27   26
       -0.6717950546760 bend  28   29   26
        0.4259709077653 bend   5   27   26
       -0.1954194592232 bend   5   29   26
       -0.2601376600232 bend   5   28   26
  44 k  0.3519092029575 bend  29   27   26      val=   0.21414
       -0.4160435811479 bend  28   27   26
        0.0597000241800 bend  28   29   26
        0.0931055089270 bend   5   27   26
       -0.6300087657560 bend   5   29   26
        0.5421474687300 bend   5   28   26
  45 k -0.2682627037206 bend  29   27   26      val=   0.10529
       -0.1678288141780 bend  28   27   26
        0.4323204311926 bend  28   29   26
        0.6850650961223 bend   5   27   26
       -0.2586141343062 bend   5   29   26
       -0.4204428609331 bend   5   28   26
  46 k  0.4082482904639 tors  33   30    3    2 val= 104.53296
        0.4082482904639 tors  33   30    3    4
        0.4082482904639 tors  32   30    3    2
        0.4082482904639 tors  32   30    3    4
        0.4082482904639 tors  31   30    3    2
        0.4082482904639 tors  31   30    3    4
  47 k  1.0000000000000 stre  30   33           val=   2.05911
  48 k  1.0000000000000 stre  30   32           val=   2.06209
  49 k  1.0000000000000 stre  30   31           val=   2.06267
  50 k  0.4418304529636 bend  32   33   30      val=   0.81321
        0.4176280136659 bend  31   33   30
        0.3674138014078 bend  31   32   30
       -0.3919983409952 bend   3   33   30
       -0.4063992498416 bend   3   32   30
       -0.4201865561340 bend   3   31   30
  51 k -0.3756797609230 bend  32   33   30      val=   0.64418
       -0.2443812491513 bend  31   33   30
        0.7004412373334 bend  31   32   30
       -0.4673405749374 bend   3   33   30
        0.1655378837971 bend   3   32   30
        0.2504288150036 bend   3   31   30
  52 k  0.5526808925500 bend  32   33   30      val=   0.10488
       -0.6392224794176 bend  31   33   30
        0.0708879068897 bend  31   32   30
       -0.0438281003014 bend   3   33   30
        0.4031669815649 bend   3   32   30
       -0.3412460110740 bend   3   31   30
  53 k  0.0631284775961 bend  32   33   30      val=   0.74252
       -0.4062824780512 bend  31   33   30
        0.3565982260386 bend  31   32   30
        0.5255342640252 bend   3   33   30
       -0.6449496924511 bend   3   32   30
        0.1078919833619 bend   3   31   30
  54 k  0.4317386811725 bend  32   33   30      val=   0.10439
       -0.1523782922454 bend  31   33   30
       -0.2880282933344 bend  31   32   30
       -0.4206982271134 bend   3   33   30
       -0.2493333387082 bend   3   32   30
        0.6843012183117 bend   3   31   30
  55 k  1.0000000000000 stre  34   35           val=   2.28293
  56 k -0.7071060932375 bend  15   35   34      val=  -0.43328
        0.7071074691350 bend  36   35   34
  57 k  1.0000000000000 outp  35   36   15   34 val=  -0.87942
  58 k  0.5773502691896 tors  38   36   34   15 val=  35.39364
        0.5773502691896 tors  39   36   34   15
        0.5773502691896 tors  37   36   34   15
  59 k  1.0000000000000 stre  36   38           val=   2.05822
  60 k  1.0000000000000 stre  36   39           val=   2.06980
  61 k  1.0000000000000 stre  36   37           val=   2.06868
  62 k  0.3320019043054 bend  39   38   36      val=   0.39759
        0.4957155082103 bend  37   38   36
        0.3891334227283 bend  37   39   36
       -0.4211159639219 bend  34   38   36
       -0.4202503275972 bend  34   39   36
       -0.3723802584155 bend  34   37   36
  63 k -0.6363536545215 bend  39   38   36      val=   0.75840
        0.0187133272953 bend  37   38   36
        0.5489299090233 bend  37   39   36
       -0.3424056960457 bend  34   38   36
       -0.0011366157249 bend  34   39   36
        0.4196865975446 bend  34   37   36
  64 k  0.3933290319059 bend  39   38   36      val=   1.68195
       -0.7089057635269 bend  37   38   36
        0.4803807602425 bend  37   39   36
       -0.1838424450008 bend  34   38   36
        0.2361798800695 bend  34   39   36
       -0.1496670837346 bend  34   37   36
  65 k -0.4013205704406 bend  39   38   36      val=   2.49607
        0.0622628315922 bend  37   38   36
        0.3538490373524 bend  37   39   36
        0.5232373269855 bend  34   38   36
        0.1328992913168 bend  34   39   36
       -0.6468512010692 bend  34   37   36
  66 k -0.0760626666611 bend  39   38   36      val=   0.71629
        0.2614066371397 bend  37   38   36
       -0.1936926907286 bend  37   39   36
       -0.4739665647978 bend  34   38   36
        0.7726771870838 bend  34   39   36
       -0.2582437654079 bend  34   37   36
  67 k  1.0000000000000 stre  14   18           val=   2.76276
  68 k  0.7072791282753 bend   9   18   14      val=   1.53326
       -0.7069343920804 bend  17   18   14
  69 k  1.0000000000000 outp  18   17    9   14 val=   4.25921
  70 k  1.0000000000000 stre  10   22           val=   2.76035
  71 k  0.7072648725180 bend   9   22   10      val=   0.78129
       -0.7069486545019 bend   8   22   10
  72 k  1.0000000000000 outp  22    8    9   10 val=  -7.19893
  73 k  1.0000000000000 stre   5   26           val=   2.75900
  74 k  0.7071312028291 bend   4   26    5      val=  -0.12170
       -0.7070823587005 bend   1   26    5
  75 k  1.0000000000000 outp  26    1    4    5 val=  -6.01222
  76 k  1.0000000000000 stre   3   30           val=   2.76182
  77 k  0.7071474382578 bend   4   30    3      val=   1.24762
       -0.7070661217774 bend   2   30    3
  78 k  1.0000000000000 outp  30    2    4    3 val=   3.63425
  79 k  0.7071067811865 tors  36   34   15    4 val=  32.86243
        0.7071067811865 tors  36   34   15    9
  80 k  1.0000000000000 stre  34   36           val=   2.88787
  81 k  1.0000000000000 bend  15   36   34      val= 116.47721
  82 k  0.5000000000000 tors  34   15    4    3 val=   6.45363
        0.5000000000000 tors  34   15    4    5
       -0.5000000000000 tors  34   15    9   10
       -0.5000000000000 tors  34   15    9   14
  83 k  1.0000000000000 stre  15   34           val=   3.70019
  84 k  0.7085479953799 bend   4   34   15      val=   2.23819
       -0.7056626235271 bend   9   34   15
  85 k  1.0000000000000 stre   4   15           val=   3.91382
  86 k  1.0000000000000 stre  15    9           val=   3.92075
  87 k  1.0000000000000 linc   9    4   15    5 val=  12.06775
  88 k  1.0000000000000 linp   9    4   15    5 val=   0.37733
  89 k  1.0000000000000 stre   4    3           val=   2.57740
  90 k  1.0000000000000 stre   3    2           val=   2.62263
  91 k  1.0000000000000 stre   2    1           val=   2.56307
  92 k  1.0000000000000 stre   1    5           val=   2.61786
  93 k  1.0000000000000 stre   5    4           val=   2.58551
  94 k -0.5116672736017 bend   4    2    3      val=  -3.37524
        0.1954395075848 bend   3    1    2
        0.1954395075849 bend   2    5    1
       -0.5116672736017 bend   1    4    5
        0.6324555320337 bend   5    3    4
  95 k  0.3717480344602 bend   4    2    3      val=  -0.15128
       -0.6015009550075 bend   3    1    2
        0.6015009550075 bend   2    5    1
       -0.3717480344602 bend   1    4    5
  96 k -0.5116672736017 tors   2    1    5    4 val=  -0.31574
        0.1954395075848 tors   1    5    4    3
        0.1954395075849 tors   5    4    3    2
       -0.5116672736017 tors   4    3    2    1
        0.6324555320337 tors   3    2    1    5
  97 k  0.3717480344602 tors   2    1    5    4 val=  -0.20288
       -0.6015009550075 tors   1    5    4    3
        0.6015009550075 tors   5    4    3    2
       -0.3717480344602 tors   4    3    2    1
  98 k  0.5000000000000 tors   3    4    9   10 val=  48.18809
        0.5000000000000 tors   3    4    9   14
        0.5000000000000 tors   5    4    9   10
        0.5000000000000 tors   5    4    9   14
  99 k -0.7063100467764 bend  15    3    4      val=  -6.57086
        0.7079026188839 bend  15    5    4
 100 k  1.0000000000000 outp   3   15    5    4 val=  -4.01849
 101 k  1.0000000000000 stre   9   10           val=   2.58904
 102 k  1.0000000000000 stre  10    8           val=   2.61919
 103 k  1.0000000000000 stre   8   17           val=   2.56168
 104 k  1.0000000000000 stre  17   14           val=   2.62115
 105 k  1.0000000000000 stre  14    9           val=   2.58889
 106 k -0.5116672736017 bend   9    8   10      val=  -3.50131
        0.1954395075848 bend  10   17    8
        0.1954395075849 bend   8   14   17
       -0.5116672736017 bend  17    9   14
        0.6324555320337 bend  14   10    9
 107 k  0.3717480344602 bend   9    8   10      val=   0.08562
       -0.6015009550075 bend  10   17    8
        0.6015009550075 bend   8   14   17
       -0.3717480344602 bend  17    9   14
 108 k -0.5116672736017 tors   8   17   14    9 val=  -0.40162
        0.1954395075848 tors  17   14    9   10
        0.1954395075849 tors  14    9   10    8
       -0.5116672736017 tors   9   10    8   17
        0.6324555320337 tors  10    8   17   14
 109 k  0.3717480344602 tors   8   17   14    9 val=   0.09071
       -0.6015009550075 tors  17   14    9   10
        0.6015009550075 tors  14    9   10    8
       -0.3717480344602 tors   9   10    8   17
 110 k -0.7024168143108 bend  15   10    9      val=   5.06791
        0.7117658456076 bend  15   14    9
 111 k  1.0000000000000 outp  14   10   15    9 val=   6.60875
       111 non zero eigenvalues  of BmBt
           1           6.595690692    1    0
         1
           2           6.304681896    2    0
         2
           3           6.105848242    3    0
         3
           4           6.083187067    4    0
         4
           5           5.189135480    5    0
         5
           6           4.259768996    6    0
         6
           7           4.157025447    7    0
         7
           8           4.107805201    8    0
         8
           9           4.099459328    9    0
         9
          10           4.062714307   10    0
        10
          11           4.001922859   11    0
        11
          12           3.975927654   12    0
        12
          13           3.933219782   13    0
        13
          14           3.900782720   14    0
        14
          15           3.699738728   15    0
        15
          16           3.485388814   16    0
        16
          17           3.386594928   17    0
        17
          18           3.367505796   18    0
        18
          19           3.326786599   19    0
        19
          20           3.317734696   20    0
        20
          21           3.297841152   21    0
        21
          22           3.277488597   22    0
        22
          23           3.235381766   23    0
        23
          24           3.164341657   24    0
        24
          25           3.112475852   25    0
        25
          26           2.933329736   26    0
        26
          27           2.873230749   27    0
        27
          28           2.719668185   28    0
        28
          29           2.648542744   29    0
        29
          30           2.616151209   30    0
        30
          31           2.352561771   31    0
        31
          32           2.181204324   32    0
        32
          33           2.104609803   33    0
        33
          34           2.063048658   34    0
        34
          35           2.049592860   35    0
        35
          36           2.020214828   36    0
        36
          37           1.907105405   37    0
        37
          38           1.778337428   38    0
        38
          39           1.728611668   39    0
        39
          40           1.653653622   40    0
        40
          41           1.587579104   41    0
        41
          42           1.489708037   42    0
        42
          43           1.363129892   43    0
        43
          44           1.293667753   44    0
        44
          45           1.208080613   45    0
        45
          46           1.119570804   46    0
        46
          47           0.973862988   47    0
        47
          48           0.948966710   48    0
        48
          49           0.890793185   49    0
        49
          50           0.857408267   50    0
        50
          51           0.857024086   51    0
        51
          52           0.834053289   52    0
        52
          53           0.749331771   53    0
        53
          54           0.715053576   54    0
        54
          55           0.701131225   55    0
        55
          56           0.700217272   56    0
        56
          57           0.698725856   57    0
        57
          58           0.697312168   58    0
        58
          59           0.697184240   59    0
        59
          60           0.696903911   60    0
        60
          61           0.695782936   61    0
        61
          62           0.695296651   62    0
        62
          63           0.694657645   63    0
        63
          64           0.686734001   64    0
        64
          65           0.665588733   65    0
        65
          66           0.539162302   66    0
        66
          67           0.531910510   67    0
        67
          68           0.499029312   68    0
        68
          69           0.478135945   69    0
        69
          70           0.470285944   70    0
        70
          71           0.376081044   71    0
        71
          72           0.370675288   72    0
        72
          73           0.367305197   73    0
        73
          74           0.367114043   74    0
        74
          75           0.354041943   75    0
        75
          76           0.353372375   76    0
        76
          77           0.346147927   77    0
        77
          78           0.338827177   78    0
        78
          79           0.308320865   79    0
        79
          80           0.304034445   80    0
        80
          81           0.290834036   81    0
        81
          82           0.276393306   82    0
        82
          83           0.248003213   83    0
        83
          84           0.238429360   84    0
        84
          85           0.236293471   85    0
        85
          86           0.210291281   86    0
        86
          87           0.160101078   87    0
        87
          88           0.138416006   88    0
        88
          89           0.124787053   89    0
        89
          90           0.117156909   90    0
        90
          91           0.110631703   91    0
        91
          92           0.106152607   92    0
        92
          93           0.088447090   93    0
        93
          94           0.083079073   94    0
        94
          95           0.074975122   95    0
        95
          96           0.074602285   96    0
        96
          97           0.067163143   97    0
        97
          98           0.061568065   98    0
        98
          99           0.048357956   99    0
        99
         100           0.041335084  100    0
       100
         101           0.032634522  101    0
       101
         102           0.028439740  102    0
       102
         103           0.022207555  103    0
       103
         104           0.017993230  104    0
       104
         105           0.014406152  105    0
       105
         106           0.012312679  106    0
       106
         107           0.012015187  107    0
       107
         108           0.009688511  108    0
       108
         109           0.008622623  109    0
       109
         110           0.004100120  110    0
       110
         111           0.002489070  111    0
       111
$end
