$coord
   -1.30505201545295     -0.56730863923911      1.32134036918493      pt
    2.90390106170968     -0.57950843477567      1.35013106402450      c
    2.14175911481315      1.93510345137955      1.27067440690189      c
    2.15904925044623      3.58619144221495     -1.07923721874849      c
   -0.39916984819238      3.60378742445768     -2.49879022342103      c
   -1.73630981670462      1.07763290351433     -2.52883801038213      c
   -0.60442833230493     -1.27664365723463     -2.82208461375089      c
    2.19155794250299     -1.70725008193577     -3.31698811168881      c
    3.74057845051309     -2.16318008234616     -0.87740487109158      c
   -1.45840039999787     -0.91032903236714      5.22840749776208      c
   -5.00521779572755     -1.87898702264078      1.30500321622363      c
    3.37985300543038     -1.36054584517744      3.19237548781496      h
    2.01856118867353      2.92819703589284      3.06584738916249      h
    3.67883024933342      2.98377491568399     -2.34292062994145      h
    2.60722242427219      5.52688093978377     -0.51817468508062      h
   -1.66347797507277      4.95741570268128     -1.57459974219495      h
   -0.12015968716667      4.29433821158786     -4.44109683798779      h
   -3.77347730052917      1.18144295920918     -2.79307182562084      h
   -1.84507987602916     -2.86168552607921     -3.23681109049322      h
    2.96636989423750     -0.10903211406581     -4.37276385405562      h
    2.39727731274494     -3.36385696324476     -4.53986254276705      h
    3.54632877464933     -4.14923147634524     -0.32719977171574      h
    5.76199415205896     -1.85605955103814     -1.26060450321423      h
   -3.23598598489957     -0.15227255922714      5.96844126177131      h
    0.12370248850452      0.06536545475903      6.14865682223625      h
   -1.37111178439041     -2.92126469639007      5.72863928148413      h
   -5.25673123532870     -3.43293946410757      2.64747723133984      h
   -5.58304368294395     -2.51848231176670     -0.58158852029689      h
   -6.25933957515075     -0.33155298318245      1.88504302454383      h
$user-defined bonds
$end
