$coord
    0.95637650407986      0.94142187000869     -0.95537278830854      mo
    4.71122637964825      1.06995776035604     -0.86737287323932      c
    0.86595715524054      4.69646176128219     -1.07306770284935      c
    1.08242362965702      0.86193025888799     -4.71045829135847      c
    1.19992974904573      0.81177389226222     -6.91492237897388      o
    6.91546270799779      1.18923530897414     -0.81218455384074      o
    0.80915454278575      6.90104787005653     -1.18551845038166      o
    1.10343974259734     -3.78982122109892     -1.12947514948207      p
   -3.77514939231955      1.10490587035447     -1.09741178138880      p
    1.11821531384573      1.07349374022495      3.77674548228837      p
    1.47692548768114      4.26045484949650      5.12636047588316      c
    1.66256825204114      4.20599456411297      7.18782320891634      h
   -0.16089740351782      5.40963252906815      4.60975867267374      h
    3.15285681600260      5.14375241575794      4.30212588131790      h
   -1.45371485123191     -0.16883462056502      5.79036735436865      c
   -3.20374564570428      0.85710192047788      5.39660510556872      h
   -0.99932440609687      0.03597825244796      7.79994583942881      h
   -1.76573490125026     -2.16705877654001      5.37029005047690      h
    3.85207692997631     -0.53745095027915      5.21835671367995      c
    3.88934177957713     -0.28833996756969      7.27336306082649      h
    5.58652748627850      0.22850316131640      4.39851320917105      h
    3.77949714990545     -2.55661583432755      4.78327402790874      h
   -5.11468748162640      1.49412952343534     -4.28500111087914      c
   -7.17599084347174      1.68281802751121     -4.23521996627243      h
   -4.59729058419142     -0.13437514691333     -5.44702321887242      h
   -4.28485379730652      3.17640400930000     -5.15083201229021      h
   -5.79310091379223     -1.47783570462170      0.11494881617597      c
   -7.80197200130520     -1.02298702424994     -0.09577230907024      h
   -5.38234037499331     -1.80501210882971      2.11276317630344      h
   -5.39334367134314     -3.21962129420468     -0.92264642002703      h
   -5.22109388253376      3.82436923586720      0.53402353493140      c
   -7.27534265959237      3.86426709983536      0.27913646679013      h
   -4.39878560689608      5.56536771991157     -0.21428487513509      h
   -4.79224246484080      3.73395113545168      2.55374194765832      h
    4.29458923009835     -5.12706239006996     -1.49720558863661      c
    4.24714025444756     -7.18799087876503     -1.69055853306033      h
    5.44394944661167     -4.61267949017830      0.14120534060357      h
    5.17298163928105     -4.29340796560212     -3.17104580605226      h
   -0.12683241238768     -5.81507994103055      1.43902894578975      c
    0.08606050268982     -7.82257303360730      0.97914641119053      h
   -2.12646232664720     -5.40459144842220      1.75497159358921      h
    0.90011156310601     -5.42133684861858      3.18851799609558      h
   -0.50630210039943     -5.22952703055672     -3.86504919002607      c
   -0.25470726258380     -7.28416966384503     -3.90551761856245      h
    0.25874678901642     -4.40612871297625     -5.59823583171826      h
   -2.52591848357934     -4.79682377652572     -3.79202209521130      h
$user-defined bonds
$redundant
     number_of_atoms            46
     degrees_of_freedom        132
     internal_coordinates      132
     frozen_coordinates          0
# definitions of redundant internals
   1 k  1.0000000000000 stre   6    2           val=   2.20815
   2 k  1.0000000000000 linc   6    1    2    8 val=  -1.13902
   3 k  1.0000000000000 linp   6    1    2    8 val=   0.04930
   4 k  1.0000000000000 stre   7    3           val=   2.20818
   5 k  1.0000000000000 linc   7    1    3   10 val=  -1.12696
   6 k  1.0000000000000 linp   7    1    3   10 val=   0.05767
   7 k  1.0000000000000 stre   5    4           val=   2.20816
   8 k  1.0000000000000 linc   5    1    4    9 val=  -1.13077
   9 k  1.0000000000000 linp   5    1    4    9 val=   0.05124
  10 k  1.0000000000000 stre   1    3           val=   3.75797
  11 k  1.0000000000000 stre   1    4           val=   3.75804
  12 k  1.0000000000000 stre   1    2           val=   3.75808
  13 k  0.3125206128811 bend   4    3    1      val=   0.08014
        0.1029119157053 bend   2    3    1
       -0.4184144328962 bend   2    4    1
        0.3689918499365 bend   9    3    1
        0.3515656749545 bend   9    4    1
        0.1272941510140 bend  10    3    1
        0.0879490380450 bend  10    2    1
       -0.4554483986300 bend   8    4    1
       -0.4749146021746 bend   8    2    1
  14 k  0.3044814236543 bend   4    3    1      val=   0.01421
       -0.4195669122091 bend   2    3    1
        0.1240079166872 bend   2    4    1
        0.3120821119170 bend   9    3    1
        0.3460569224250 bend   9    4    1
       -0.4770471874044 bend  10    3    1
       -0.4784509932536 bend  10    2    1
        0.1601736205071 bend   8    4    1
        0.1287676458926 bend   8    2    1
  15 k  0.4738596279752 bend   4    3    1      val=   1.58074
        0.4788060553825 bend   2    3    1
        0.4722013230979 bend   2    4    1
       -0.2407271129740 bend   9    3    1
       -0.2254214169493 bend   9    4    1
       -0.2232752072043 bend  10    3    1
       -0.2349862542665 bend  10    2    1
       -0.2402982390814 bend   8    4    1
       -0.2272658467006 bend   8    2    1
  16 k -0.3117870790318 bend   4    3    1      val=   0.10442
       -0.1819614918096 bend   2    3    1
        0.4979053396349 bend   2    4    1
        0.4573662270378 bend   9    3    1
       -0.1848941768429 bend   9    4    1
        0.4420297900982 bend  10    3    1
       -0.3059989209092 bend  10    2    1
       -0.1513983983797 bend   8    4    1
       -0.2577833070259 bend   8    2    1
  17 k  0.3934561386066 bend   4    3    1      val=   0.07857
       -0.4669791289892 bend   2    3    1
        0.0758994344477 bend   2    4    1
        0.0881573446430 bend   9    3    1
       -0.4030232545610 bend   9    4    1
        0.0430847437975 bend  10    3    1
        0.3520037939360 bend  10    2    1
       -0.4415342417356 bend   8    4    1
        0.3611746420803 bend   8    2    1
  18 k -0.0030897354915 bend   4    3    1      val=   3.98311
        0.0001364983924 bend   2    3    1
       -0.0003590716854 bend   2    4    1
       -0.3981058777177 bend   9    3    1
        0.4186426295910 bend   9    4    1
        0.4186916623473 bend  10    3    1
       -0.3968666890200 bend  10    2    1
       -0.3974989334787 bend   8    4    1
        0.4188425547821 bend   8    2    1
  19 k  0.3333333333333 tors  14   11   10    1 val=  60.57911
        0.3333333333333 tors  14   11   10   15
        0.3333333333333 tors  14   11   10   19
        0.3333333333333 tors  13   11   10    1
        0.3333333333333 tors  13   11   10   15
        0.3333333333333 tors  13   11   10   19
        0.3333333333333 tors  12   11   10    1
        0.3333333333333 tors  12   11   10   15
        0.3333333333333 tors  12   11   10   19
  20 k  1.0000000000000 stre  11   14           val=   2.06599
  21 k  1.0000000000000 stre  11   13           val=   2.06639
  22 k  1.0000000000000 stre  11   12           val=   2.07052
  23 k  0.3430172497743 bend  13   14   11      val=   0.40378
        0.4398958905713 bend  12   14   11
        0.4464233531089 bend  12   13   11
       -0.4128457566163 bend  10   14   11
       -0.4123017621966 bend  10   13   11
       -0.3861380578864 bend  10   12   11
  24 k  0.7680278650796 bend  13   14   11      val=   1.67495
       -0.3549732436016 bend  12   14   11
       -0.2851766013137 bend  12   13   11
        0.1406774668198 bend  10   14   11
        0.1758374589194 bend  10   13   11
       -0.3899904347818 bend  10   12   11
  25 k  0.0457160707746 bend  13   14   11      val=   0.34058
        0.6323261629323 bend  12   14   11
       -0.6628878493813 bend  12   13   11
        0.2880862463754 bend  10   14   11
       -0.2742948400977 bend  10   13   11
       -0.0205431018094 bend  10   12   11
  26 k -0.3711176035574 bend  13   14   11      val=   0.04407
        0.1874011267215 bend  12   14   11
        0.1689593396441 bend  12   13   11
        0.3571097364594 bend  10   14   11
        0.3908204951298 bend  10   13   11
       -0.7199564294405 bend  10   12   11
  27 k -0.0080659317266 bend  13   14   11      val=  -0.19072
       -0.2783537985564 bend  12   14   11
        0.2848148624214 bend  12   13   11
        0.6596422967590 bend  10   14   11
       -0.6370274526682 bend  10   13   11
       -0.0200664543957 bend  10   12   11
  28 k  0.3333333333333 tors  18   15   10    1 val=  58.53327
        0.3333333333333 tors  18   15   10   11
        0.3333333333333 tors  18   15   10   19
        0.3333333333333 tors  16   15   10    1
        0.3333333333333 tors  16   15   10   11
        0.3333333333333 tors  16   15   10   19
        0.3333333333333 tors  17   15   10    1
        0.3333333333333 tors  17   15   10   11
        0.3333333333333 tors  17   15   10   19
  29 k  1.0000000000000 stre  15   18           val=   2.06560
  30 k  1.0000000000000 stre  15   16           val=   2.06645
  31 k  1.0000000000000 stre  15   17           val=   2.07046
  32 k  0.3850255898269 bend  16   18   15      val=   0.75662
        0.4363870356507 bend  17   18   15
        0.4192490031689 bend  17   16   15
       -0.4044184082213 bend  10   18   15
       -0.4071487617358 bend  10   16   15
       -0.3952563225871 bend  10   17   15
  33 k  0.7466149732717 bend  16   18   15      val=   0.92460
       -0.2781966403005 bend  17   18   15
       -0.4134888972460 bend  17   16   15
        0.2040433594852 bend  10   18   15
        0.1351758333152 bend  10   16   15
       -0.3664606996718 bend  10   17   15
  34 k  0.0884717780980 bend  16   18   15      val=   0.54881
       -0.6724274131539 bend  17   18   15
        0.6094050045036 bend  17   16   15
       -0.2755623015857 bend  10   18   15
        0.3019755723239 bend  10   16   15
       -0.0389336701292 bend  10   17   15
  35 k -0.3515112411833 bend  16   18   15      val=  -0.18115
        0.0999233293553 bend  17   18   15
        0.2456559859652 bend  17   16   15
        0.5123439326520 bend  10   18   15
        0.2059969365813 bend  10   16   15
       -0.7079387465916 bend  10   17   15
  36 k -0.0837431119696 bend  16   18   15      val=   0.12557
        0.3214510746858 bend  17   18   15
       -0.2416216553584 bend  17   16   15
       -0.5346307646938 bend  10   18   15
        0.7175025246482 bend  10   16   15
       -0.1750295575301 bend  10   17   15
  37 k  0.3333333333333 tors  21   19   10    1 val=  58.97005
        0.3333333333333 tors  21   19   10   11
        0.3333333333333 tors  21   19   10   15
        0.3333333333333 tors  22   19   10    1
        0.3333333333333 tors  22   19   10   11
        0.3333333333333 tors  22   19   10   15
        0.3333333333333 tors  20   19   10    1
        0.3333333333333 tors  20   19   10   11
        0.3333333333333 tors  20   19   10   15
  38 k  1.0000000000000 stre  19   21           val=   2.06571
  39 k  1.0000000000000 stre  19   22           val=   2.06678
  40 k  1.0000000000000 stre  19   20           val=   2.07039
  41 k  0.3566922619442 bend  22   21   19      val=   0.54132
        0.4373861728665 bend  20   21   19
        0.4399837876646 bend  20   22   19
       -0.4092874878164 bend  10   21   19
       -0.4108206255043 bend  10   22   19
       -0.3893435483270 bend  10   20   19
  42 k  0.7568819119740 bend  22   21   19      val=   1.48607
       -0.4081715698268 bend  20   21   19
       -0.2440101711122 bend  20   22   19
        0.1212438190859 bend  10   21   19
        0.2019653420228 bend  10   22   19
       -0.3814376938120 bend  10   20   19
  43 k  0.1021158085773 bend  22   21   19      val=   0.67157
        0.6004723426810 bend  20   21   19
       -0.6833128082600 bend  20   22   19
        0.3023088572496 bend  10   21   19
       -0.2619815681244 bend  10   22   19
       -0.0454306743640 bend  10   20   19
  44 k -0.3680722785935 bend  22   21   19      val=  -0.04268
        0.1618122301614 bend  20   21   19
        0.1933516460448 bend  20   22   19
        0.4162204730688 bend  10   21   19
        0.3284243806837 bend  10   22   19
       -0.7210081031749 bend  10   20   19
  45 k -0.0275787533352 bend  22   21   19      val=   0.43493
        0.2991515393447 bend  20   21   19
       -0.2699911364669 bend  20   22   19
       -0.6223895797950 bend  10   21   19
        0.6688690921347 bend  10   22   19
       -0.0458028781952 bend  10   20   19
  46 k  0.3333333333333 tors  26   23    9    1 val=  60.66622
        0.3333333333333 tors  26   23    9   27
        0.3333333333333 tors  26   23    9   31
        0.3333333333333 tors  25   23    9    1
        0.3333333333333 tors  25   23    9   27
        0.3333333333333 tors  25   23    9   31
        0.3333333333333 tors  24   23    9    1
        0.3333333333333 tors  24   23    9   27
        0.3333333333333 tors  24   23    9   31
  47 k  1.0000000000000 stre  23   26           val=   2.06599
  48 k  1.0000000000000 stre  23   25           val=   2.06640
  49 k  1.0000000000000 stre  23   24           val=   2.07052
  50 k  0.3444174714998 bend  25   26   23      val=   0.35745
        0.4388789350169 bend  24   26   23
        0.4457232413325 bend  24   25   23
       -0.4130033005979 bend   9   26   23
       -0.4122949727544 bend   9   25   23
       -0.3866960136811 bend   9   24   23
  51 k  0.7677849427304 bend  25   26   23      val=   1.58023
       -0.3540593295834 bend  24   26   23
       -0.2889092531535 bend  24   25   23
        0.1417732620493 bend   9   26   23
        0.1746829244805 bend   9   25   23
       -0.3886720138581 bend   9   24   23
  52 k  0.0428918800698 bend  25   26   23      val=   0.31625
        0.6334694984689 bend  24   26   23
       -0.6616399546475 bend  24   25   23
        0.2878848339680 bend   9   26   23
       -0.2754258912406 bend   9   25   23
       -0.0192912506916 bend   9   24   23
  53 k -0.3698925037728 bend  25   26   23      val=   0.02923
        0.1885336247157 bend  24   26   23
        0.1672326728698 bend  24   25   23
        0.3534990066380 bend   9   26   23
        0.3942459329073 bend   9   25   23
       -0.7206083803433 bend   9   24   23
  54 k -0.0101374932413 bend  25   26   23      val=  -0.18323
       -0.2776655926131 bend  24   26   23
        0.2861958782955 bend  24   25   23
        0.6613658677370 bend   9   26   23
       -0.6347571786334 bend   9   25   23
       -0.0238638287386 bend   9   24   23
  55 k  0.3333333333333 tors  29   27    9    1 val=  58.68246
        0.3333333333333 tors  29   27    9   23
        0.3333333333333 tors  29   27    9   31
        0.3333333333333 tors  30   27    9    1
        0.3333333333333 tors  30   27    9   23
        0.3333333333333 tors  30   27    9   31
        0.3333333333333 tors  28   27    9    1
        0.3333333333333 tors  28   27    9   23
        0.3333333333333 tors  28   27    9   31
  56 k  1.0000000000000 stre  27   29           val=   2.06568
  57 k  1.0000000000000 stre  27   30           val=   2.06645
  58 k  1.0000000000000 stre  27   28           val=   2.07047
  59 k  0.3838189195629 bend  30   29   27      val=   0.66964
        0.4369748457014 bend  28   29   27
        0.4188377906197 bend  28   30   27
       -0.4046921549277 bend   9   29   27
       -0.4075882068106 bend   9   30   27
       -0.3954832989742 bend   9   28   27
  60 k  0.7462081893061 bend  30   29   27      val=   0.96449
       -0.2714209629904 bend  28   29   27
       -0.4185454520377 bend  28   30   27
        0.2065886447374 bend   9   29   27
        0.1319736204440 bend   9   30   27
       -0.3663711219691 bend   9   28   27
  61 k  0.0960250682064 bend  30   29   27      val=   0.60566
       -0.6749266741868 bend  28   29   27
        0.6062750950885 bend  28   30   27
       -0.2731954297152 bend   9   29   27
        0.3020971603687 bend   9   30   27
       -0.0422521325191 bend   9   28   27
  62 k -0.3517662494474 bend  30   29   27      val=  -0.18937
        0.0997817452378 bend  28   29   27
        0.2456050065190 bend  28   30   27
        0.5123477531278 bend   9   29   27
        0.2061745513692 bend   9   30   27
       -0.7077952557572 bend   9   28   27
  63 k -0.0835066195285 bend  30   29   27      val=   0.12953
        0.3204053637001 bend  28   29   27
       -0.2410753150403 bend  28   30   27
       -0.5348669161586 bend   9   29   27
        0.7180120076766 bend   9   30   27
       -0.1750025106007 bend   9   28   27
  64 k  0.3333333333333 tors  33   31    9    1 val=  58.97463
        0.3333333333333 tors  33   31    9   23
        0.3333333333333 tors  33   31    9   27
        0.3333333333333 tors  34   31    9    1
        0.3333333333333 tors  34   31    9   23
        0.3333333333333 tors  34   31    9   27
        0.3333333333333 tors  32   31    9    1
        0.3333333333333 tors  32   31    9   23
        0.3333333333333 tors  32   31    9   27
  65 k  1.0000000000000 stre  31   33           val=   2.06573
  66 k  1.0000000000000 stre  31   34           val=   2.06672
  67 k  1.0000000000000 stre  31   32           val=   2.07039
  68 k  0.3598084278719 bend  34   33   31      val=   0.57698
        0.4364095463747 bend  32   33   31
        0.4385840023637 bend  32   34   31
       -0.4087159307497 bend   9   33   31
       -0.4106408649650 bend   9   34   31
       -0.3899410774825 bend   9   32   31
  69 k  0.7546450126238 bend  34   33   31      val=   1.35635
       -0.4163470402242 bend  32   33   31
       -0.2392164429210 bend  32   34   31
        0.1183121416831 bend   9   33   31
        0.2054928090709 bend   9   34   31
       -0.3790995687221 bend   9   32   31
  70 k  0.1097811558586 bend  34   33   31      val=   0.67672
        0.5953064265174 bend  32   33   31
       -0.6858456411399 bend  32   34   31
        0.3047023715651 bend   9   33   31
       -0.2606891026350 bend   9   34   31
       -0.0487008154424 bend   9   32   31
  71 k -0.3664796390265 bend  34   33   31      val=  -0.06641
        0.1585403321239 bend  32   33   31
        0.1959887162630 bend  32   34   31
        0.4227441873540 bend   9   33   31
        0.3209694496987 bend   9   34   31
       -0.7213958863101 bend   9   32   31
  72 k -0.0315404191995 bend  34   33   31      val=   0.45564
        0.3020968630042 bend  32   33   31
       -0.2687299108052 bend  32   34   31
       -0.6174940176403 bend   9   33   31
        0.6718350564958 bend   9   34   31
       -0.0535323958000 bend   9   32   31
  73 k  0.3333333333333 tors  38   35    8    1 val=  60.64582
        0.3333333333333 tors  38   35    8   39
        0.3333333333333 tors  38   35    8   43
        0.3333333333333 tors  37   35    8    1
        0.3333333333333 tors  37   35    8   39
        0.3333333333333 tors  37   35    8   43
        0.3333333333333 tors  36   35    8    1
        0.3333333333333 tors  36   35    8   39
        0.3333333333333 tors  36   35    8   43
  74 k  1.0000000000000 stre  35   38           val=   2.06598
  75 k  1.0000000000000 stre  35   37           val=   2.06640
  76 k  1.0000000000000 stre  35   36           val=   2.07052
  77 k  0.3443596349098 bend  37   38   35      val=   0.37268
        0.4389687580084 bend  36   38   35
        0.4458609941970 bend  36   37   35
       -0.4129633321030 bend   8   38   35
       -0.4122831622820 bend   8   37   35
       -0.3865420101725 bend   8   36   35
  78 k  0.7673940837890 bend  37   38   35      val=   1.57875
       -0.3597821698853 bend  36   38   35
       -0.2827413444132 bend  36   37   35
        0.1388428257578 bend   8   38   35
        0.1773635972413 bend   8   37   35
       -0.3885682265277 bend   8   36   35
  79 k  0.0502060224962 bend  37   38   35      val=   0.35704
        0.6301464471234 bend  36   38   35
       -0.6642068780751 bend  36   37   35
        0.2892686018321 bend   8   38   35
       -0.2739227099483 bend   8   37   35
       -0.0226728597492 bend   8   36   35
  80 k -0.3699393409131 bend  37   38   35      val=   0.03865
        0.1866930832390 bend  36   38   35
        0.1692277939609 bend  36   37   35
        0.3584366881331 bend   8   38   35
        0.3895047003584 bend   8   37   35
       -0.7207369558067 bend   8   36   35
  81 k -0.0072315235159 bend  37   38   35      val=  -0.18888
       -0.2792781598421 bend  36   38   35
        0.2849501649421 bend  36   37   35
        0.6587352580040 bend   8   38   35
       -0.6375531596642 bend   8   37   35
       -0.0186720771992 bend   8   36   35
  82 k  0.3333333333333 tors  41   39    8    1 val=  58.58044
        0.3333333333333 tors  41   39    8   35
        0.3333333333333 tors  41   39    8   43
        0.3333333333333 tors  42   39    8    1
        0.3333333333333 tors  42   39    8   35
        0.3333333333333 tors  42   39    8   43
        0.3333333333333 tors  40   39    8    1
        0.3333333333333 tors  40   39    8   35
        0.3333333333333 tors  40   39    8   43
  83 k  1.0000000000000 stre  39   41           val=   2.06563
  84 k  1.0000000000000 stre  39   42           val=   2.06648
  85 k  1.0000000000000 stre  39   40           val=   2.07047
  86 k  0.3841726475753 bend  42   41   39      val=   0.65083
        0.4364022291721 bend  40   41   39
        0.4188761492986 bend  40   42   39
       -0.4047687567156 bend   8   41   39
       -0.4076307165768 bend   8   42   39
       -0.3956092709574 bend   8   40   39
  87 k  0.7476096047880 bend  42   41   39      val=   0.96215
       -0.2824250914515 bend  40   41   39
       -0.4091829806683 bend  40   42   39
        0.2018134962657 bend   8   41   39
        0.1371009107333 bend   8   42   39
       -0.3665513441249 bend   8   40   39
  88 k  0.0835453304433 bend  42   41   39      val=   0.54268
       -0.6707268370426 bend  40   41   39
        0.6126887421716 bend  40   42   39
       -0.2762851103057 bend   8   41   39
        0.3001401814339 bend   8   42   39
       -0.0366142371271 bend   8   40   39
  89 k -0.3500446695956 bend  42   41   39      val=  -0.19486
        0.0950271775515 bend  40   41   39
        0.2488028777245 bend  40   42   39
        0.5205912283045 bend   8   41   39
        0.1950764512622 bend   8   42   39
       -0.7053124442584 bend   8   40   39
  90 k -0.0890661346058 bend  42   41   39      val=   0.11853
        0.3221465430617 bend  40   41   39
       -0.2371423044933 bend  40   42   39
       -0.5271124238861 bend   8   41   39
        0.7209117437173 bend   8   42   39
       -0.1857178134555 bend   8   40   39
  91 k  0.3333333333333 tors  45   43    8    1 val=  59.14435
        0.3333333333333 tors  45   43    8   35
        0.3333333333333 tors  45   43    8   39
        0.3333333333333 tors  46   43    8    1
        0.3333333333333 tors  46   43    8   35
        0.3333333333333 tors  46   43    8   39
        0.3333333333333 tors  44   43    8    1
        0.3333333333333 tors  44   43    8   35
        0.3333333333333 tors  44   43    8   39
  92 k  1.0000000000000 stre  43   45           val=   2.06573
  93 k  1.0000000000000 stre  43   46           val=   2.06674
  94 k  1.0000000000000 stre  43   44           val=   2.07038
  95 k  0.3574941373544 bend  46   45   43      val=   0.54647
        0.4361547599413 bend  44   45   43
        0.4405577117460 bend  44   46   43
       -0.4094164259969 bend   8   45   43
       -0.4106409224750 bend   8   46   43
       -0.3893945205979 bend   8   44   43
  96 k  0.7549128704345 bend  46   45   43      val=   1.40769
       -0.4179684344831 bend  44   45   43
       -0.2344582426810 bend  44   46   43
        0.1161300992017 bend   8   45   43
        0.2062852768721 bend   8   46   43
       -0.3799979774580 bend   8   44   43
  97 k  0.1144899834447 bend  46   45   43      val=   0.73076
        0.5944502746746 bend  44   45   43
       -0.6862552581235 bend  44   46   43
        0.3040397574383 bend   8   45   43
       -0.2598472477278 bend   8   46   43
       -0.0511260117086 bend   8   44   43
  98 k -0.3674965607280 bend  46   45   43      val=  -0.03144
        0.1644318496397 bend  44   45   43
        0.1907673630848 bend  44   46   43
        0.4113202892020 bend   8   45   43
        0.3337195845226 bend   8   46   43
       -0.7217777472711 bend   8   44   43
  99 k -0.0248544848442 bend  46   45   43      val=   0.42968
        0.2986073445753 bend  44   45   43
       -0.2718116350479 bend  44   46   43
       -0.6257604925047 bend   8   45   43
        0.6657031613550 bend   8   46   43
       -0.0399681170900 bend   8   44   43
 100 k  0.4082482904639 tors  11   10    1    8 val= 101.39451
        0.4082482904639 tors  11   10    1    9
        0.4082482904639 tors  19   10    1    8
        0.4082482904639 tors  19   10    1    9
        0.4082482904639 tors  15   10    1    8
        0.4082482904639 tors  15   10    1    9
 101 k  1.0000000000000 stre  10   11           val=   3.47949
 102 k  1.0000000000000 stre  10   19           val=   3.48531
 103 k  1.0000000000000 stre  10   15           val=   3.49469
 104 k  0.4300356736137 bend  19   11   10      val=   3.22391
        0.4556223442712 bend  15   11   10
        0.4642455500850 bend  15   19   10
       -0.3597366507853 bend   1   11   10
       -0.3573659857452 bend   1   19   10
       -0.3671958092910 bend   1   15   10
 105 k  0.5800523028999 bend  19   11   10      val=   2.80210
       -0.2518291293430 bend  15   11   10
       -0.2686654656072 bend  15   19   10
        0.3250309853531 bend   1   11   10
        0.2954490220983 bend   1   19   10
       -0.5787961791567 bend   1   15   10
 106 k -0.0170497807391 bend  19   11   10      val=   0.66193
        0.5764839557287 bend  15   11   10
       -0.5465207193889 bend  15   19   10
        0.4273113449243 bend   1   11   10
       -0.4313523610908 bend   1   19   10
        0.0055508668691 bend   1   15   10
 107 k  0.5113035472837 bend  19   11   10      val=   3.39097
        0.0061171653644 bend  15   11   10
       -0.4786289468232 bend  15   19   10
       -0.5384825233204 bend   1   11   10
        0.0669142929911 bend   1   19   10
        0.4636859320250 bend   1   15   10
 108 k  0.3276557051162 bend  19   11   10      val=   1.77812
       -0.5078707498059 bend  15   11   10
        0.2016902275450 bend  15   19   10
        0.3162654071397 bend   1   11   10
       -0.6299241824928 bend   1   19   10
        0.3117720466411 bend   1   15   10
 109 k  0.4082482904639 tors  23    9    1    8 val= 101.01850
        0.4082482904639 tors  23    9    1   10
        0.4082482904639 tors  31    9    1    8
        0.4082482904639 tors  31    9    1   10
        0.4082482904639 tors  27    9    1    8
        0.4082482904639 tors  27    9    1   10
 110 k  1.0000000000000 stre   9   23           val=   3.47945
 111 k  1.0000000000000 stre   9   31           val=   3.48537
 112 k  1.0000000000000 stre   9   27           val=   3.49464
 113 k  0.4288543807839 bend  31   23    9      val=   3.24968
        0.4564297538771 bend  27   23    9
        0.4648022012911 bend  27   31    9
       -0.3599946180648 bend   1   23    9
       -0.3572912012626 bend   1   31    9
       -0.3666900407671 bend   1   27    9
 114 k  0.5799746876692 bend  31   23    9      val=   2.81370
       -0.2516254550035 bend  27   23    9
       -0.2667445548031 bend  27   31    9
        0.3245504633593 bend   1   23    9
        0.2958496756561 bend   1   31    9
       -0.5799149081439 bend   1   27    9
 115 k -0.0171205317849 bend  31   23    9      val=   0.67182
        0.5755579285176 bend  27   23    9
       -0.5454041126585 bend  27   31    9
        0.4295322398468 bend   1   23    9
       -0.4318095388598 bend   1   31    9
        0.0041096580200 bend   1   27    9
 116 k  0.5087303698374 bend  31   23    9      val=   3.32931
        0.0124359403413 bend  27   23    9
       -0.4822074252309 bend  27   31    9
       -0.5405022758253 bend   1   23    9
        0.0721871737450 bend   1   31    9
        0.4595226425537 bend   1   27    9
 117 k  0.3332585107946 bend  31   23    9      val=   1.76481
       -0.5084158443578 bend  27   23    9
        0.1975749324175 bend  27   31    9
        0.3101204457858 bend   1   23    9
       -0.6289400275161 bend   1   31    9
        0.3157150474126 bend   1   27    9
 118 k  0.4082482904639 tors  35    8    1    9 val= 101.31887
        0.4082482904639 tors  35    8    1   10
        0.4082482904639 tors  43    8    1    9
        0.4082482904639 tors  43    8    1   10
        0.4082482904639 tors  39    8    1    9
        0.4082482904639 tors  39    8    1   10
 119 k  1.0000000000000 stre   8   35           val=   3.47949
 120 k  1.0000000000000 stre   8   43           val=   3.48531
 121 k  1.0000000000000 stre   8   39           val=   3.49463
 122 k  0.4292160348030 bend  43   35    8      val=   3.25090
        0.4563797672367 bend  39   35    8
        0.4645447157452 bend  39   43    8
       -0.3597063611592 bend   1   35    8
       -0.3573389447350 bend   1   43    8
       -0.3668917046153 bend   1   39    8
 123 k  0.5798148323198 bend  43   35    8      val=   2.82217
       -0.2500776716945 bend  39   35    8
       -0.2686984699437 bend  39   43    8
        0.3262354665384 bend   1   35    8
        0.2944487354334 bend   1   43    8
       -0.5796097076187 bend   1   39    8
 124 k -0.0187643308811 bend  43   35    8      val=   0.62455
        0.5770546374860 bend  39   35    8
       -0.5460476661607 bend  39   43    8
        0.4268145012002 bend   1   35    8
       -0.4315977156018 bend   1   43    8
        0.0063706338390 bend   1   39    8
 125 k  0.5162680640974 bend  43   35    8      val=   3.42074
       -0.0003026813030 bend  39   35    8
       -0.4764554233963 bend  39   43    8
       -0.5340364975452 bend   1   35    8
        0.0587212877376 bend   1   43    8
        0.4667057462144 bend   1   39    8
 126 k  0.3213187501519 bend  43   35    8      val=   1.71869
       -0.5075215664120 bend  39   35    8
        0.2076429996707 bend  39   43    8
        0.3231556922388 bend   1   35    8
       -0.6311591669429 bend   1   43    8
        0.3053997538849 bend   1   39    8
 127 k  1.0000000000000 stre   1    9           val=   4.73648
 128 k  1.0000000000000 stre   1   10           val=   4.73673
 129 k  1.0000000000000 stre   1    8           val=   4.73673
 130 k  0.5733518371396 bend  10    9    1      val=  93.65095
        0.5808304919363 bend   8    9    1
        0.5778439326373 bend   8   10    1
 131 k  0.8188247294630 bend  10    9    1      val=   0.45646
       -0.3819719854432 bend   8    9    1
       -0.4285130858637 bend   8   10    1
 132 k  0.0281732722375 bend  10    9    1      val=   0.22996
       -0.7188416668319 bend   8    9    1
        0.6946027100133 bend   8   10    1
       132 non zero eigenvalues  of BmBt
           1           4.557774580    1    0
         1
           2           4.553653062    2    0
         2
           3           4.253182159    3    0
         3
           4           3.746824079    4    0
         4
           5           3.744764262    5    0
         5
           6           3.684364268    6    0
         6
           7           3.661234893    7    0
         7
           8           3.660616000    8    0
         8
           9           3.660233672    9    0
         9
          10           3.483795067   10    0
        10
          11           3.483119587   11    0
        11
          12           3.448642368   12    0
        12
          13           3.328634836   13    0
        13
          14           3.286442076   14    0
        14
          15           3.286274321   15    0
        15
          16           3.283094344   16    0
        16
          17           3.282391581   17    0
        17
          18           3.279563496   18    0
        18
          19           3.266467094   19    0
        19
          20           3.265642406   20    0
        20
          21           3.255053078   21    0
        21
          22           3.096405017   22    0
        22
          23           3.095890858   23    0
        23
          24           3.094290320   24    0
        24
          25           3.087858329   25    0
        25
          26           3.085994427   26    0
        26
          27           3.085642382   27    0
        27
          28           3.079532758   28    0
        28
          29           3.079241441   29    0
        29
          30           3.078884001   30    0
        30
          31           2.324095060   31    0
        31
          32           2.322936325   32    0
        32
          33           2.272238232   33    0
        33
          34           1.602293693   34    0
        34
          35           1.599849462   35    0
        35
          36           1.517827463   36    0
        36
          37           1.421671332   37    0
        37
          38           1.404370771   38    0
        38
          39           1.403900440   39    0
        39
          40           1.395539185   40    0
        40
          41           1.334113967   41    0
        41
          42           1.333687789   42    0
        42
          43           0.880680063   43    0
        43
          44           0.880205860   44    0
        44
          45           0.875792857   45    0
        45
          46           0.871316375   46    0
        46
          47           0.871165569   47    0
        47
          48           0.855803190   48    0
        48
          49           0.855600640   49    0
        49
          50           0.852648202   50    0
        50
          51           0.848346717   51    0
        51
          52           0.845572132   52    0
        52
          53           0.845448396   53    0
        53
          54           0.841655428   54    0
        54
          55           0.819310601   55    0
        55
          56           0.818044617   56    0
        56
          57           0.817917525   57    0
        57
          58           0.811376843   58    0
        58
          59           0.806337344   59    0
        59
          60           0.805920571   60    0
        60
          61           0.790702126   61    0
        61
          62           0.790387018   62    0
        62
          63           0.773777062   63    0
        63
          64           0.701722930   64    0
        64
          65           0.695675065   65    0
        65
          66           0.695542522   66    0
        66
          67           0.694851283   67    0
        67
          68           0.694816559   68    0
        68
          69           0.694706472   69    0
        69
          70           0.693976160   70    0
        70
          71           0.693806128   71    0
        71
          72           0.693735724   72    0
        72
          73           0.693634353   73    0
        73
          74           0.692240600   74    0
        74
          75           0.692079525   75    0
        75
          76           0.677257881   76    0
        76
          77           0.677237491   77    0
        77
          78           0.677172344   78    0
        78
          79           0.670938847   79    0
        79
          80           0.669228107   80    0
        80
          81           0.668946932   81    0
        81
          82           0.640192561   82    0
        82
          83           0.639937820   83    0
        83
          84           0.628981293   84    0
        84
          85           0.343157379   85    0
        85
          86           0.342976706   86    0
        86
          87           0.342898772   87    0
        87
          88           0.342566616   88    0
        88
          89           0.342314668   89    0
        89
          90           0.342236371   90    0
        90
          91           0.334452265   91    0
        91
          92           0.334434402   92    0
        92
          93           0.333759445   93    0
        93
          94           0.300171455   94    0
        94
          95           0.300089619   95    0
        95
          96           0.298148498   96    0
        96
          97           0.296976611   97    0
        97
          98           0.296779930   98    0
        98
          99           0.296256443   99    0
        99
         100           0.295205812  100    0
       100
         101           0.295122481  101    0
       101
         102           0.294335253  102    0
       102
         103           0.211471408  103    0
       103
         104           0.211251376  104    0
       104
         105           0.196708551  105    0
       105
         106           0.096873092  106    0
       106
         107           0.096590116  107    0
       107
         108           0.085926742  108    0
       108
         109           0.056925265  109    0
       109
         110           0.055450935  110    0
       110
         111           0.055375608  111    0
       111
         112           0.054464982  112    0
       112
         113           0.049572964  113    0
       113
         114           0.049511470  114    0
       114
         115           0.039669406  115    0
       115
         116           0.039644525  116    0
       116
         117           0.036642081  117    0
       117
         118           0.032419042  118    0
       118
         119           0.029974148  119    0
       119
         120           0.029945792  120    0
       120
         121           0.027971914  121    0
       121
         122           0.027945455  122    0
       122
         123           0.026217096  123    0
       123
         124           0.024159198  124    0
       124
         125           0.022946906  125    0
       125
         126           0.022867251  126    0
       126
         127           0.016790980  127    0
       127
         128           0.016780807  128    0
       128
         129           0.016724129  129    0
       129
         130           0.004382163  130    0
       130
         131           0.002898462  131    0
       131
         132           0.002891559  132    0
       132
$end
