$coord
    0.53667115535456     -0.74600351078871     -2.08372503866885      c
    3.07099043621792     -0.28231035753380     -2.87456547162800      c
    3.39526114107932      2.39235289817466     -2.94829012136571      c
    1.08928629414342      3.57171073723279     -2.15057095941518      c
   -0.67844977431716      1.63098664980689     -1.61613889938155      c
   -2.61629386649613      1.88624034102455     -1.02130042839435      h
    0.75174999405463      5.58363884620674     -2.03907030563705      h
    5.06919992831445      3.37837116809144     -3.58249033377280      h
    4.46805172211401     -1.68948271203521     -3.36339452923247      h
   -0.35678997888963     -2.57845903705140     -1.94096353609035      h
    0.51800906904430      1.35207069094778     -5.38603814403200      co
   -1.19183103077518     -1.32154398353288     -7.37932367189199      c
   -2.78631496349995      0.37157435415879     -6.87911263551319      c
   -0.63052859134998     -3.09258538422887     -8.20744839062286      h
   -4.63834960759371      1.20697040132587     -6.96394841879928      h
    2.33414310964961      2.52761880235422     -8.44610948309266      c
    0.65013472947780      4.12297989198671     -7.91860838084387      c
   -0.40098421187810      5.83276504185800     -8.24551216095292      h
    3.87755445084983      1.82889197740243     -9.57179957536492      h
$user-defined bonds
$end
