$coord
    0.16464040352609     -0.83127560318745     -0.39543840685448      c
   -1.16288946281975      1.45266094597749     -0.39543846421768      c
   -3.79884412327423      1.43127378950352     -0.39543840167118      c
   -5.11778055840937     -0.85006107205683     -0.39543837367217      c
   -3.77152428509215     -3.12096417383450     -0.39543838336994      c
   -1.14023036315776     -3.12767810294250     -0.39543844096932      c
    2.76116485451077     -0.93446035493196     -0.39543825179142      o
    3.41556261575983      0.77931949264687     -0.39543821779145      h
   -0.13842250647861      3.23674173899528     -0.39543860522589      h
   -4.81827430934009      3.21331837081647     -0.39543832610613      h
   -7.16898869520874     -0.86049996388727     -0.39543833335187      h
   -4.77827085606735     -4.91031270009865     -0.39543832193250      h
   -0.07522075594860     -4.88073418200044     -0.39543856904594      h
$user-defined bonds
$redundant
     number_of_atoms            13
     degrees_of_freedom         33
     internal_coordinates       33
     frozen_coordinates          0
# definitions of redundant internals
   1 k  0.7071067811865 tors   8    7    1    2 val=  90.00000
        0.7071067811865 tors   8    7    1    6
   2 k  1.0000000000000 stre   7    8           val=   1.83447
   3 k  1.0000000000000 bend   1    8    7      val= 108.62338
   4 k  1.0000000000000 stre   2    9           val=   2.05730
   5 k -0.7071067811865 bend   3    9    2      val=  -0.18160
        0.7071067811865 bend   1    9    2
   6 k  1.0000000000000 outp   9    1    3    2 val=   0.00000
   7 k  1.0000000000000 stre   3   10           val=   2.05303
   8 k  0.7071067811865 bend   4   10    3      val=   0.44342
       -0.7071067811865 bend   2   10    3
   9 k  1.0000000000000 outp  10    2    4    3 val=  -0.00000
  10 k  1.0000000000000 stre   4   11           val=   2.05123
  11 k  0.7071067811865 bend   3   11    4      val=  -0.02174
       -0.7071067811865 bend   5   11    4
  12 k  1.0000000000000 outp  11    5    3    4 val=   0.00000
  13 k  1.0000000000000 stre   5   12           val=   2.05312
  14 k -0.7071067811865 bend   6   12    5      val=   0.37922
        0.7071067811865 bend   4   12    5
  15 k  1.0000000000000 outp  12    4    6    5 val=  -0.00000
  16 k  1.0000000000000 stre   6   13           val=   2.05121
  17 k -0.7071067811865 bend   5   13    6      val=  -1.15558
        0.7071067811865 bend   1   13    6
  18 k  1.0000000000000 outp  13    1    5    6 val=  -0.00000
  19 k  1.0000000000000 stre   1    7           val=   2.59857
  20 k  0.7071067811865 bend   2    7    1      val=   2.55615
       -0.7071067811865 bend   6    7    1
  21 k  1.0000000000000 outp   7    6    2    1 val=  -0.00000
  22 k  1.0000000000000 stre   1    2           val=   2.64172
  23 k  1.0000000000000 stre   2    3           val=   2.63604
  24 k  1.0000000000000 stre   3    4           val=   2.63516
  25 k  1.0000000000000 stre   4    5           val=   2.63996
  26 k  1.0000000000000 stre   5    6           val=   2.63130
  27 k  1.0000000000000 stre   6    1           val=   2.64124
  28 k -0.2886751345948 bend   1    3    2      val=  -0.17554
       -0.2886751345948 bend   2    4    3
        0.5773502691896 bend   3    5    4
       -0.2886751345948 bend   4    6    5
       -0.2886751345948 bend   5    1    6
        0.5773502691896 bend   6    2    1
  29 k  0.5000000000000 bend   1    3    2      val=   0.13754
       -0.5000000000000 bend   2    4    3
        0.5000000000000 bend   4    6    5
       -0.5000000000000 bend   5    1    6
  30 k -0.4082482904639 bend   1    3    2      val=   0.51078
        0.4082482904639 bend   2    4    3
       -0.4082482904639 bend   3    5    4
        0.4082482904639 bend   4    6    5
       -0.4082482904639 bend   5    1    6
        0.4082482904639 bend   6    2    1
  31 k -0.2886751345948 tors   2    3    4    5 val=  -0.00000
       -0.2886751345948 tors   3    4    5    6
        0.5773502691896 tors   4    5    6    1
       -0.2886751345948 tors   5    6    1    2
       -0.2886751345948 tors   6    1    2    3
        0.5773502691896 tors   1    2    3    4
  32 k  0.5000000000000 tors   2    3    4    5 val=  -0.00000
       -0.5000000000000 tors   3    4    5    6
        0.5000000000000 tors   5    6    1    2
       -0.5000000000000 tors   6    1    2    3
  33 k -0.4082482904639 tors   2    3    4    5 val=  -0.00000
        0.4082482904639 tors   3    4    5    6
       -0.4082482904639 tors   4    5    6    1
        0.4082482904639 tors   5    6    1    2
       -0.4082482904639 tors   6    1    2    3
        0.4082482904639 tors   1    2    3    4
        33 non zero eigenvalues  of BmBt
           1          10.894838129    1    0
         1
           2           5.278155161    2    0
         2
           3           4.898923924    3    0
         3
           4           4.371465617    4    0
         4
           5           4.340475696    5    0
         5
           6           3.572080917    6    0
         6
           7           3.500549504    7    0
         7
           8           3.481707137    8    0
         8
           9           3.189803270    9    0
         9
          10           2.651022156   10    0
        10
          11           2.358484941   11    0
        11
          12           2.013365044   12    0
        12
          13           2.005358290   13    0
        13
          14           1.906702463   14    0
        14
          15           1.765525307   15    0
        15
          16           1.642470450   16    0
        16
          17           1.398588881   17    0
        17
          18           0.949729788   18    0
        18
          19           0.789924551   19    0
        19
          20           0.732523617   20    0
        20
          21           0.478644588   21    0
        21
          22           0.397871009   22    0
        22
          23           0.384203744   23    0
        23
          24           0.355650849   24    0
        24
          25           0.346463875   25    0
        25
          26           0.293049260   26    0
        26
          27           0.278186257   27    0
        27
          28           0.263372348   28    0
        28
          29           0.190643152   29    0
        29
          30           0.134890896   30    0
        30
          31           0.106661878   31    0
        31
          32           0.096389702   32    0
        32
          33           0.058564668   33    0
        33
$end
