$coord
   -1.92063765811800     -0.61342824980237      0.06090127704808      ru
    2.95871198847345     -0.70849406896211      0.20606891202207      se
   -6.08274715651936      0.35584903991990     -0.23027358948508      p
   -2.21584722425267     -5.00867457135328     -0.14554119821372      p
   -1.39705828273344     -0.54651309901756      4.46948068459512      p
   -1.21153661667843     -0.06133386186347     -4.25564821142004      p
    4.37485910018427      2.63680800245871      0.29901919227992      c
    7.02719578515204      2.81169669098743      0.26133917259363      c
    8.21907763456358      5.15627426540633      0.33592115795646      c
    6.79992042167909      7.38211120378424      0.44807764625243      c
    4.16923497192949      7.21882404430361      0.48538240814612      c
    2.96418064718015      4.87411185331827      0.41231253405750      c
   -8.10718936814878      0.87019373794275      2.57397034125241      c
   -8.33265053460856     -1.68407735781718     -1.97573782065236      c
   -6.70448276604039      3.44377400677164     -1.74221329527877      c
    0.71144275764493     -6.88834026138551      0.10846730281727      c
   -4.19304587945171     -6.59348270778005      2.26577479800252      c
   -3.59743279138942     -6.56238805174122     -2.96155044413650      c
    0.01309732151720      2.38796055159845      5.66892617218399      c
   -4.00426676113187     -0.89328869341218      6.78952169007938      c
    0.74709020552645     -2.90342272715226      5.89723478531605      c
   -0.02635021095549      3.08522843034242     -5.11340684806074      c
   -3.74540356236562     -0.43964205158125     -6.65011851834478      c
    1.17150093851893     -2.05802406252586     -5.83767609715824      c
   -1.78868965004317      2.48530213877661      0.28616802785340      h
    8.14783825654495      1.09224269732601      0.17296722516756      h
   10.27186746520899      5.24509114052469      0.30421577215472      h
    7.73331790136471      9.20955200557250      0.50433386564045      h
    3.03358396436038      8.93018263120843      0.57197831490951      h
    0.91472367174618      4.74477223895813      0.43735064943779      h
   -7.30593540544407      2.37191737296111      3.74198347657307      h
   -8.24423327547571     -0.85168330832994      3.70262515501138      h
  -10.00662495023119      1.43548583302229      1.97322820515998      h
   -8.54311566749974     -3.47549589340466     -0.96413426199859      h
   -7.63872879939741     -2.08728503616745     -3.87391420688328      h
  -10.19177693059941     -0.78218210179023     -2.11342929354830      h
   -5.90333942138328      4.90636325716527     -0.52235981609067      h
   -8.73337556740020      3.77851881220853     -1.99090796321284      h
   -5.76183989634256      3.57441860945529     -3.57142473352918      h
    0.32795787868749     -8.92231521505013      0.04130572717075      h
    1.68476069910912     -6.42440805495716      1.86909497996758      h
    1.97103043139626     -6.37039326444795     -1.44683226220309      h
   -4.24215646227445     -8.64507587570006      1.98707158531474      h
   -6.11948859446515     -5.85046436063961      2.15427089036467      h
   -3.46587587258024     -6.19292986498132      4.15567776529864      h
   -3.62164963162748     -8.61969928694701     -2.72643891882380      h
   -2.49231610957112     -6.10354549258030     -4.64349187435947      h
   -5.52928416161640     -5.89873314532094     -3.25527310101371      h
    0.25985158931477      2.30819117718999      7.72339209796977      h
   -1.21431305802084      3.97426527482747      5.17357275090604      h
    1.84150759338406      2.67365436677509      4.75575828517769      h
   -3.20448973982738     -1.07497562892950      8.69019005977512      h
   -5.13179457527637     -2.57417759550112      6.37766658858406      h
   -5.24167127867070      0.75454623267575      6.75522800833529      h
    1.06614765340000     -2.43752810585682      7.88864145562844      h
    2.54199849228428     -2.88949317272705      4.87945228480747      h
   -0.08823954915151     -4.79042589723606      5.78957579259767      h
    0.29317785376042      3.23731450236931     -7.15360603323750      h
    1.74360752979267      3.41329666764628     -4.10243467111974      h
   -1.38312269151992      4.52032186239739     -4.50849549863462      h
   -3.00408523571897      0.00874169185547     -8.53019643525554      h
   -5.35262067740822      0.79538672826243     -6.26542776872666      h
   -4.41062861493650     -2.39609156317110     -6.65423945712959      h
    1.35841010529670     -1.48992165405277     -7.81957264667386      h
    0.60987033290304     -4.04438034155910     -5.76307546011034      h
    2.97489736395208     -1.84798209926747     -4.85903346510757      h
$user-defined bonds
$redundant
     number_of_atoms            66
     degrees_of_freedom        192
     internal_coordinates      192
     frozen_coordinates          0
# definitions of redundant internals
   1 k  1.0000000000000 stre   1   25           val=   3.10971
   2 k -0.5876315394825 bend   3   25    1      val=   7.56437
       -0.3312642931394 bend   6   25    1
        0.4759114317981 bend   5   25    1
        0.5643238883657 bend   2   25    1
   3 k -0.3823549155040 bend   3   25    1      val=   8.55339
        0.6337693736681 bend   6   25    1
       -0.5266716240932 bend   5   25    1
        0.4180407874422 bend   2   25    1
   4 k  1.0000000000000 stre   8   26           val=   2.05431
   5 k  0.7071068626283 bend   9   26    8      val=   0.33371
       -0.7071066997448 bend   7   26    8
   6 k  1.0000000000000 outp  26    7    9    8 val=   0.00071
   7 k  1.0000000000000 stre   9   27           val=   2.05495
   8 k -0.7071067732814 bend   8   27    9      val=   0.33718
        0.7071067890917 bend  10   27    9
   9 k  1.0000000000000 outp  27   10    8    9 val=  -0.05523
  10 k  1.0000000000000 stre  10   28           val=   2.05279
  11 k  0.7071067897547 bend  11   28   10      val=   0.05469
       -0.7071067726184 bend   9   28   10
  12 k  1.0000000000000 outp  28    9   11   10 val=   0.02472
  13 k  1.0000000000000 stre  11   29           val=   2.05571
  14 k  0.7071068109736 bend  10   29   11      val=   0.37799
       -0.7071067513995 bend  12   29   11
  15 k  1.0000000000000 outp  29   12   10   11 val=  -0.00783
  16 k  1.0000000000000 stre  12   30           val=   2.05369
  17 k  0.7071072919187 bend  11   30   12      val=   1.07465
       -0.7071062704540 bend   7   30   12
  18 k  1.0000000000000 outp  30    7   11   12 val=  -0.13028
  19 k  0.3333333333333 tors  32   13    3    1 val=  60.26721
        0.3333333333333 tors  32   13    3   14
        0.3333333333333 tors  32   13    3   15
        0.3333333333333 tors  31   13    3    1
        0.3333333333333 tors  31   13    3   14
        0.3333333333333 tors  31   13    3   15
        0.3333333333333 tors  33   13    3    1
        0.3333333333333 tors  33   13    3   14
        0.3333333333333 tors  33   13    3   15
  20 k  1.0000000000000 stre  13   32           val=   2.06337
  21 k  1.0000000000000 stre  13   31           val=   2.06432
  22 k  1.0000000000000 stre  13   33           val=   2.07082
  23 k  0.4142864185481 bend  31   32   13      val=   0.56697
        0.4192667350677 bend  33   32   13
        0.4040099656032 bend  33   31   13
       -0.4036444348644 bend   3   32   13
       -0.4054239667236 bend   3   31   13
       -0.4025676258402 bend   3   33   13
  24 k -0.7358211342725 bend  31   32   13      val=  -0.01512
        0.3117925019803 bend  33   32   13
        0.4274150880376 bend  33   31   13
       -0.2033685275336 bend   3   32   13
       -0.1412360966052 bend   3   31   13
        0.3425823165446 bend   3   33   13
  25 k  0.0758386764270 bend  31   32   13      val=   0.35434
       -0.6685626107773 bend  33   32   13
        0.6105258621259 bend  33   31   13
       -0.2820857247238 bend   3   32   13
        0.3065473085246 bend   3   31   13
       -0.0314180497051 bend   3   33   13
  26 k -0.1235619494841 bend  31   32   13      val=  -0.19734
        0.3348364852908 bend  33   32   13
       -0.2137524888948 bend  33   31   13
       -0.4595901084975 bend   3   32   13
        0.7356465824127 bend   3   31   13
       -0.2729979564116 bend   3   33   13
  27 k  0.3206268819155 bend  31   32   13      val=  -0.20561
       -0.0511408200502 bend  33   32   13
       -0.2732957362835 bend  33   31   13
       -0.5773436926053 bend   3   32   13
       -0.1071870147605 bend   3   31   13
        0.6892587787780 bend   3   33   13
  28 k  0.3333333333333 tors  35   14    3    1 val=  65.12634
        0.3333333333333 tors  35   14    3   13
        0.3333333333333 tors  35   14    3   15
        0.3333333333333 tors  34   14    3    1
        0.3333333333333 tors  34   14    3   13
        0.3333333333333 tors  34   14    3   15
        0.3333333333333 tors  36   14    3    1
        0.3333333333333 tors  36   14    3   13
        0.3333333333333 tors  36   14    3   15
  29 k  1.0000000000000 stre  14   35           val=   2.06087
  30 k  1.0000000000000 stre  14   34           val=   2.06805
  31 k  1.0000000000000 stre  14   36           val=   2.07092
  32 k  0.3945725131295 bend  34   35   14      val=   0.87124
        0.4435315063680 bend  36   35   14
        0.4042163963333 bend  36   34   14
       -0.4033929720946 bend   3   35   14
       -0.4054889013647 bend   3   34   14
       -0.3963007703899 bend   3   36   14
  33 k  0.6807046270008 bend  34   35   14      val=   0.35108
       -0.0839501247578 bend  36   35   14
       -0.5771086121353 bend  36   34   14
        0.2873699190797 bend   3   35   14
        0.0372797364613 bend   3   34   14
       -0.3355115318281 bend   3   36   14
  34 k  0.3123685255789 bend  34   35   14      val=   1.23180
       -0.7210785365489 bend  36   35   14
        0.4666291967864 bend  36   34   14
       -0.2106675077964 bend   3   35   14
        0.3202716535652 bend   3   34   14
       -0.1333195789973 bend   3   36   14
  35 k -0.2742792978796 bend  34   35   14      val=   0.16671
       -0.0627080728141 bend  36   35   14
        0.3414378589864 bend  36   34   14
        0.6923533340843 bend   3   35   14
       -0.1451780322701 bend   3   34   14
       -0.5512068146693 bend   3   36   14
  36 k -0.2263217537170 bend  34   35   14      val=  -0.23144
        0.3213127213659 bend  36   35   14
       -0.1042332729034 bend  36   34   14
       -0.2391975943483 bend   3   35   14
        0.7375417409002 bend   3   34   14
       -0.4832067000680 bend   3   36   14
  37 k  0.3333333333333 tors  39   15    3    1 val=  54.11888
        0.3333333333333 tors  39   15    3   13
        0.3333333333333 tors  39   15    3   14
        0.3333333333333 tors  37   15    3    1
        0.3333333333333 tors  37   15    3   13
        0.3333333333333 tors  37   15    3   14
        0.3333333333333 tors  38   15    3    1
        0.3333333333333 tors  38   15    3   13
        0.3333333333333 tors  38   15    3   14
  38 k  1.0000000000000 stre  15   39           val=   2.06195
  39 k  1.0000000000000 stre  15   37           val=   2.06617
  40 k  1.0000000000000 stre  15   38           val=   2.07131
  41 k  0.3557468165774 bend  37   39   15      val=   0.68431
        0.4611012096196 bend  38   39   15
        0.4179546548234 bend  38   37   15
       -0.4106236256622 bend   3   39   15
       -0.4098456330476 bend   3   37   15
       -0.3867280421869 bend   3   38   15
  42 k  0.6840568586701 bend  37   39   15      val=   0.52991
       -0.0380150473562 bend  38   39   15
       -0.5698552654949 bend  38   37   15
        0.2850650856301 bend   3   39   15
        0.0169803150641 bend   3   37   15
       -0.3526125529866 bend   3   38   15
  43 k  0.3450833938209 bend  37   39   15      val=   2.04466
       -0.7140604906246 bend  38   39   15
        0.4639342044281 bend  38   37   15
       -0.1978470160056 bend   3   39   15
        0.3075963000534 bend   3   37   15
       -0.1484627746300 bend   3   38   15
  44 k -0.3632594634947 bend  37   39   15      val=   0.38232
        0.1250484462271 bend  38   39   15
        0.2318766863692 bend  38   37   15
        0.4476640582142 bend   3   39   15
        0.2899389261915 bend   3   37   15
       -0.7170571529929 bend   3   38   15
  45 k -0.0347555409228 bend  37   39   15      val=  -1.02014
        0.2916463848282 bend  38   39   15
       -0.2702925914581 bend  38   37   15
       -0.5830679783750 bend   3   39   15
        0.7005502310513 bend   3   37   15
       -0.0996868093699 bend   3   38   15
  46 k  0.3333333333333 tors  41   16    4    1 val=  59.04301
        0.3333333333333 tors  41   16    4   17
        0.3333333333333 tors  41   16    4   18
        0.3333333333333 tors  42   16    4    1
        0.3333333333333 tors  42   16    4   17
        0.3333333333333 tors  42   16    4   18
        0.3333333333333 tors  40   16    4    1
        0.3333333333333 tors  40   16    4   17
        0.3333333333333 tors  40   16    4   18
  47 k  1.0000000000000 stre  16   41           val=   2.06456
  48 k  1.0000000000000 stre  16   42           val=   2.06731
  49 k  1.0000000000000 stre  16   40           val=   2.07090
  50 k  0.3384777785108 bend  42   41   16      val=   0.49284
        0.4507864894499 bend  40   41   16
        0.4417823328430 bend  40   42   16
       -0.4123587832827 bend   4   41   16
       -0.4123052723823 bend   4   42   16
       -0.3834283518297 bend   4   40   16
  51 k  0.7699932675670 bend  42   41   16      val=   1.75815
       -0.2830103150633 bend  40   41   16
       -0.3493130785142 bend  40   42   16
        0.1741458151679 bend   4   41   16
        0.1403358182674 bend   4   42   16
       -0.3936686370781 bend   4   40   16
  52 k  0.0448081074904 bend  42   41   16      val=   0.26890
       -0.6618224664784 bend  40   41   16
        0.6343014529668 bend  40   42   16
       -0.2750080753837 bend   4   41   16
        0.2857393064884 bend   4   42   16
       -0.0191971438774 bend   4   40   16
  53 k -0.3723657859512 bend  42   41   16      val=   0.31912
        0.1576642894322 bend  40   41   16
        0.1997547919120 bend  40   42   16
        0.4154619592672 bend   4   41   16
        0.3318415632029 bend   4   42   16
       -0.7168376759992 bend   4   40   16
  54 k -0.0227746172625 bend  42   41   16      val=  -0.20267
        0.2899287272552 bend  40   41   16
       -0.2702557074444 bend  40   42   16
       -0.6210480735310 bend   4   41   16
        0.6741056447573 bend   4   42   16
       -0.0475959303322 bend   4   40   16
  55 k  0.3333333333333 tors  45   17    4    1 val=  58.96487
        0.3333333333333 tors  45   17    4   16
        0.3333333333333 tors  45   17    4   18
        0.3333333333333 tors  44   17    4    1
        0.3333333333333 tors  44   17    4   16
        0.3333333333333 tors  44   17    4   18
        0.3333333333333 tors  43   17    4    1
        0.3333333333333 tors  43   17    4   16
        0.3333333333333 tors  43   17    4   18
  56 k  1.0000000000000 stre  17   45           val=   2.06421
  57 k  1.0000000000000 stre  17   44           val=   2.06777
  58 k  1.0000000000000 stre  17   43           val=   2.07102
  59 k  0.3802362431748 bend  44   45   17      val=   0.88777
        0.4321455343180 bend  43   45   17
        0.4300724625332 bend  43   44   17
       -0.4071570594258 bend   4   45   17
       -0.4042768843249 bend   4   44   17
       -0.3930542497878 bend   4   43   17
  60 k  0.7497012045715 bend  44   45   17      val=   0.98814
       -0.2772840701133 bend  43   45   17
       -0.4049208163997 bend  43   44   17
        0.2011946378015 bend   4   45   17
        0.1364946742092 bend   4   44   17
       -0.3714709980660 bend   4   43   17
  61 k  0.0791022607650 bend  44   45   17      val=   0.32661
       -0.6756748275846 bend  43   45   17
        0.6069066979077 bend  43   44   17
       -0.2731145060620 bend   4   45   17
        0.3052354650757 bend   4   44   17
       -0.0333226227000 bend   4   43   17
  62 k -0.3642462842923 bend  44   45   17      val=  -0.17361
        0.1636625793069 bend  43   45   17
        0.1927414928397 bend  43   44   17
        0.3941265642764 bend   4   45   17
        0.3467890919290 bend   4   44   17
       -0.7264926004458 bend   4   43   17
  63 k  0.0119030015271 bend  44   45   17      val=   0.46831
       -0.2947068674043 bend  43   45   17
        0.2865268125668 bend  43   44   17
        0.6280311935573 bend   4   45   17
       -0.6600199279725 bend   4   44   17
        0.0293100859405 bend   4   43   17
  64 k  0.3333333333333 tors  48   18    4    1 val=  60.22828
        0.3333333333333 tors  48   18    4   16
        0.3333333333333 tors  48   18    4   17
        0.3333333333333 tors  47   18    4    1
        0.3333333333333 tors  47   18    4   16
        0.3333333333333 tors  47   18    4   17
        0.3333333333333 tors  46   18    4    1
        0.3333333333333 tors  46   18    4   16
        0.3333333333333 tors  46   18    4   17
  65 k  1.0000000000000 stre  18   48           val=   2.06368
  66 k  1.0000000000000 stre  18   47           val=   2.06416
  67 k  1.0000000000000 stre  18   46           val=   2.07084
  68 k  0.3958881976920 bend  47   48   18      val=   0.84497
        0.4288361376996 bend  46   48   18
        0.4182850167319 bend  46   47   18
       -0.4032707579041 bend   4   48   18
       -0.4059461890821 bend   4   47   18
       -0.3962198052822 bend   4   46   18
  69 k  0.7475439481025 bend  47   48   18      val=   0.68836
       -0.3676646594721 bend  46   48   18
       -0.3414673487279 bend  46   47   18
        0.1658372587154 bend   4   48   18
        0.1768121115268 bend   4   47   18
       -0.3614364043958 bend   4   46   18
  70 k -0.0113213970565 bend  47   48   18      val=   0.07982
       -0.6320989376967 bend  46   48   18
        0.6533500943247 bend  46   47   18
       -0.3007451429560 bend   4   48   18
        0.2880645682758 bend   4   47   18
        0.0052513493303 bend   4   46   18
  71 k -0.3118203203499 bend  47   48   18      val=  -0.10602
        0.0116882589253 bend  46   48   18
        0.2978611918207 bend  46   47   18
        0.6340915454400 bend   4   48   18
        0.0115241482712 bend   4   47   18
       -0.6416426488595 bend   4   46   18
  72 k -0.1722371080363 bend  47   48   18      val=   0.24920
        0.3426786280503 bend  46   48   18
       -0.1720326945201 bend  46   47   18
       -0.3823816959248 bend   4   48   18
        0.7425986694834 bend   4   47   18
       -0.3544600728039 bend   4   46   18
  73 k  0.3333333333333 tors  51   19    5    1 val=  58.92810
        0.3333333333333 tors  51   19    5   20
        0.3333333333333 tors  51   19    5   21
        0.3333333333333 tors  50   19    5    1
        0.3333333333333 tors  50   19    5   20
        0.3333333333333 tors  50   19    5   21
        0.3333333333333 tors  49   19    5    1
        0.3333333333333 tors  49   19    5   20
        0.3333333333333 tors  49   19    5   21
  74 k  1.0000000000000 stre  19   51           val=   2.06363
  75 k  1.0000000000000 stre  19   50           val=   2.06598
  76 k  1.0000000000000 stre  19   49           val=   2.07077
  77 k  0.3514124937546 bend  50   51   19      val=   0.28836
        0.4403645182992 bend  49   51   19
        0.4342914149458 bend  49   50   19
       -0.4144426856731 bend   5   51   19
       -0.4132158812014 bend   5   50   19
       -0.3891904584850 bend   5   49   19
  78 k  0.7667264533462 bend  50   51   19      val=   1.30615
       -0.3062034520707 bend  49   51   19
       -0.3516753922379 bend  49   50   19
        0.1690036591746 bend   5   51   19
        0.1452884136970 bend   5   50   19
       -0.3808194456752 bend   5   49   19
  79 k  0.0309423171367 bend  50   51   19      val=   0.27749
       -0.6573040917154 bend  49   51   19
        0.6367029907730 bend  49   50   19
       -0.2805705168328 bend   5   51   19
        0.2876472328765 bend   5   50   19
       -0.0119356636932 bend   5   49   19
  80 k -0.3616963579587 bend  50   51   19      val=   0.14309
        0.1557573453922 bend  49   51   19
        0.1963895002246 bend  49   50   19
        0.4130280059952 bend   5   51   19
        0.3329281716772 bend   5   50   19
       -0.7245089764555 bend   5   49   19
  81 k -0.0219413130490 bend  50   51   19      val=   0.05703
        0.2929808771344 bend  49   51   19
       -0.2742810720634 bend  49   50   19
       -0.6209789419533 bend   5   51   19
        0.6713628916198 bend   5   50   19
       -0.0459096866620 bend   5   49   19
  82 k  0.3333333333333 tors  54   20    5    1 val=  50.32651
        0.3333333333333 tors  54   20    5   19
        0.3333333333333 tors  54   20    5   21
        0.3333333333333 tors  53   20    5    1
        0.3333333333333 tors  53   20    5   19
        0.3333333333333 tors  53   20    5   21
        0.3333333333333 tors  52   20    5    1
        0.3333333333333 tors  52   20    5   19
        0.3333333333333 tors  52   20    5   21
  83 k  1.0000000000000 stre  20   54           val=   2.06100
  84 k  1.0000000000000 stre  20   53           val=   2.06551
  85 k  1.0000000000000 stre  20   52           val=   2.07007
  86 k  0.4276187961157 bend  53   54   20      val=   0.93903
        0.3997668586098 bend  52   54   20
        0.4165047712372 bend  52   53   20
       -0.4048833704816 bend   5   54   20
       -0.3981980471961 bend   5   53   20
       -0.4016966156431 bend   5   52   20
  87 k -0.7037617219965 bend  53   54   20      val=   0.61445
        0.5398603815167 bend  52   54   20
        0.1936874947528 bend  52   53   20
       -0.0843859529628 bend   5   54   20
       -0.2522598620993 bend   5   53   20
        0.3240360078970 bend   5   52   20
  88 k  0.2062358766682 bend  53   54   20      val=   0.08563
        0.5172956192354 bend  52   54   20
       -0.7124368296058 bend  52   53   20
        0.3340170180473 bend   5   54   20
       -0.2485729790245 bend   5   53   20
       -0.0946037793621 bend   5   52   20
  89 k  0.1360302333269 bend  53   54   20      val=   0.06408
       -0.3477826976733 bend  52   54   20
        0.2096708690991 bend  52   53   20
        0.4416051099226 bend   5   54   20
       -0.7309086239586 bend   5   53   20
        0.2955310606086 bend   5   52   20
  90 k  0.3097970610089 bend  53   54   20      val=  -0.58198
       -0.0391097975840 bend  52   54   20
       -0.2776113408251 bend  52   53   20
       -0.5921674498730 bend   5   54   20
       -0.0846619619395 bend   5   53   20
        0.6838115322806 bend   5   52   20
  91 k  0.3333333333333 tors  56   21    5    1 val=  53.37801
        0.3333333333333 tors  56   21    5   19
        0.3333333333333 tors  56   21    5   20
        0.3333333333333 tors  57   21    5    1
        0.3333333333333 tors  57   21    5   19
        0.3333333333333 tors  57   21    5   20
        0.3333333333333 tors  55   21    5    1
        0.3333333333333 tors  55   21    5   19
        0.3333333333333 tors  55   21    5   20
  92 k  1.0000000000000 stre  21   56           val=   2.06344
  93 k  1.0000000000000 stre  21   57           val=   2.06643
  94 k  1.0000000000000 stre  21   55           val=   2.06992
  95 k  0.4038498963261 bend  57   56   21      val=   0.24332
        0.4252453963296 bend  55   56   21
        0.4005553023844 bend  55   57   21
       -0.4034916550505 bend   5   56   21
       -0.4116228867257 bend   5   57   21
       -0.4042129974381 bend   5   55   21
  96 k  0.7313586476334 bend  57   56   21      val=   0.42495
       -0.4854546629013 bend  55   56   21
       -0.2282947452197 bend  55   57   21
        0.1047332064323 bend   5   56   21
        0.2251708952908 bend   5   57   21
       -0.3400865058902 bend   5   55   21
  97 k  0.1426157976004 bend  57   56   21      val=   0.34632
        0.5495789332005 bend  55   56   21
       -0.7113322736285 bend  55   57   21
        0.3280134381150 bend   5   56   21
       -0.2454043572883 bend   5   57   21
       -0.0617576941871 bend   5   55   21
  98 k  0.2051060703858 bend  57   56   21      val=   0.74535
        0.1327037909407 bend  55   56   21
       -0.3361372952261 bend  55   57   21
       -0.7359549903256 bend   5   56   21
        0.2948191498274 bend   5   57   21
        0.4458529394641 bend   5   55   21
  99 k -0.2760147892908 bend  57   56   21      val=   0.60272
        0.3139353778956 bend  55   56   21
       -0.0375550874094 bend  55   57   21
       -0.0875486630449 bend   5   56   21
        0.6832352556798 bend   5   57   21
       -0.5910793914553 bend   5   55   21
 100 k  0.3333333333333 tors  59   22    6    1 val=  61.24897
        0.3333333333333 tors  59   22    6   23
        0.3333333333333 tors  59   22    6   24
        0.3333333333333 tors  60   22    6    1
        0.3333333333333 tors  60   22    6   23
        0.3333333333333 tors  60   22    6   24
        0.3333333333333 tors  58   22    6    1
        0.3333333333333 tors  58   22    6   23
        0.3333333333333 tors  58   22    6   24
 101 k  1.0000000000000 stre  22   59           val=   2.06457
 102 k  1.0000000000000 stre  22   60           val=   2.06549
 103 k  1.0000000000000 stre  22   58           val=   2.07066
 104 k  0.3502930224477 bend  60   59   22      val=   0.26108
        0.4298620601511 bend  58   59   22
        0.4462130038383 bend  58   60   22
       -0.4149533250002 bend   6   59   22
       -0.4124463517860 bend   6   60   22
       -0.3887275496314 bend   6   58   22
 105 k  0.7540951848735 bend  60   59   22      val=   1.11754
       -0.4367858353436 bend  58   59   22
       -0.2112706417332 bend  58   60   22
        0.1011466480411 bend   6   59   22
        0.2097036729935 bend   6   60   22
       -0.3764532205448 bend   6   58   22
 106 k  0.1436744963650 bend  60   59   22      val=   0.68541
        0.5851480410449 bend  58   59   22
       -0.6897426279929 bend  58   60   22
        0.3020156013198 bend   6   59   22
       -0.2563008634414 bend   6   60   22
       -0.0656579031318 bend   6   58   22
 107 k -0.3630420594756 bend  60   59   22      val=   0.15378
        0.1884780466713 bend  58   59   22
        0.1647326447824 bend  58   60   22
        0.3572697913549 bend   6   59   22
        0.3901991304999 bend   6   60   22
       -0.7250121236641 bend   6   58   22
 108 k -0.0062460477436 bend  60   59   22      val=  -0.26889
       -0.2823297212493 bend  58   59   22
        0.2859407182186 bend  58   60   22
        0.6601343133498 bend   6   59   22
       -0.6342365299867 bend   6   60   22
       -0.0213432289048 bend   6   58   22
 109 k  0.3333333333333 tors  62   23    6    1 val=  57.64040
        0.3333333333333 tors  62   23    6   22
        0.3333333333333 tors  62   23    6   24
        0.3333333333333 tors  63   23    6    1
        0.3333333333333 tors  63   23    6   22
        0.3333333333333 tors  63   23    6   24
        0.3333333333333 tors  61   23    6    1
        0.3333333333333 tors  61   23    6   22
        0.3333333333333 tors  61   23    6   24
 110 k  1.0000000000000 stre  23   62           val=   2.06311
 111 k  1.0000000000000 stre  23   63           val=   2.06645
 112 k  1.0000000000000 stre  23   61           val=   2.07010
 113 k  0.4167722151979 bend  63   62   23      val=   0.96942
        0.4268033420419 bend  61   62   23
        0.4020351503145 bend  61   63   23
       -0.4017411525447 bend   6   62   23
       -0.4020142517031 bend   6   63   23
       -0.3993696953353 bend   6   61   23
 114 k -0.6095724686103 bend  63   62   23      val=   0.56946
       -0.0312433389916 bend  61   62   23
        0.6598519894146 bend  61   63   23
       -0.3229286482198 bend   6   62   23
        0.0241661098442 bend   6   63   23
        0.2952519240250 bend   6   61   23
 115 k  0.4173025326166 bend  63   62   23      val=   0.67512
       -0.7342145521188 bend  61   62   23
        0.3412583173516 bend  61   63   23
       -0.1600730206691 bend   6   62   23
        0.3344422701063 bend   6   63   23
       -0.1812604330437 bend   6   61   23
 116 k -0.2171038207513 bend  63   62   23      val=   0.74326
       -0.1322358851152 bend  61   62   23
        0.3590663154226 bend  61   63   23
        0.7239320515462 bend   6   62   23
       -0.2830457197097 bend   6   63   23
       -0.4497315734190 bend   6   61   23
 117 k -0.2678119216204 bend  63   62   23      val=  -0.07820
        0.3085762573925 bend  61   62   23
       -0.0430165277534 bend  61   63   23
       -0.0983990723027 bend   6   62   23
        0.6896010460122 bend   6   63   23
       -0.5881964520979 bend   6   61   23
 118 k  0.3333333333333 tors  66   24    6    1 val=  60.89368
        0.3333333333333 tors  66   24    6   22
        0.3333333333333 tors  66   24    6   23
        0.3333333333333 tors  65   24    6    1
        0.3333333333333 tors  65   24    6   22
        0.3333333333333 tors  65   24    6   23
        0.3333333333333 tors  64   24    6    1
        0.3333333333333 tors  64   24    6   22
        0.3333333333333 tors  64   24    6   23
 119 k  1.0000000000000 stre  24   66           val=   2.06255
 120 k  1.0000000000000 stre  24   65           val=   2.06558
 121 k  1.0000000000000 stre  24   64           val=   2.07017
 122 k  0.3849909579669 bend  65   66   24      val=   0.30548
        0.4319318516649 bend  64   66   24
        0.4127842060072 bend  64   65   24
       -0.4066169116995 bend   6   66   24
       -0.4141572664786 bend   6   65   24
       -0.3974449431243 bend   6   64   24
 123 k  0.7308032696761 bend  65   66   24      val=   0.24553
       -0.5033322750076 bend  64   66   24
       -0.1784091899078 bend  64   65   24
        0.0786839098521 bend   6   66   24
        0.2324794949985 bend   6   65   24
       -0.3471534094006 bend   6   64   24
 124 k  0.1879864792972 bend  65   66   24      val=   0.54459
        0.5277187276453 bend  64   66   24
       -0.7191305705906 bend  64   65   24
        0.3276650605835 bend   6   66   24
       -0.2342399277314 bend   6   65   24
       -0.0824167147193 bend   6   64   24
 125 k -0.2980969646213 bend  65   66   24      val=  -0.11426
        0.0032413281481 bend  64   66   24
        0.2930788811498 bend  64   65   24
        0.6461269732639 bend   6   66   24
       -0.0031997097832 bend   6   65   24
       -0.6385469122762 bend   6   64   24
 126 k -0.1762007491218 bend  65   66   24      val=   1.15425
        0.3419457600807 bend  64   66   24
       -0.1634277776319 bend  64   65   24
       -0.3685151643115 bend   6   66   24
        0.7445514564101 bend   6   65   24
       -0.3676376709481 bend   6   64   24
 127 k  0.3333333333333 tors  13    3    1    4 val=  91.39706
        0.3333333333333 tors  13    3    1    5
        0.3333333333333 tors  13    3    1    6
        0.3333333333333 tors  15    3    1    4
        0.3333333333333 tors  15    3    1    5
        0.3333333333333 tors  15    3    1    6
        0.3333333333333 tors  14    3    1    4
        0.3333333333333 tors  14    3    1    5
        0.3333333333333 tors  14    3    1    6
 128 k  1.0000000000000 stre   3   13           val=   3.49667
 129 k  1.0000000000000 stre   3   15           val=   3.49397
 130 k  1.0000000000000 stre   3   14           val=   3.50286
 131 k  0.4234830037823 bend  15   13    3      val=   3.08130
        0.4631186181339 bend  14   13    3
        0.4815234404906 bend  14   15    3
       -0.3698476597573 bend   1   13    3
       -0.3433078391209 bend   1   15    3
       -0.3459348254710 bend   1   14    3
 132 k  0.4826014907060 bend  15   13    3      val=   2.60351
       -0.0842875633566 bend  14   13    3
       -0.3196804933349 bend  14   15    3
        0.4749475490470 bend   1   13    3
        0.1632684033326 bend   1   15    3
       -0.6368391038091 bend   1   14    3
 133 k  0.1512595723442 bend  15   13    3      val=   2.49220
       -0.4966894370710 bend  14   13    3
        0.3652849767742 bend  14   15    3
       -0.4174546694355 bend   1   13    3
        0.6320819500008 bend   1   15    3
       -0.1522860402966 bend   1   14    3
 134 k  0.4636561822906 bend  15   13    3      val=   4.30533
       -0.6016851949394 bend  14   13    3
        0.1837903867433 bend  14   15    3
        0.1666837956991 bend   1   13    3
       -0.4991572703974 bend   1   15    3
        0.3350783434004 bend   1   14    3
 135 k -0.4906704697761 bend  15   13    3      val=   2.71233
       -0.1453547067744 bend  14   13    3
        0.6177991587818 bend  14   15    3
        0.4810137866641 bend   1   13    3
       -0.1165879730088 bend   1   15    3
       -0.3338737490512 bend   1   14    3
 136 k  0.2886751345948 tors  16    4    1    2 val=  79.03346
        0.2886751345948 tors  16    4    1    3
        0.2886751345948 tors  16    4    1    5
        0.2886751345948 tors  16    4    1    6
        0.2886751345948 tors  17    4    1    2
        0.2886751345948 tors  17    4    1    3
        0.2886751345948 tors  17    4    1    5
        0.2886751345948 tors  17    4    1    6
        0.2886751345948 tors  18    4    1    2
        0.2886751345948 tors  18    4    1    3
        0.2886751345948 tors  18    4    1    5
        0.2886751345948 tors  18    4    1    6
 137 k  1.0000000000000 stre   4   16           val=   3.48808
 138 k  1.0000000000000 stre   4   17           val=   3.49791
 139 k  1.0000000000000 stre   4   18           val=   3.50039
 140 k  0.4645039707722 bend  17   16    4      val=   3.04396
        0.4586260269094 bend  18   16    4
        0.4377183700947 bend  18   17    4
       -0.3531758124258 bend   1   16    4
       -0.3547690199243 bend   1   17    4
       -0.3629141015160 bend   1   18    4
 141 k -0.4682086674928 bend  17   16    4      val=   0.29135
        0.0672840191969 bend  18   16    4
        0.4265681103135 bend  18   17    4
       -0.5139904366038 bend   1   16    4
       -0.0712653814373 bend   1   17    4
        0.5701124697788 bend   1   18    4
 142 k  0.2221166457672 bend  17   16    4      val=   0.58949
       -0.5239828510833 bend  18   16    4
        0.3174939047621 bend  18   17    4
       -0.3646025927668 bend   1   16    4
        0.6184573895076 bend   1   17    4
       -0.2447022570264 bend   1   18    4
 143 k -0.0469363574135 bend  17   16    4      val=  -0.13798
       -0.5071325816664 bend  18   16    4
        0.5685979270907 bend  18   17    4
        0.4682733412086 bend   1   16    4
       -0.4434325416717 bend   1   17    4
       -0.0373842102122 bend   1   18    4
 144 k  0.6239568163748 bend  17   16    4      val=   1.87122
       -0.3479682287473 bend  18   16    4
       -0.2764161485600 bend  18   17    4
       -0.2174976578743 bend   1   16    4
       -0.2966520200068 bend   1   17    4
        0.5271455811653 bend   1   18    4
 145 k  0.3333333333333 tors  19    5    1    2 val=  83.93778
        0.3333333333333 tors  19    5    1    3
        0.3333333333333 tors  19    5    1    4
        0.3333333333333 tors  21    5    1    2
        0.3333333333333 tors  21    5    1    3
        0.3333333333333 tors  21    5    1    4
        0.3333333333333 tors  20    5    1    2
        0.3333333333333 tors  20    5    1    3
        0.3333333333333 tors  20    5    1    4
 146 k  1.0000000000000 stre   5   19           val=   3.46963
 147 k  1.0000000000000 stre   5   21           val=   3.49154
 148 k  1.0000000000000 stre   5   20           val=   3.50719
 149 k  0.4562910522146 bend  21   19    5      val=   3.13399
        0.4579969765255 bend  20   19    5
        0.4487890393516 bend  20   21    5
       -0.3478566083869 bend   1   19    5
       -0.3498181525630 bend   1   21    5
       -0.3704708942134 bend   1   20    5
 150 k  0.5170922188031 bend  21   19    5      val=   2.02742
       -0.2403948108227 bend  20   19    5
       -0.2612092168983 bend  20   21    5
        0.3481026028909 bend   1   19    5
        0.3289290098428 bend   1   21    5
       -0.6141872691082 bend   1   20    5
 151 k -0.0229801458796 bend  21   19    5      val=   0.61127
        0.4998242104972 bend  20   19    5
       -0.4747767355843 bend  20   21    5
        0.5166929011141 bend   1   19    5
       -0.5071451658819 bend   1   21    5
        0.0081822677233 bend   1   20    5
 152 k  0.1722131976924 bend  21   19    5      val=   3.41603
        0.4154122900268 bend  20   19    5
       -0.5769882190766 bend  20   21    5
       -0.5303497321355 bend   1   19    5
        0.4037539193310 bend   1   21    5
        0.1434286342776 bend   1   20    5
 153 k  0.6230575946306 bend  21   19    5      val=   4.50660
       -0.4220881105694 bend  20   19    5
       -0.1680800132631 bend  20   21    5
       -0.1017688839000 bend   1   19    5
       -0.3825137000278 bend   1   21    5
        0.4987146813473 bend   1   20    5
 154 k  0.3333333333333 tors  22    6    1    2 val=  71.21079
        0.3333333333333 tors  22    6    1    3
        0.3333333333333 tors  22    6    1    4
        0.3333333333333 tors  24    6    1    2
        0.3333333333333 tors  24    6    1    3
        0.3333333333333 tors  24    6    1    4
        0.3333333333333 tors  23    6    1    2
        0.3333333333333 tors  23    6    1    3
        0.3333333333333 tors  23    6    1    4
 155 k  1.0000000000000 stre   6   22           val=   3.47005
 156 k  1.0000000000000 stre   6   24           val=   3.48833
 157 k  1.0000000000000 stre   6   23           val=   3.50672
 158 k  0.4522740230990 bend  24   22    6      val=   3.20255
        0.4661463382995 bend  23   22    6
        0.4423657362037 bend  23   24    6
       -0.3486819538945 bend   1   22    6
       -0.3608492793538 bend   1   24    6
       -0.3614928040375 bend   1   23    6
 159 k  0.5302582415829 bend  24   22    6      val=   1.27255
       -0.2416646047220 bend  23   22    6
       -0.2694293923313 bend  23   24    6
        0.3392636012120 bend   1   22    6
        0.3094031680407 bend   1   24    6
       -0.6140049731925 bend   1   23    6
 160 k -0.0274073016783 bend  24   22    6      val=   0.37872
        0.4782129105286 bend  23   22    6
       -0.4675078144502 bend  23   24    6
        0.5281468600877 bend   1   22    6
       -0.5220869143500 bend   1   24    6
        0.0219964426779 bend   1   23    6
 161 k  0.2676035728096 bend  24   22    6      val=   3.77694
        0.3484748358473 bend  23   22    6
       -0.6074335380955 bend  23   24    6
       -0.5300684552104 bend   1   22    6
        0.3225501116089 bend   1   24    6
        0.2301455445789 bend   1   23    6
 162 k  0.5723158177531 bend  24   22    6      val=   1.84742
       -0.4960283565443 bend  23   22    6
       -0.0598790184834 bend  23   24    6
       -0.0314940872682 bend   1   22    6
       -0.4426023114508 bend   1   24    6
        0.4753275647010 bend   1   23    6
 163 k  0.5773502691896 tors   6    1    2    7 val=  57.88494
        0.5773502691896 tors   5    1    2    7
        0.5773502691896 tors   4    1    2    7
 164 k  1.0000000000000 stre   1    3           val=   4.28339
 165 k  1.0000000000000 stre   1    6           val=   4.40911
 166 k  1.0000000000000 stre   1    5           val=   4.44007
 167 k  1.0000000000000 stre   1    4           val=   4.40998
 168 k -0.3058380111059 bend   6    3    1      val=   2.96875
       -0.4271706265169 bend   5    3    1
       -0.4535144533991 bend   4    3    1
        0.1381089186122 bend   4    6    1
        0.0743606790814 bend   4    5    1
        0.3736854172223 bend   2    6    1
        0.3436164787006 bend   2    5    1
        0.4857945531696 bend   2    4    1
 169 k  0.5052770670863 bend   6    3    1      val=   1.56520
       -0.4540883127965 bend   5    3    1
        0.0843382930266 bend   4    3    1
        0.4761399831135 bend   4    6    1
       -0.4631872520442 bend   4    5    1
        0.1777600435866 bend   2    6    1
       -0.2395054299483 bend   2    5    1
       -0.0342453491947 bend   2    4    1
 170 k -0.1338794924600 bend   6    3    1      val=  65.03898
       -0.0663217912129 bend   5    3    1
        0.6063408643958 bend   4    3    1
        0.4745691860498 bend   4    6    1
        0.4977728600251 bend   4    5    1
       -0.0974918814680 bend   2    6    1
       -0.0843682765298 bend   2    5    1
        0.3470043978257 bend   2    4    1
 171 k  0.5214770465846 bend   6    3    1      val=  -0.42379
       -0.4921279155371 bend   5    3    1
        0.0113003771634 bend   4    3    1
       -0.3706880757203 bend   4    6    1
        0.3982702696665 bend   4    5    1
       -0.3282018717171 bend   2    6    1
        0.2863539406487 bend   2    5    1
        0.0004483362714 bend   2    4    1
 172 k  0.3301397831002 bend   6    3    1      val=  11.44871
        0.3355906253617 bend   5    3    1
       -0.4736606342355 bend   4    3    1
        0.1263430685802 bend   4    6    1
        0.0919275941959 bend   4    5    1
       -0.3418484574263 bend   2    6    1
       -0.3627170813250 bend   2    5    1
        0.5302781881964 bend   2    4    1
 173 k  0.0914078841091 bend   6    3    1      val=  -0.04417
       -0.0899965518688 bend   5    3    1
        0.0049773373720 bend   4    3    1
       -0.3577391568751 bend   4    6    1
        0.3635636538034 bend   4    5    1
        0.5974115337685 bend   2    6    1
       -0.6053585913815 bend   2    5    1
       -0.0022463124361 bend   2    4    1
 174 k  0.0067072735734 bend   6    3    1      val=   5.84310
        0.0063680439391 bend   5    3    1
        0.4312783222821 bend   4    3    1
       -0.4860498189024 bend   4    6    1
       -0.4694291054386 bend   4    5    1
        0.0139746621646 bend   2    6    1
        0.0204925679919 bend   2    5    1
        0.5972353984935 bend   2    4    1
 175 k  0.7071067811865 tors   1    2    7    8 val=  93.05541
        0.7071067811865 tors   1    2    7   12
 176 k  1.0000000000000 stre   2    1           val=   4.88243
 177 k  1.0000000000000 bend   7    1    2      val= 111.85724
 178 k  1.0000000000000 stre   7    2           val=   3.63389
 179 k  0.7071069259096 bend  12    2    7      val=   4.08464
       -0.7071066364635 bend   8    2    7
 180 k  1.0000000000000 outp   2    8   12    7 val=   0.26880
 181 k  1.0000000000000 stre   7   12           val=   2.64733
 182 k  1.0000000000000 stre  12   11           val=   2.63727
 183 k  1.0000000000000 stre  11   10           val=   2.63601
 184 k  1.0000000000000 stre  10    9           val=   2.64215
 185 k  1.0000000000000 stre   9    8           val=   2.63120
 186 k  1.0000000000000 stre   8    7           val=   2.65836
 187 k -0.2886751345948 bend   7   11   12      val=  -0.95825
       -0.2886751345948 bend  12   10   11
        0.5773502691896 bend  11    9   10
       -0.2886751345948 bend  10    8    9
       -0.2886751345948 bend   9    7    8
        0.5773502691896 bend   8   12    7
 188 k  0.5000000000000 bend   7   11   12      val=  -0.05382
       -0.5000000000000 bend  12   10   11
        0.5000000000000 bend  10    8    9
       -0.5000000000000 bend   9    7    8
 189 k -0.4082482904639 bend   7   11   12      val=  -0.08462
        0.4082482904639 bend  12   10   11
       -0.4082482904639 bend  11    9   10
        0.4082482904639 bend  10    8    9
       -0.4082482904639 bend   9    7    8
        0.4082482904639 bend   8   12    7
 190 k -0.2886751345948 tors  12   11   10    9 val=  -0.02469
       -0.2886751345948 tors  11   10    9    8
        0.5773502691896 tors  10    9    8    7
       -0.2886751345948 tors   9    8    7   12
       -0.2886751345948 tors   8    7   12   11
        0.5773502691896 tors   7   12   11   10
 191 k  0.5000000000000 tors  12   11   10    9 val=  -0.00426
       -0.5000000000000 tors  11   10    9    8
        0.5000000000000 tors   9    8    7   12
       -0.5000000000000 tors   8    7   12   11
 192 k -0.4082482904639 tors  12   11   10    9 val=   0.00908
        0.4082482904639 tors  11   10    9    8
       -0.4082482904639 tors  10    9    8    7
        0.4082482904639 tors   9    8    7   12
       -0.4082482904639 tors   8    7   12   11
        0.4082482904639 tors   7   12   11   10
       192 non zero eigenvalues  of BmBt
           1          10.845055666    1    0
         1
           2           5.276619420    2    0
         2
           3           4.804180414    3    0
         3
           4           4.575252167    4    0
         4
           5           4.496471593    5    0
         5
           6           4.359691818    6    0
         6
           7           4.258033759    7    0
         7
           8           4.240776362    8    0
         8
           9           3.813747091    9    0
         9
          10           3.812381073   10    0
        10
          11           3.746684919   11    0
        11
          12           3.715303558   12    0
        12
          13           3.677227455   13    0
        13
          14           3.667153163   14    0
        14
          15           3.664353170   15    0
        15
          16           3.655098021   16    0
        16
          17           3.637839515   17    0
        17
          18           3.544772066   18    0
        18
          19           3.520571503   19    0
        19
          20           3.477943752   20    0
        20
          21           3.458985391   21    0
        21
          22           3.450479910   22    0
        22
          23           3.426605930   23    0
        23
          24           3.353983498   24    0
        24
          25           3.317984876   25    0
        25
          26           3.290681390   26    0
        26
          27           3.281061722   27    0
        27
          28           3.272705369   28    0
        28
          29           3.262303884   29    0
        29
          30           3.254595699   30    0
        30
          31           3.246158666   31    0
        31
          32           3.241760483   32    0
        32
          33           3.222734984   33    0
        33
          34           3.201074001   34    0
        34
          35           3.154811285   35    0
        35
          36           3.152537277   36    0
        36
          37           3.124220843   37    0
        37
          38           3.115499902   38    0
        38
          39           3.107179974   39    0
        39
          40           3.105657545   40    0
        40
          41           3.097904973   41    0
        41
          42           3.089921432   42    0
        42
          43           3.085130086   43    0
        43
          44           3.077195097   44    0
        44
          45           3.075002021   45    0
        45
          46           3.060036771   46    0
        46
          47           3.053993775   47    0
        47
          48           2.993074799   48    0
        48
          49           2.621102089   49    0
        49
          50           1.939254928   50    0
        50
          51           1.908926992   51    0
        51
          52           1.891990703   52    0
        52
          53           1.828916713   53    0
        53
          54           1.726875538   54    0
        54
          55           1.695473900   55    0
        55
          56           1.579623247   56    0
        56
          57           1.535344640   57    0
        57
          58           1.493175037   58    0
        58
          59           1.458296875   59    0
        59
          60           1.446484946   60    0
        60
          61           1.434041958   61    0
        61
          62           1.418658110   62    0
        62
          63           1.415028798   63    0
        63
          64           1.360206774   64    0
        64
          65           1.353605791   65    0
        65
          66           1.329191253   66    0
        66
          67           1.133133065   67    0
        67
          68           0.995492295   68    0
        68
          69           0.888339059   69    0
        69
          70           0.877427327   70    0
        70
          71           0.875189787   71    0
        71
          72           0.871974510   72    0
        72
          73           0.866918072   73    0
        73
          74           0.858666343   74    0
        74
          75           0.855917053   75    0
        75
          76           0.855141065   76    0
        76
          77           0.853143060   77    0
        77
          78           0.851710737   78    0
        78
          79           0.850239954   79    0
        79
          80           0.847930052   80    0
        80
          81           0.847398697   81    0
        81
          82           0.837845135   82    0
        82
          83           0.827017231   83    0
        83
          84           0.826166347   84    0
        84
          85           0.824393398   85    0
        85
          86           0.821287951   86    0
        86
          87           0.813432507   87    0
        87
          88           0.812686465   88    0
        88
          89           0.809596495   89    0
        89
          90           0.807809445   90    0
        90
          91           0.803570163   91    0
        91
          92           0.725988420   92    0
        92
          93           0.698862719   93    0
        93
          94           0.698206885   94    0
        94
          95           0.696813633   95    0
        95
          96           0.696599580   96    0
        96
          97           0.695740358   97    0
        97
          98           0.694835791   98    0
        98
          99           0.694267600   99    0
        99
         100           0.694060854  100    0
       100
         101           0.693837508  101    0
       101
         102           0.693303715  102    0
       102
         103           0.692810136  103    0
       103
         104           0.691674902  104    0
       104
         105           0.689265647  105    0
       105
         106           0.686864817  106    0
       106
         107           0.680335547  107    0
       107
         108           0.678811267  108    0
       108
         109           0.677558214  109    0
       109
         110           0.673169372  110    0
       110
         111           0.672963136  111    0
       111
         112           0.672040872  112    0
       112
         113           0.671000794  113    0
       113
         114           0.670025233  114    0
       114
         115           0.667241892  115    0
       115
         116           0.643515652  116    0
       116
         117           0.592426968  117    0
       117
         118           0.577756565  118    0
       118
         119           0.516083703  119    0
       119
         120           0.420683097  120    0
       120
         121           0.395829808  121    0
       121
         122           0.382478851  122    0
       122
         123           0.354415131  123    0
       123
         124           0.353783904  124    0
       124
         125           0.346618214  125    0
       125
         126           0.344817337  126    0
       126
         127           0.343718244  127    0
       127
         128           0.342961461  128    0
       128
         129           0.342415612  129    0
       129
         130           0.341484895  130    0
       130
         131           0.340519169  131    0
       131
         132           0.340074936  132    0
       132
         133           0.338201986  133    0
       133
         134           0.337212433  134    0
       134
         135           0.334778484  135    0
       135
         136           0.308596729  136    0
       136
         137           0.300617772  137    0
       137
         138           0.298607011  138    0
       138
         139           0.297929512  139    0
       139
         140           0.297506597  140    0
       140
         141           0.297190070  141    0
       141
         142           0.294305023  142    0
       142
         143           0.292946072  143    0
       143
         144           0.292063119  144    0
       144
         145           0.290929842  145    0
       145
         146           0.288498255  146    0
       146
         147           0.287664898  147    0
       147
         148           0.280876435  148    0
       148
         149           0.275614927  149    0
       149
         150           0.270162078  150    0
       150
         151           0.263772810  151    0
       151
         152           0.251609946  152    0
       152
         153           0.191794802  153    0
       153
         154           0.179802797  154    0
       154
         155           0.131525228  155    0
       155
         156           0.121029602  156    0
       156
         157           0.109118973  157    0
       157
         158           0.098531993  158    0
       158
         159           0.092912765  159    0
       159
         160           0.087106689  160    0
       160
         161           0.073004200  161    0
       161
         162           0.066407372  162    0
       162
         163           0.061192538  163    0
       163
         164           0.054987749  164    0
       164
         165           0.050269947  165    0
       165
         166           0.046212814  166    0
       166
         167           0.045615335  167    0
       167
         168           0.044345660  168    0
       168
         169           0.040406568  169    0
       169
         170           0.035565103  170    0
       170
         171           0.035010342  171    0
       171
         172           0.032790221  172    0
       172
         173           0.031649196  173    0
       173
         174           0.029846627  174    0
       174
         175           0.029749458  175    0
       175
         176           0.029123049  176    0
       176
         177           0.028630342  177    0
       177
         178           0.028335846  178    0
       178
         179           0.027655610  179    0
       179
         180           0.026356902  180    0
       180
         181           0.025167562  181    0
       181
         182           0.024494586  182    0
       182
         183           0.022688617  183    0
       183
         184           0.010629341  184    0
       184
         185           0.008935930  185    0
       185
         186           0.005044706  186    0
       186
         187           0.004603830  187    0
       187
         188           0.003626280  188    0
       188
         189           0.003226731  189    0
       189
         190           0.002603653  190    0
       190
         191           0.002132473  191    0
       191
         192           0.000908964  192    0
       192
$end
