$coord
    2.37776601374251     -2.60626325306993      4.17214896422366      pd
    6.01622755294734     -4.92957761761361      4.59310812200276      cl
   -5.23983503355272     -0.47344305352656      4.39431455592704      c
   -0.96458400306510     -0.85571489000281      4.32404475628790      c
   -3.21998835976370     -2.13862701816832      4.48321816122450      n
   -5.19787784118402      3.68016683863310      4.10500041467892      h
   -1.64219176634561      1.64177490375430      4.20102324053695      n
   -7.18052547080383     -1.06913251433988      4.49573277556725      h
    2.78188228625380     -1.48526929351418      0.63344416491827      c
    5.14112253761983     -0.51718068021902     -0.06933299393224      c
    5.52301645354231      0.35200823479030     -2.53098573483519      c
    3.60199079015958      0.25762551089578     -4.34870486629260      c
    1.26805084998522     -0.74163183760795     -3.61917899954199      c
    0.84698580545562     -1.59930968075337     -1.15625936808537      c
    6.67825022060437     -0.45814695314886      1.28410771244898      h
    7.36741573828017      1.10563817110838     -3.04285238051896      h
   -0.26704570906518     -0.83484425471974     -4.98572666555834      h
   -1.00656048393347     -2.31320551504716     -0.65373143918453      h
    4.05797608452923      1.15231004095997     -7.01871455224325      c
    2.27684711434080      1.58472644868655     -7.97688634630592      h
    5.03184401338335     -0.30080577415364     -8.13316313343772      h
    5.24171440170787      2.84947231416435     -7.05157375747638      h
   -3.45861773837678     -4.94710048519049      4.86526050639902      c
   -6.24025949657158     -5.60448727176318      5.33749013781599      c
   -2.51926229257337     -6.33267740775623      2.49946119224221      c
   -7.42565917159970     -5.14770658722682      3.70476084947585      h
   -6.37161433031133     -7.64106766119063      5.65563269015821      h
   -6.98579973719309     -4.64564649481365      7.01246695496892      h
   -2.21198083255728     -7.70399279886775      7.61155084928748      h
   -2.43929647462331     -4.57995936189993      8.84344858554112      h
   -0.53106615679630     -5.87916389640215      2.14263263815356      h
   -1.89910012572250     -5.70298782463158      7.19415758819060      c
   -3.64995139487777     -5.81000024919441      0.84792453447818      h
   -2.68453109072562     -8.37346280755785      2.79144391050924      h
    0.13279370496609     -5.46087950737166      6.84223298313713      h
   -4.25495040941092      1.88253322426783      4.20626307595963      c
    0.50957625098009      4.62973243462995      1.30611737436913      c
   -1.29516332847850      4.96541584402561      0.35070997582270      h
    1.62591924642314      6.36965950185830      1.22015862727775      h
    0.07259074353213      3.91745205639634      4.08456903887467      c
    3.70708506748890      5.10631994913835      5.40555405115908      h
   -1.24315772308884      6.11280415716054      5.46548990215557      c
   -1.81249002359724      5.56477197807430      7.37681648617360      h
    1.52465095161616      3.14088767786735      0.30674041809295      h
    3.63945505949486      1.87107849136826      4.50608490115469      h
   -2.89649359931308      6.81466604891541      4.44134609521784      h
    0.09792630692682      7.67777612840969      5.60958677841922      h
    2.57379438670560      3.37590452540127      5.43392827191594      c
    2.24993189384490      2.83078905024554      7.40242273764599      h
$user-defined bonds
$redundant
     number_of_atoms            49
     degrees_of_freedom        141
     internal_coordinates      141
     frozen_coordinates          0
# definitions of redundant internals
   1 k  1.0000000000000 stre   1    2           val=   4.33744
   2 k  1.0000000000000 bend   9    2    1      val=  99.32298
   3 k  1.0000000000000 outp   2    4    9    1 val=   2.15810
   4 k  1.0000000000000 stre  36    6           val=   2.03245
   5 k  0.7071100413306 bend   3    6   36      val=   3.41526
       -0.7071035210275 bend   7    6   36
   6 k  1.0000000000000 outp   6    7    3   36 val=  -0.75754
   7 k  1.0000000000000 stre   3    8           val=   2.03259
   8 k  0.7071097687506 bend  36    8    3      val=   3.29400
       -0.7071037936099 bend   5    8    3
   9 k  1.0000000000000 outp   8    5   36    3 val=   0.74378
  10 k  1.0000000000000 stre  10   15           val=   2.04891
  11 k -0.7071067477495 bend  11   15   10      val=   0.19610
        0.7071068146236 bend   9   15   10
  12 k  1.0000000000000 outp  15    9   11   10 val=   0.56425
  13 k  1.0000000000000 stre  11   16           val=   2.05713
  14 k -0.7071067685016 bend  10   16   11      val=   0.34027
        0.7071067938715 bend  12   16   11
  15 k  1.0000000000000 outp  16   12   10   11 val=  -0.42999
  16 k  1.0000000000000 stre  13   17           val=   2.05734
  17 k -0.7071065766065 bend  14   17   13      val=   0.24075
        0.7071069857665 bend  12   17   13
  18 k  1.0000000000000 outp  17   12   14   13 val=  -0.70041
  19 k  1.0000000000000 stre  14   18           val=   2.04886
  20 k -0.7071037600907 bend  13   18   14      val=   0.86664
        0.7071098022695 bend   9   18   14
  21 k  1.0000000000000 outp  18    9   13   14 val=   1.09260
  22 k  0.4082482904639 tors  20   19   12   11 val= 111.30312
        0.4082482904639 tors  20   19   12   13
        0.4082482904639 tors  22   19   12   11
        0.4082482904639 tors  22   19   12   13
        0.4082482904639 tors  21   19   12   11
        0.4082482904639 tors  21   19   12   13
  23 k  1.0000000000000 stre  19   20           val=   2.06821
  24 k  1.0000000000000 stre  19   22           val=   2.06946
  25 k  1.0000000000000 stre  19   21           val=   2.07412
  26 k  0.4400557798910 bend  22   20   19      val=   1.97183
        0.4156571851086 bend  21   20   19
        0.4092285005194 bend  21   22   19
       -0.3908743268979 bend  12   20   19
       -0.3930955029309 bend  12   22   19
       -0.3985037459829 bend  12   21   19
  27 k -0.0571831222373 bend  22   20   19      val=   0.14810
       -0.5460359025705 bend  21   20   19
        0.6134727337000 bend  21   22   19
       -0.4224631610197 bend  12   20   19
        0.3770574461739 bend  12   22   19
        0.0397322099553 bend  12   21   19
  28 k -0.6653714791408 bend  22   20   19      val=   0.46092
        0.4026995142390 bend  21   20   19
        0.2966926568055 bend  21   22   19
       -0.1956289844319 bend  12   20   19
       -0.2665081006408 bend  12   22   19
        0.4447359847352 bend  12   21   19
  29 k  0.0430350977475 bend  22   20   19      val=   0.16823
        0.3771206928975 bend  21   20   19
       -0.4220711591648 bend  21   22   19
       -0.6103278906044 bend  12   20   19
        0.5487086880632 bend  12   22   19
        0.0648270124713 bend  12   21   19
  30 k  0.4477396740630 bend  22   20   19      val=   0.29117
       -0.2650143340893 bend  21   20   19
       -0.1904995348960 bend  21   22   19
       -0.2787965589702 bend  12   20   19
       -0.3900186108000 bend  12   22   19
        0.6805618826658 bend  12   21   19
  31 k  0.3333333333333 tors  27   24   23    5 val=  61.02659
        0.3333333333333 tors  27   24   23   25
        0.3333333333333 tors  27   24   23   32
        0.3333333333333 tors  26   24   23    5
        0.3333333333333 tors  26   24   23   25
        0.3333333333333 tors  26   24   23   32
        0.3333333333333 tors  28   24   23    5
        0.3333333333333 tors  28   24   23   25
        0.3333333333333 tors  28   24   23   32
  32 k  1.0000000000000 stre  24   27           val=   2.06546
  33 k  1.0000000000000 stre  24   26           val=   2.06873
  34 k  1.0000000000000 stre  24   28           val=   2.06900
  35 k  0.3790096633313 bend  26   27   24      val=   1.55082
        0.3928543105488 bend  28   27   24
        0.4780555741457 bend  28   26   24
       -0.4125980019408 bend  23   27   24
       -0.3923703694529 bend  23   26   24
       -0.3863785912584 bend  23   28   24
  36 k  0.5962012885791 bend  26   27   24      val=   0.20622
       -0.5702244614705 bend  28   27   24
       -0.0078372570281 bend  28   26   24
        0.0068190839392 bend  23   27   24
        0.3904564297355 bend  23   26   24
       -0.4084408659917 bend  23   28   24
  37 k  0.3778790785488 bend  26   27   24      val=   2.20900
        0.4056584325192 bend  28   27   24
       -0.6577610122542 bend  28   26   24
        0.3974460283620 bend  23   27   24
       -0.2331368500294 bend  23   26   24
       -0.2183642657971 bend  23   28   24
  38 k -0.4389579912536 bend  26   27   24      val=   0.02595
        0.3409124814263 bend  28   27   24
        0.0911206879520 bend  28   26   24
        0.1576800817917 bend  23   27   24
        0.4951681766356 bend  23   26   24
       -0.6424461462279 bend  23   28   24
  39 k -0.1228285085257 bend  26   27   24      val=  -0.50653
       -0.2968600333966 bend  28   27   24
        0.3977970143003 bend  28   26   24
        0.6953111268114 bend  23   27   24
       -0.4624767705047 bend  23   26   24
       -0.2029839578752 bend  23   28   24
  40 k  0.3333333333333 tors  29   32   23    5 val=  53.99935
        0.3333333333333 tors  29   32   23   24
        0.3333333333333 tors  29   32   23   25
        0.3333333333333 tors  30   32   23    5
        0.3333333333333 tors  30   32   23   24
        0.3333333333333 tors  30   32   23   25
        0.3333333333333 tors  35   32   23    5
        0.3333333333333 tors  35   32   23   24
        0.3333333333333 tors  35   32   23   25
  41 k  1.0000000000000 stre  32   29           val=   2.06788
  42 k  1.0000000000000 stre  32   30           val=   2.06716
  43 k  1.0000000000000 stre  32   35           val=   2.07631
  44 k  0.4178165712340 bend  30   29   32      val=   1.36629
        0.3862074833058 bend  35   29   32
        0.4457340061542 bend  35   30   32
       -0.4074843524591 bend  23   29   32
       -0.3872057159050 bend  23   30   32
       -0.4020230397254 bend  23   35   32
  45 k -0.6010666803714 bend  30   29   32      val=  -0.23189
        0.5822102018168 bend  35   29   32
        0.0488130827582 bend  35   30   32
       -0.0306698199655 bend  23   29   32
       -0.3820990278088 bend  23   30   32
        0.3878493324608 bend  23   35   32
  46 k  0.3361467950978 bend  30   29   32      val=   0.76025
        0.3987396573436 bend  35   29   32
       -0.6746142174098 bend  35   30   32
        0.4154807413560 bend  23   29   32
       -0.2447366729294 bend  23   30   32
       -0.2009661413304 bend  23   35   32
  47 k  0.1892838620776 bend  30   29   32      val=   0.51060
       -0.4408808322978 bend  35   29   32
        0.2452888334400 bend  35   30   32
        0.4069031807630 bend  23   29   32
       -0.6794340636313 bend  23   30   32
        0.2871032116181 bend  23   35   32
  48 k  0.3984994511912 bend  30   29   32      val=   0.52222
       -0.0462827837459 bend  35   29   32
       -0.3444611147912 bend  35   30   32
       -0.5708489594273 bend  23   29   32
       -0.0610150938263 bend  23   30   32
        0.6251489866999 bend  23   35   32
  49 k  0.3333333333333 tors  31   25   23    5 val=  59.63578
        0.3333333333333 tors  31   25   23   24
        0.3333333333333 tors  31   25   23   32
        0.3333333333333 tors  34   25   23    5
        0.3333333333333 tors  34   25   23   24
        0.3333333333333 tors  34   25   23   32
        0.3333333333333 tors  33   25   23    5
        0.3333333333333 tors  33   25   23   24
        0.3333333333333 tors  33   25   23   32
  50 k  1.0000000000000 stre  25   31           val=   2.07025
  51 k  1.0000000000000 stre  25   34           val=   2.06818
  52 k  1.0000000000000 stre  25   33           val=   2.06863
  53 k  0.4058754756919 bend  34   31   25      val=   1.48405
        0.4401951713454 bend  33   31   25
        0.4015997299621 bend  33   34   25
       -0.3989594035864 bend  23   31   25
       -0.4049229334060 bend  23   34   25
       -0.3963329137761 bend  23   33   25
  54 k -0.5518983667599 bend  34   31   25      val=   0.49292
       -0.0665790857346 bend  33   31   25
        0.6281049077418 bend  33   34   25
       -0.4065070074474 bend  23   31   25
        0.0462494551102 bend  23   34   25
        0.3592668698604 bend  23   33   25
  55 k  0.4258221508512 bend  34   31   25      val=   0.82773
       -0.6781381736132 bend  33   31   25
        0.3004679170198 bend  33   34   25
       -0.1803058379735 bend  23   31   25
        0.4140279450467 bend  23   34   25
       -0.2541531225222 bend  23   33   25
  56 k -0.4221715250768 bend  34   31   25      val=  -0.05798
        0.1016346862924 bend  33   31   25
        0.3222782387818 bend  33   34   25
        0.4889917395907 bend  23   31   25
        0.1732699225978 bend  23   34   25
       -0.6621502422406 bend  23   33   25
  57 k -0.1129022526284 bend  34   31   25      val=  -0.15387
        0.4068033007767 bend  33   31   25
       -0.3069248394039 bend  33   34   25
       -0.4776446474371 bend  23   31   25
        0.6808004696456 bend  23   34   25
       -0.1895457994538 bend  23   33   25
  58 k  0.3333333333333 tors  44   37   40    7 val=  57.06406
        0.3333333333333 tors  44   37   40   42
        0.3333333333333 tors  44   37   40   48
        0.3333333333333 tors  38   37   40    7
        0.3333333333333 tors  38   37   40   42
        0.3333333333333 tors  38   37   40   48
        0.3333333333333 tors  39   37   40    7
        0.3333333333333 tors  39   37   40   42
        0.3333333333333 tors  39   37   40   48
  59 k  1.0000000000000 stre  37   44           val=   2.06053
  60 k  1.0000000000000 stre  37   38           val=   2.06944
  61 k  1.0000000000000 stre  37   39           val=   2.06905
  62 k  0.4248760616332 bend  38   44   37      val=   1.36727
        0.4144549344435 bend  39   44   37
        0.4094415159285 bend  39   38   37
       -0.4043472477246 bend  40   44   37
       -0.3982476052708 bend  40   38   37
       -0.3974509186733 bend  40   39   37
  63 k -0.0356291220409 bend  38   44   37      val=   0.12744
       -0.5728520373528 bend  39   44   37
        0.6133477771752 bend  39   38   37
       -0.3962290523046 bend  40   44   37
        0.3694872399252 bend  40   38   37
        0.0292802124280 bend  40   39   37
  64 k -0.6899378030901 bend  38   44   37      val=   0.49792
        0.3902171784127 bend  39   44   37
        0.3177690236964 bend  39   38   37
       -0.1936330592223 bend  40   44   37
       -0.2303205646072 bend  40   38   37
        0.4244972379334 bend  40   39   37
  65 k -0.4113997094466 bend  38   44   37      val=   0.70532
        0.1251629114426 bend  39   44   37
        0.2995438660608 bend  39   38   37
        0.4643222405920 bend  40   44   37
        0.2091644533465 bend  40   38   37
       -0.6826515108895 bend  40   39   37
  66 k  0.0904869107752 bend  38   44   37      val=   0.02489
       -0.4160679620530 bend  39   44   37
        0.3304141553134 bend  39   38   37
        0.5015825717247 bend  40   44   37
       -0.6591016805537 bend  40   38   37
        0.1533817275076 bend  40   39   37
  67 k  0.3333333333333 tors  45   48   40    7 val=  62.18879
        0.3333333333333 tors  45   48   40   37
        0.3333333333333 tors  45   48   40   42
        0.3333333333333 tors  41   48   40    7
        0.3333333333333 tors  41   48   40   37
        0.3333333333333 tors  41   48   40   42
        0.3333333333333 tors  49   48   40    7
        0.3333333333333 tors  49   48   40   37
        0.3333333333333 tors  49   48   40   42
  68 k  1.0000000000000 stre  48   45           val=   2.06423
  69 k  1.0000000000000 stre  48   41           val=   2.06869
  70 k  1.0000000000000 stre  48   49           val=   2.06809
  71 k  0.4001873429554 bend  41   45   48      val=   1.25682
        0.4369462754116 bend  49   45   48
        0.4106093136885 bend  49   41   48
       -0.4016623445687 bend  40   45   48
       -0.4044348664112 bend  40   41   48
       -0.3942433693050 bend  40   49   48
  72 k -0.5690374712329 bend  41   45   48      val=  -0.11053
       -0.0533702375626 bend  49   45   48
        0.6147985680314 bend  49   41   48
       -0.3962032481786 bend  40   45   48
        0.0360148673765 bend  40   41   48
        0.3702655942463 bend  40   49   48
  73 k  0.4069781101668 bend  41   45   48      val=   0.73928
       -0.6807446382405 bend  49   45   48
        0.3180749702231 bend  49   41   48
       -0.1898494922837 bend  40   45   48
        0.4170739483591 bend  40   41   48
       -0.2445206750958 bend  40   49   48
  74 k -0.3943478168172 bend  41   45   48      val=  -0.72103
        0.3454327773456 bend  49   45   48
        0.0412678788395 bend  49   41   48
        0.0547399875075 bend  40   45   48
        0.5771922389913 bend  40   41   48
       -0.6223468573864 bend  40   49   48
  75 k -0.1926024499766 bend  41   45   48      val=   0.95512
       -0.2396669160346 bend  49   45   48
        0.4404507027425 bend  49   41   48
        0.6842470542589 bend  40   45   48
       -0.3982641446237 bend  40   41   48
       -0.2909619973816 bend  40   49   48
  76 k  0.3333333333333 tors  47   42   40    7 val=  51.78803
        0.3333333333333 tors  47   42   40   37
        0.3333333333333 tors  47   42   40   48
        0.3333333333333 tors  46   42   40    7
        0.3333333333333 tors  46   42   40   37
        0.3333333333333 tors  46   42   40   48
        0.3333333333333 tors  43   42   40    7
        0.3333333333333 tors  43   42   40   37
        0.3333333333333 tors  43   42   40   48
  77 k  1.0000000000000 stre  42   47           val=   2.06601
  78 k  1.0000000000000 stre  42   46           val=   2.06761
  79 k  1.0000000000000 stre  42   43           val=   2.06825
  80 k  0.3766312933963 bend  46   47   42      val=   1.51573
        0.3961955816643 bend  43   47   42
        0.4774921876476 bend  43   46   42
       -0.4120073887999 bend  40   47   42
       -0.3946517323452 bend  40   46   42
       -0.3842903360366 bend  40   43   42
  81 k  0.5847470749786 bend  46   47   42      val=   0.09556
       -0.5820342483206 bend  43   47   42
        0.0167382856197 bend  43   46   42
       -0.0107022182611 bend  40   47   42
        0.3966132789119 bend  40   46   42
       -0.4020077006668 bend  40   43   42
  82 k  0.3989692263789 bend  46   47   42      val=   2.26161
        0.3846418998602 bend  43   47   42
       -0.6583670273809 bend  43   46   42
        0.3973280284503 bend  40   47   42
       -0.2194619401009 bend  40   46   42
       -0.2310712383381 bend  40   43   42
  83 k -0.4530420326556 bend  46   47   42      val=   0.45686
        0.2749391473476 bend  43   47   42
        0.1685549138975 bend  43   46   42
        0.2949439759465 bend  40   47   42
        0.3926100121552 bend  40   46   42
       -0.6705341544712 bend  40   43   42
  84 k -0.0316036129339 bend  46   47   42      val=  -0.83823
       -0.3603538264912 bend  43   47   42
        0.3710652201370 bend  43   46   42
        0.6493836388695 bend  40   47   42
       -0.5520475260892 bend  40   46   42
       -0.0707202396399 bend  40   43   42
  85 k  1.0000000000000 stre  12   19           val=   2.85260
  86 k  0.7071073602024 bend  13   19   12      val=   0.08995
       -0.7071062021702 bend  11   19   12
  87 k  1.0000000000000 outp  19   11   13   12 val=   1.12739
  88 k  0.4082482904639 tors  25   23    5    3 val=  84.07238
        0.4082482904639 tors  25   23    5    4
        0.4082482904639 tors  24   23    5    3
        0.4082482904639 tors  24   23    5    4
        0.4082482904639 tors  32   23    5    3
        0.4082482904639 tors  32   23    5    4
  89 k  1.0000000000000 stre  23   25           val=   2.89814
  90 k  1.0000000000000 stre  23   24           val=   2.89701
  91 k  1.0000000000000 stre  23   32           val=   2.90297
  92 k -0.4081432444538 bend  24   25   23      val=   0.61266
       -0.3320182864042 bend  32   25   23
        0.4485600187334 bend  32   24   23
       -0.4624937118597 bend   5   25   23
        0.3430644496558 bend   5   24   23
        0.4363292437671 bend   5   32   23
  93 k  0.1564373059664 bend  24   25   23      val=   0.20789
       -0.6214801741250 bend  32   25   23
       -0.2970890466304 bend  32   24   23
        0.3225145255208 bend   5   25   23
        0.6097670558698 bend   5   24   23
       -0.1587336739567 bend   5   32   23
  94 k  0.5493021046092 bend  24   25   23      val=   0.87478
       -0.0743271689044 bend  32   25   23
        0.4369924319930 bend  32   24   23
       -0.4485261549268 bend   5   25   23
        0.0927955234102 bend   5   24   23
       -0.5403642876773 bend   5   32   23
  95 k -0.5622226229481 bend  24   25   23      val=   0.46362
        0.1477661868310 bend  32   25   23
        0.4254428104971 bend  32   24   23
        0.3950913351346 bend   5   25   23
        0.1499885176403 bend   5   24   23
       -0.5499777929597 bend   5   32   23
  96 k -0.1517363813448 bend  24   25   23      val=   0.65523
        0.5525651899155 bend  32   25   23
       -0.4204673677155 bend  32   24   23
       -0.3911796063433 bend   5   25   23
        0.5654985129722 bend   5   24   23
       -0.1484753230801 bend   5   32   23
  97 k  0.4082482904639 tors  37   40    7    4 val=  62.01284
        0.4082482904639 tors  37   40    7   36
        0.4082482904639 tors  48   40    7    4
        0.4082482904639 tors  48   40    7   36
        0.4082482904639 tors  42   40    7    4
        0.4082482904639 tors  42   40    7   36
  98 k  1.0000000000000 stre  40   37           val=   2.90140
  99 k  1.0000000000000 stre  40   48           val=   2.89311
 100 k  1.0000000000000 stre  40   42           val=   2.90821
 101 k -0.2451336792111 bend  48   37   40      val=   0.55664
       -0.4891085303475 bend  42   37   40
        0.4213492729574 bend  42   48   40
       -0.4369626861326 bend   7   37   40
        0.5204511884389 bend   7   48   40
        0.2476717311611 bend   7   42   40
 102 k -0.6593324274539 bend  48   37   40      val=   0.12272
        0.1080109852326 bend  42   37   40
       -0.2365042735991 bend  42   48   40
        0.2646537784241 bend   7   37   40
       -0.1027058243899 bend   7   48   40
        0.6458250513479 bend   7   42   40
 103 k -0.1034261845167 bend  48   37   40      val=   0.64484
        0.4879279478759 bend  42   37   40
        0.4986758543398 bend  42   48   40
       -0.5065368631522 bend   7   37   40
       -0.4794867064684 bend   7   48   40
        0.1267463566510 bend   7   42   40
 104 k -0.0386770502428 bend  48   37   40      val=   0.75870
        0.5275399981439 bend  42   37   40
       -0.4957150928877 bend  42   48   40
       -0.4630075362598 bend   7   37   40
        0.5085304490403 bend   7   48   40
       -0.0386391846675 bend   7   42   40
 105 k  0.5663210723623 bend  48   37   40      val=   0.49716
       -0.2590837409732 bend  42   37   40
       -0.3311543148602 bend  42   48   40
       -0.3094052194299 bend   7   37   40
       -0.2480306383002 bend   7   48   40
        0.5875730512585 bend   7   42   40
 106 k  1.0000000000000 stre   5   23           val=   2.84437
 107 k  0.7071561624519 bend   4   23    5      val=   0.03292
       -0.7070573964724 bend   3   23    5
 108 k  1.0000000000000 outp  23    3    4    5 val=  -2.91898
 109 k  1.0000000000000 stre   7   40           val=   2.85180
 110 k  0.7071265816291 bend   4   40    7      val=   3.08578
       -0.7070869801895 bend  36   40    7
 111 k  1.0000000000000 outp  40   36    4    7 val=   0.22664
 112 k  1.0000000000000 stre   4    7           val=   2.59070
 113 k  1.0000000000000 stre   7   36           val=   2.62383
 114 k  1.0000000000000 stre  36    3           val=   2.56047
 115 k  1.0000000000000 stre   3    5           val=   2.61926
 116 k  1.0000000000000 stre   5    4           val=   2.59962
 117 k -0.5116672736017 bend   4   36    7      val=  -2.49494
        0.1954395075848 bend   7    3   36
        0.1954395075849 bend  36    5    3
       -0.5116672736017 bend   3    4    5
        0.6324555320337 bend   5    7    4
 118 k  0.3717480344602 bend   4   36    7      val=  -0.19798
       -0.6015009550075 bend   7    3   36
        0.6015009550075 bend  36    5    3
       -0.3717480344602 bend   3    4    5
 119 k -0.5116672736017 tors  36    3    5    4 val=  -0.35189
        0.1954395075848 tors   3    5    4    7
        0.1954395075849 tors   5    4    7   36
       -0.5116672736017 tors   4    7   36    3
        0.6324555320337 tors   7   36    3    5
 120 k  0.3717480344602 tors  36    3    5    4 val=  -1.42116
       -0.6015009550075 tors   3    5    4    7
        0.6015009550075 tors   5    4    7   36
       -0.3717480344602 tors   4    7   36    3
 121 k  0.7071067811865 tors   7    4    1    9 val=  22.69021
        0.7071067811865 tors   5    4    1    9
 122 k  0.7081563643955 bend   1    7    4      val=   5.07850
       -0.7060556377270 bend   1    5    4
 123 k  1.0000000000000 outp   7    1    5    4 val=   2.30815
 124 k  1.0000000000000 stre   9   14           val=   2.63816
 125 k  1.0000000000000 stre  14   13           val=   2.64176
 126 k  1.0000000000000 stre  13   12           val=   2.64159
 127 k  1.0000000000000 stre  12   11           val=   2.64638
 128 k  1.0000000000000 stre  11   10           val=   2.63838
 129 k  1.0000000000000 stre  10    9           val=   2.64520
 130 k -0.2886751345948 bend   9   13   14      val=  -1.10791
       -0.2886751345948 bend  14   12   13
        0.5773502691896 bend  13   11   12
       -0.2886751345948 bend  12   10   11
       -0.2886751345948 bend  11    9   10
        0.5773502691896 bend  10   14    9
 131 k  0.5000000000000 bend   9   13   14      val=   0.11505
       -0.5000000000000 bend  14   12   13
        0.5000000000000 bend  12   10   11
       -0.5000000000000 bend  11    9   10
 132 k -0.4082482904639 bend   9   13   14      val=   0.77877
        0.4082482904639 bend  14   12   13
       -0.4082482904639 bend  13   11   12
        0.4082482904639 bend  12   10   11
       -0.4082482904639 bend  11    9   10
        0.4082482904639 bend  10   14    9
 133 k -0.2886751345948 tors  14   13   12   11 val=  -0.43196
       -0.2886751345948 tors  13   12   11   10
        0.5773502691896 tors  12   11   10    9
       -0.2886751345948 tors  11   10    9   14
       -0.2886751345948 tors  10    9   14   13
        0.5773502691896 tors   9   14   13   12
 134 k  0.5000000000000 tors  14   13   12   11 val=   0.43234
       -0.5000000000000 tors  13   12   11   10
        0.5000000000000 tors  11   10    9   14
       -0.5000000000000 tors  10    9   14   13
 135 k -0.4082482904639 tors  14   13   12   11 val=   0.15264
        0.4082482904639 tors  13   12   11   10
       -0.4082482904639 tors  12   11   10    9
        0.4082482904639 tors  11   10    9   14
       -0.4082482904639 tors  10    9   14   13
        0.4082482904639 tors   9   14   13   12
 136 k  0.7071067811865 tors  14    9    1    4 val=  45.62455
        0.7071067811865 tors  10    9    1    4
 137 k  0.7076612314509 bend   1   14    9      val=   3.16216
       -0.7065518958303 bend   1   10    9
 138 k  1.0000000000000 outp  14    1   10    9 val=   0.37467
 139 k  1.0000000000000 stre   1    9           val=   3.73395
 140 k  1.0000000000000 stre   1    4           val=   3.77608
 141 k  1.0000000000000 bend   4    9    1      val=  89.69871
       141 non zero eigenvalues  of BmBt
           1          10.745420297    1    0
         1
           2           6.208904227    2    0
         2
           3           6.147445648    3    0
         3
           4           5.610098930    4    0
         4
           5           4.688299240    5    0
         5
           6           4.430680940    6    0
         6
           7           4.385407105    7    0
         7
           8           4.298029179    8    0
         8
           9           4.280848576    9    0
         9
          10           4.212840500   10    0
        10
          11           4.136608085   11    0
        11
          12           4.088528424   12    0
        12
          13           4.056123674   13    0
        13
          14           3.902612013   14    0
        14
          15           3.860075608   15    0
        15
          16           3.743504552   16    0
        16
          17           3.668469464   17    0
        17
          18           3.576904547   18    0
        18
          19           3.520558318   19    0
        19
          20           3.493053097   20    0
        20
          21           3.433233871   21    0
        21
          22           3.430217443   22    0
        22
          23           3.413112168   23    0
        23
          24           3.404539685   24    0
        24
          25           3.389314255   25    0
        25
          26           3.319552324   26    0
        26
          27           3.315210962   27    0
        27
          28           3.255358518   28    0
        28
          29           3.252100676   29    0
        29
          30           3.250703507   30    0
        30
          31           3.241571804   31    0
        31
          32           3.148615398   32    0
        32
          33           3.130237777   33    0
        33
          34           3.068507862   34    0
        34
          35           3.026904743   35    0
        35
          36           2.914469740   36    0
        36
          37           2.867787211   37    0
        37
          38           2.607288000   38    0
        38
          39           2.401514741   39    0
        39
          40           2.342747454   40    0
        40
          41           2.123845424   41    0
        41
          42           2.049675508   42    0
        42
          43           1.958296433   43    0
        43
          44           1.941897924   44    0
        44
          45           1.906177967   45    0
        45
          46           1.868812100   46    0
        46
          47           1.716890799   47    0
        47
          48           1.656823964   48    0
        48
          49           1.605810553   49    0
        49
          50           1.544906056   50    0
        50
          51           1.476652599   51    0
        51
          52           1.414785231   52    0
        52
          53           1.383457415   53    0
        53
          54           1.270337516   54    0
        54
          55           1.249258216   55    0
        55
          56           1.158962385   56    0
        56
          57           1.116356755   57    0
        57
          58           0.931320765   58    0
        58
          59           0.904556496   59    0
        59
          60           0.875704276   60    0
        60
          61           0.874290172   61    0
        61
          62           0.862004270   62    0
        62
          63           0.861739716   63    0
        63
          64           0.858307693   64    0
        64
          65           0.857625200   65    0
        65
          66           0.839106962   66    0
        66
          67           0.822866388   67    0
        67
          68           0.820996254   68    0
        68
          69           0.782937578   69    0
        69
          70           0.756614708   70    0
        70
          71           0.753181039   71    0
        71
          72           0.719526836   72    0
        72
          73           0.690647373   73    0
        73
          74           0.689484020   74    0
        74
          75           0.688493894   75    0
        75
          76           0.688012464   76    0
        76
          77           0.687439076   77    0
        77
          78           0.687161619   78    0
        78
          79           0.677247936   79    0
        79
          80           0.676113532   80    0
        80
          81           0.675573329   81    0
        81
          82           0.666197591   82    0
        82
          83           0.663635409   83    0
        83
          84           0.641389192   84    0
        84
          85           0.633976654   85    0
        85
          86           0.612861668   86    0
        86
          87           0.548889133   87    0
        87
          88           0.502764062   88    0
        88
          89           0.423786652   89    0
        89
          90           0.404500867   90    0
        90
          91           0.389263901   91    0
        91
          92           0.373175674   92    0
        92
          93           0.372379397   93    0
        93
          94           0.368414795   94    0
        94
          95           0.366837730   95    0
        95
          96           0.365661828   96    0
        96
          97           0.361899241   97    0
        97
          98           0.357145247   98    0
        98
          99           0.353747104   99    0
        99
         100           0.346816663  100    0
       100
         101           0.329504685  101    0
       101
         102           0.316555725  102    0
       102
         103           0.308642168  103    0
       103
         104           0.308125062  104    0
       104
         105           0.305928399  105    0
       105
         106           0.305178398  106    0
       106
         107           0.299363176  107    0
       107
         108           0.278780994  108    0
       108
         109           0.275155126  109    0
       109
         110           0.254967676  110    0
       110
         111           0.254452831  111    0
       111
         112           0.250333827  112    0
       112
         113           0.211644054  113    0
       113
         114           0.134368232  114    0
       114
         115           0.126305119  115    0
       115
         116           0.122116893  116    0
       116
         117           0.109544823  117    0
       117
         118           0.108734283  118    0
       118
         119           0.106992205  119    0
       119
         120           0.080553259  120    0
       120
         121           0.072033113  121    0
       121
         122           0.069534081  122    0
       122
         123           0.058803301  123    0
       123
         124           0.056657284  124    0
       124
         125           0.054748661  125    0
       125
         126           0.050997643  126    0
       126
         127           0.049574115  127    0
       127
         128           0.042956414  128    0
       128
         129           0.035410730  129    0
       129
         130           0.033484223  130    0
       130
         131           0.027863264  131    0
       131
         132           0.023486541  132    0
       132
         133           0.021082091  133    0
       133
         134           0.020687878  134    0
       134
         135           0.016845577  135    0
       135
         136           0.012973310  136    0
       136
         137           0.006402193  137    0
       137
         138           0.005956760  138    0
       138
         139           0.002846573  139    0
       139
         140           0.001654136  140    0
       140
         141           0.001356742  141    0
       141
$end
