****
N     0 
S   9   1.00
  45840.0000000              0.0000920        
   6868.0000000              0.0007170        
   1563.0000000              0.0037490        
    442.4000000              0.0155320        
    144.3000000              0.0531460        
     52.1800000              0.1467870        
     20.3400000              0.3046630        
      8.3810000              0.3976840        
      3.5290000              0.2176410        
S   9   1.00
  45840.0000000             -0.0000200        
   6868.0000000             -0.0001590        
   1563.0000000             -0.0008240        
    442.4000000             -0.0034780        
    144.3000000             -0.0119660        
     52.1800000             -0.0353880        
     20.3400000             -0.0800770        
      8.3810000             -0.1467220        
      3.5290000             -0.1163600        
S   1   1.00
      1.0540000              1.0000000        
S   1   1.00
      0.4118000              1.0000000        
S   1   1.00
      0.1552000              1.0000000        
S   1   1.00
      7.8290000              1.0000000        
S   1   1.00
     20.7350000              1.0000000        
S   1   1.00
     54.9170000              1.0000000        
S   1   1.00
      0.0546400              1.0000000        
P   3   1.00
     49.3300000              0.0055330        
     11.3700000              0.0379620        
      3.4350000              0.1490280        
P   1   1.00
      1.1820000              1.0000000        
P   1   1.00
      0.4173000              1.0000000        
P   1   1.00
      0.1428000              1.0000000        
P   1   1.00
      8.5540000              1.0000000        
P   1   1.00
     25.1900000              1.0000000        
P   1   1.00
     74.1850000              1.0000000        
P   1   1.00
      0.0440200              1.0000000        
D   1   1.00
      2.8370000              1.0000000        
D   1   1.00
      0.9680000              1.0000000        
D   1   1.00
      0.3350000              1.0000000        
D   1   1.00
      8.6930000              1.0000000        
D   1   1.00
     31.1670000              1.0000000        
D   1   1.00
      0.1110000              1.0000000        
F   1   1.00
      2.0270000              1.0000000        
F   1   1.00
      0.6850000              1.0000000        
F   1   1.00
      8.9720000              1.0000000        
F   1   1.00
      0.2450000              1.0000000        
G   1   1.00
      1.4270000              1.0000000        
G   1   1.00
      0.5590000              1.0000000        
****
O     0 
S   9   1.00
  61420.0000000              0.0000900        
   9199.0000000              0.0006980        
   2091.0000000              0.0036640        
    590.9000000              0.0152180        
    192.3000000              0.0524230        
     69.3200000              0.1459210        
     26.9700000              0.3052580        
     11.1000000              0.3985080        
      4.6820000              0.2169800        
S   9   1.00
  61420.0000000             -0.0000200        
   9199.0000000             -0.0001590        
   2091.0000000             -0.0008290        
    590.9000000             -0.0035080        
    192.3000000             -0.0121560        
     69.3200000             -0.0362610        
     26.9700000             -0.0829920        
     11.1000000             -0.1520900        
      4.6820000             -0.1153310        
S   1   1.00
      1.4280000              1.0000000        
S   1   1.00
      0.5547000              1.0000000        
S   1   1.00
      0.2067000              1.0000000        
S   1   1.00
     10.4780000              1.0000000        
S   1   1.00
     27.3140000              1.0000000        
S   1   1.00
     71.2060000              1.0000000        
S   1   1.00
      0.0695900              1.0000000        
P   3   1.00
     63.4200000              0.0060440        
     14.6600000              0.0417990        
      4.4590000              0.1611430        
P   1   1.00
      1.5310000              1.0000000        
P   1   1.00
      0.5302000              1.0000000        
P   1   1.00
      0.1750000              1.0000000        
P   1   1.00
     11.1610000              1.0000000        
P   1   1.00
     32.4590000              1.0000000        
P   1   1.00
     94.3980000              1.0000000        
P   1   1.00
      0.0534800              1.0000000        
D   1   1.00
      3.7750000              1.0000000        
D   1   1.00
      1.3000000              1.0000000        
D   1   1.00
      0.4440000              1.0000000        
D   1   1.00
     11.4690000              1.0000000        
D   1   1.00
     39.2390000              1.0000000        
D   1   1.00
      0.1540000              1.0000000        
F   1   1.00
      2.6660000              1.0000000        
F   1   1.00
      0.8590000              1.0000000        
F   1   1.00
     12.1630000              1.0000000        
F   1   1.00
      0.3240000              1.0000000        
G   1   1.00
      1.8460000              1.0000000        
G   1   1.00
      0.7140000              1.0000000        
****
F     0 
S   9   1.00
  74530.0000000              0.0000950        
  11170.0000000              0.0007380        
   2543.0000000              0.0038580        
    721.0000000              0.0159260        
    235.9000000              0.0542890        
     85.6000000              0.1495130        
     33.5500000              0.3082520        
     13.9300000              0.3948530        
      5.9150000              0.2110310        
S   9   1.00
  74530.0000000             -0.0000220        
  11170.0000000             -0.0001720        
   2543.0000000             -0.0008910        
    721.0000000             -0.0037480        
    235.9000000             -0.0128620        
     85.6000000             -0.0380610        
     33.5500000             -0.0862390        
     13.9300000             -0.1558650        
      5.9150000             -0.1109140        
S   1   1.00
      1.8430000              1.0000000        
S   1   1.00
      0.7124000              1.0000000        
S   1   1.00
      0.2637000              1.0000000        
S   1   1.00
     13.4540000              1.0000000        
S   1   1.00
     34.5810000              1.0000000        
S   1   1.00
     88.8800000              1.0000000        
S   1   1.00
      0.0859400              1.0000000        
P   3   1.00
     80.3900000              0.0063470        
     18.6300000              0.0442040        
      5.6940000              0.1685140        
P   1   1.00
      1.9530000              1.0000000        
P   1   1.00
      0.6702000              1.0000000        
P   1   1.00
      0.2166000              1.0000000        
P   1   1.00
     14.2300000              1.0000000        
P   1   1.00
     40.8620000              1.0000000        
P   1   1.00
    117.3390000              1.0000000        
P   1   1.00
      0.0656800              1.0000000        
D   1   1.00
      5.0140000              1.0000000        
D   1   1.00
      1.7250000              1.0000000        
D   1   1.00
      0.5860000              1.0000000        
D   1   1.00
     15.0000000              1.0000000        
D   1   1.00
     49.6100000              1.0000000        
D   1   1.00
      0.2070000              1.0000000        
F   1   1.00
      3.5620000              1.0000000        
F   1   1.00
      1.1480000              1.0000000        
F   1   1.00
     16.1680000              1.0000000        
F   1   1.00
      0.4600000              1.0000000        
G   1   1.00
      2.3760000              1.0000000        
G   1   1.00
      0.9240000              1.0000000        
****
S     0 
S   13   1.00
 727800.0000000              0.236025D-04     
 109000.0000000              0.183482D-03     
  24800.0000000              0.964278D-03     
   7014.0000000              0.406537D-02     
   2278.0000000              0.146973D-01     
    814.7000000              0.465081D-01     
    313.4000000              0.125508D+00     
    127.7000000              0.268433D+00     
     54.4800000              0.384809D+00     
     23.8500000              0.265372D+00     
      9.4280000              0.437326D-01     
      4.2900000             -0.378807D-02     
      1.9090000              0.218083D-02     
S   13   1.00
 727800.0000000             -0.652179D-05     
 109000.0000000             -0.506631D-04     
  24800.0000000             -0.266833D-03     
   7014.0000000             -0.112601D-02     
   2278.0000000             -0.411186D-02     
    814.7000000             -0.132454D-01     
    313.4000000             -0.377004D-01     
    127.7000000             -0.898554D-01     
     54.4800000             -0.167098D+00     
     23.8500000             -0.169354D+00     
      9.4280000              0.127824D+00     
      4.2900000              0.564862D+00     
      1.9090000              0.431767D+00     
S   13   1.00
 727800.0000000              0.189406D-05     
 109000.0000000              0.146948D-04     
  24800.0000000              0.775460D-04     
   7014.0000000              0.326509D-03     
   2278.0000000              0.119686D-02     
    814.7000000              0.384799D-02     
    313.4000000              0.110539D-01     
    127.7000000              0.264645D-01     
     54.4800000              0.508771D-01     
     23.8500000              0.530030D-01     
      9.4280000             -0.425518D-01     
      4.2900000             -0.250853D+00     
      1.9090000             -0.333152D+00     
S   1   1.00
      0.6270000              1.0000000        
S   1   1.00
      0.2873000              1.0000000        
S   1   1.00
      0.1172000              1.0000000        
S   1   1.00
      3.8070000              1.0000000        
S   1   1.00
      7.7800000              1.0000000        
S   1   1.00
     15.9010000              1.0000000        
S   1   1.00
      0.0428000              1.0000000        
P   8   1.00
   1546.0000000              0.441183D-03     
    366.4000000              0.377571D-02     
    118.4000000              0.198360D-01     
     44.5300000              0.742063D-01     
     18.3800000              0.197327D+00     
      7.9650000              0.351851D+00     
      3.5410000              0.378687D+00     
      1.5910000              0.170931D+00     
P   8   1.00
   1546.0000000             -0.113110D-03     
    366.4000000             -0.958581D-03     
    118.4000000             -0.513471D-02     
     44.5300000             -0.192641D-01     
     18.3800000             -0.535980D-01     
      7.9650000             -0.960333D-01     
      3.5410000             -0.118183D+00     
      1.5910000              0.923194D-02     
P   1   1.00
      0.6205000              1.0000000        
P   1   1.00
      0.2420000              1.0000000        
P   1   1.00
      0.0901400              1.0000000        
P   1   1.00
      3.5220000              1.0000000        
P   1   1.00
      7.5390000              1.0000000        
P   1   1.00
     16.1390000              1.0000000        
P   1   1.00
      0.0317000              1.0000000        
D   1   1.00
      0.2030000              1.0000000        
D   1   1.00
      0.5040000              1.0000000        
D   1   1.00
      1.2500000              1.0000000        
D   1   1.00
      3.1160000              1.0000000        
D   1   1.00
      8.5240000              1.0000000        
D   1   1.00
     23.3230000              1.0000000        
D   1   1.00
      0.0748000              1.0000000        
F   1   1.00
      0.3350000              1.0000000        
F   1   1.00
      0.8690000              1.0000000        
F   1   1.00
      2.8010000              1.0000000        
F   1   1.00
     12.7030000              1.0000000        
F   1   1.00
      0.1400000              1.0000000        
G   1   1.00
      0.6830000              1.0000000        
G   1   1.00
      2.7390000              1.0000000        
G   1   1.00
      0.2970000              1.0000000        
****
Cl     0 
S   13   1.00
 834900.0000000              0.231688D-04     
 125000.0000000              0.180154D-03     
  28430.0000000              0.947782D-03     
   8033.0000000              0.400139D-02     
   2608.0000000              0.144629D-01     
    933.9000000              0.456586D-01     
    360.0000000              0.123248D+00     
    147.0000000              0.264369D+00     
     62.8800000              0.382989D+00     
     27.6000000              0.270934D+00     
     11.0800000              0.471404D-01     
      5.0750000             -0.371766D-02     
      2.2780000              0.219158D-02     
S   13   1.00
 834900.0000000             -0.649649D-05     
 125000.0000000             -0.504895D-04     
  28430.0000000             -0.266113D-03     
   8033.0000000             -0.112499D-02     
   2608.0000000             -0.410497D-02     
    933.9000000             -0.131987D-01     
    360.0000000             -0.375342D-01     
    147.0000000             -0.897233D-01     
     62.8800000             -0.167671D+00     
     27.6000000             -0.174763D+00     
     11.0800000              0.114909D+00     
      5.0750000              0.563618D+00     
      2.2780000              0.441606D+00     
S   13   1.00
 834900.0000000              0.196645D-05     
 125000.0000000              0.152620D-04     
  28430.0000000              0.806086D-04     
   8033.0000000              0.339960D-03     
   2608.0000000              0.124551D-02     
    933.9000000              0.399612D-02     
    360.0000000              0.114751D-01     
    147.0000000              0.275504D-01     
     62.8800000              0.532917D-01     
     27.6000000              0.571246D-01     
     11.0800000             -0.395201D-01     
      5.0750000             -0.264343D+00     
      2.2780000             -0.349291D+00     
S   1   1.00
      0.7775000              1.0000000        
S   1   1.00
      0.3527000              1.0000000        
S   1   1.00
      0.1431000              1.0000000        
S   1   1.00
      4.5700000              1.0000000        
S   1   1.00
      9.2770000              1.0000000        
S   1   1.00
     18.8310000              1.0000000        
S   1   1.00
      0.0519000              1.0000000        
P   8   1.00
   1703.0000000              0.474039D-03     
    403.6000000              0.406412D-02     
    130.3000000              0.213355D-01     
     49.0500000              0.794611D-01     
     20.2600000              0.208927D+00     
      8.7870000              0.364945D+00     
      3.9190000              0.371725D+00     
      1.7650000              0.146292D+00     
P   8   1.00
   1703.0000000             -0.128266D-03     
    403.6000000             -0.109356D-02     
    130.3000000             -0.583429D-02     
     49.0500000             -0.219258D-01     
     20.2600000             -0.601385D-01     
      8.7870000             -0.106929D+00     
      3.9190000             -0.122454D+00     
      1.7650000              0.383619D-01     
P   1   1.00
      0.7207000              1.0000000        
P   1   1.00
      0.2839000              1.0000000        
P   1   1.00
      0.1060000              1.0000000        
P   1   1.00
      3.9320000              1.0000000        
P   1   1.00
      8.4920000              1.0000000        
P   1   1.00
     18.3380000              1.0000000        
P   1   1.00
      0.0376000              1.0000000        
D   1   1.00
      0.2540000              1.0000000        
D   1   1.00
      0.6280000              1.0000000        
D   1   1.00
      1.5510000              1.0000000        
D   1   1.00
      3.7990000              1.0000000        
D   1   1.00
     10.3120000              1.0000000        
D   1   1.00
     27.9910000              1.0000000        
D   1   1.00
      0.0952000              1.0000000        
F   1   1.00
      0.4230000              1.0000000        
F   1   1.00
      1.0890000              1.0000000        
F   1   1.00
      3.3890000              1.0000000        
F   1   1.00
     15.1880000              1.0000000        
F   1   1.00
      0.2170000              1.0000000        
G   1   1.00
      0.8270000              1.0000000        
G   1   1.00
      3.2390000              1.0000000        
G   1   1.00
      0.3780000              1.0000000        
****
