Cl     0 
S   13   1.00
 834900.0000000              0.231688E-04     
 125000.0000000              0.180154E-03     
  28430.0000000              0.947782E-03     
   8033.0000000              0.400139E-02     
   2608.0000000              0.144629E-01     
    933.9000000              0.456586E-01     
    360.0000000              0.123248E+00     
    147.0000000              0.264369E+00     
     62.8800000              0.382989E+00     
     27.6000000              0.270934E+00     
     11.0800000              0.471404E-01     
      5.0750000             -0.371766E-02     
      2.2780000              0.219158E-02     
S   13   1.00
 834900.0000000             -0.649649E-05     
 125000.0000000             -0.504895E-04     
  28430.0000000             -0.266113E-03     
   8033.0000000             -0.112499E-02     
   2608.0000000             -0.410497E-02     
    933.9000000             -0.131987E-01     
    360.0000000             -0.375342E-01     
    147.0000000             -0.897233E-01     
     62.8800000             -0.167671E+00     
     27.6000000             -0.174763E+00     
     11.0800000              0.114909E+00     
      5.0750000              0.563618E+00     
      2.2780000              0.441606E+00     
S   13   1.00
 834900.0000000              0.196645E-05     
 125000.0000000              0.152620E-04     
  28430.0000000              0.806086E-04     
   8033.0000000              0.339960E-03     
   2608.0000000              0.124551E-02     
    933.9000000              0.399612E-02     
    360.0000000              0.114751E-01     
    147.0000000              0.275504E-01     
     62.8800000              0.532917E-01     
     27.6000000              0.571246E-01     
     11.0800000             -0.395201E-01     
      5.0750000             -0.264343E+00     
      2.2780000             -0.349291E+00     
S   1   1.00
      0.7775000              1.0000000        
S   1   1.00
      0.3527000              1.0000000        
S   1   1.00
      0.1431000              1.0000000        
S   1   1.00
      4.5700000              1.0000000        
S   1   1.00
      9.2770000              1.0000000        
S   1   1.00
     18.8310000              1.0000000        
S   1   1.00
      0.0519000              1.0000000        
P   8   1.00
   1703.0000000              0.474039E-03     
    403.6000000              0.406412E-02     
    130.3000000              0.213355E-01     
     49.0500000              0.794611E-01     
     20.2600000              0.208927E+00     
      8.7870000              0.364945E+00     
      3.9190000              0.371725E+00     
      1.7650000              0.146292E+00     
P   8   1.00
   1703.0000000             -0.128266E-03     
    403.6000000             -0.109356E-02     
    130.3000000             -0.583429E-02     
     49.0500000             -0.219258E-01     
     20.2600000             -0.601385E-01     
      8.7870000             -0.106929E+00     
      3.9190000             -0.122454E+00     
      1.7650000              0.383619E-01     
P   1   1.00
      0.7207000              1.0000000        
P   1   1.00
      0.2839000              1.0000000        
P   1   1.00
      0.1060000              1.0000000        
P   1   1.00
      3.9320000              1.0000000        
P   1   1.00
      8.4920000              1.0000000        
P   1   1.00
     18.3380000              1.0000000        
P   1   1.00
      0.0376000              1.0000000        
D   1   1.00
      0.2540000              1.0000000        
D   1   1.00
      0.6280000              1.0000000        
D   1   1.00
      1.5510000              1.0000000        
D   1   1.00
      3.7990000              1.0000000        
D   1   1.00
     10.3120000              1.0000000        
D   1   1.00
     27.9910000              1.0000000        
D   1   1.00
      0.0952000              1.0000000        
F   1   1.00
      0.4230000              1.0000000        
F   1   1.00
      1.0890000              1.0000000        
F   1   1.00
      3.3890000              1.0000000        
F   1   1.00
     15.1880000              1.0000000        
F   1   1.00
      0.2170000              1.0000000        
G   1   1.00
      0.8270000              1.0000000        
G   1   1.00
      3.2390000              1.0000000        
G   1   1.00
      0.3780000              1.0000000        
