$coord
    0.04039132692738     -0.30550310037592     -0.09134557364948      ir
    4.53948940983525     -0.46953651702996     -0.00034845539981      p
    6.06581545435938      2.62513973584081      0.01285432429020      c
    5.84886283386016     -2.11398499332078      2.73023415148674      c
    7.89315958336621     -2.32375134608641      2.48897871613774      h
    7.99599810865872     -2.37578394911363     -2.30242189689398      h
    4.95228045532940     -3.97034818223093      2.85497291972173      h
    5.06367047755241     -4.00410413621168     -2.79512699491889      h
    5.43297993400675      3.68125456455984      1.67288167741190      h
    5.43504591568793     -1.06207404837580      4.45425611750065      h
    5.96777033493546     -2.15307153260970     -2.64608576655270      c
    8.12439204052879      2.43261652751666      0.06286240757341      h
    5.64761176179843     -1.11784674310082     -4.39983632199835      h
    5.51276769917330      3.65829307884852     -1.68950896035143      h
   -4.40980664955027     -0.99301704489123     -0.13351671249239      p
   -6.28540580400062      1.90314703037255     -0.09110810455688      c
   -5.56540517450324     -2.76247462085428     -2.85507142624368      c
   -4.48344285160326     -4.58697740524475      2.63465648500368      h
   -7.58697571005988     -3.28782146785809      2.21519377196755      h
   -5.34902684351274     -1.79418210136366      4.27838727593720      h
   -5.58889456701899     -2.84627521098511      2.52181730572626      c
   -4.45618686903621     -4.49769920250075     -3.01338678642252      h
   -7.56493659330507     -3.21772430329917     -2.57909539064606      h
   -8.30834914836176      1.47278820271934     -0.09582231780713      h
   -5.81983291938603      3.03647042576349     -1.75540896229683      h
   -5.31311189113054     -1.65833163335845     -4.57764981482044      h
   -5.81527965425454      2.98245172712855      1.60767462358504      h
   -0.16416645535731      3.18418603414244     -0.16053909994978      c
   -0.29205120162010      5.36169168104627     -0.20528618589165      o
    0.30854511692697     -4.85079271849804     -0.02130100554709      cl
   -0.07394087732110      0.08898276789088      5.06249329767678      i
    0.12081792007520     -0.11092284352024     -5.25417185357981      i
$user-defined bonds
$redundant
     number_of_atoms            32
     degrees_of_freedom         90
     internal_coordinates       90
     frozen_coordinates          0
# definitions of redundant internals
   1 k  1.0000000000000 stre  29   28           val=   2.18172
   2 k  1.0000000000000 linc  29    1   28   32 val=   0.04114
   3 k  1.0000000000000 linp  29    1   28   32 val=  -0.00713
   4 k  0.3333333333333 tors  10    4    2    1 val=  53.17148
        0.3333333333333 tors  10    4    2    3
        0.3333333333333 tors  10    4    2   11
        0.3333333333333 tors   7    4    2    1
        0.3333333333333 tors   7    4    2    3
        0.3333333333333 tors   7    4    2   11
        0.3333333333333 tors   5    4    2    1
        0.3333333333333 tors   5    4    2    3
        0.3333333333333 tors   5    4    2   11
   5 k  1.0000000000000 stre   4   10           val=   2.06156
   6 k  1.0000000000000 stre   4    7           val=   2.06531
   7 k  1.0000000000000 stre   4    5           val=   2.06914
   8 k -0.3589177561491 bend   7   10    4      val=   0.53317
       -0.4495496588632 bend   5   10    4
       -0.4041088254359 bend   5    7    4
        0.4159099676778 bend   2   10    4
        0.4201348493409 bend   2    7    4
        0.3953287402873 bend   2    5    4
   9 k  0.6450075371687 bend   7   10    4      val=  -0.12479
        0.0281024087649 bend   5   10    4
       -0.6293335384431 bend   5    7    4
        0.2951082476897 bend   2   10    4
       -0.0193350668692 bend   2    7    4
       -0.3156772185993 bend   2    5    4
  10 k  0.4130184311260 bend   7   10    4      val=   1.16181
       -0.7190705417268 bend   5   10    4
        0.3919212264692 bend   5    7    4
       -0.1751677229442 bend   2   10    4
        0.3069381351266 bend   2    7    4
       -0.1840009072188 bend   2    5    4
  11 k -0.3432452792611 bend   7   10    4      val=   0.84900
        0.1182224546266 bend   5   10    4
        0.2253371363119 bend   5    7    4
        0.4603266505561 bend   2   10    4
        0.2781496577119 bend   2    7    4
       -0.7267471686827 bend   2    5    4
  12 k -0.0425253872586 bend   7   10    4      val=  -0.36119
        0.2986898444873 bend   5   10    4
       -0.2667607443012 bend   5    7    4
       -0.5768674935350 bend   2   10    4
        0.7019760918516 bend   2    7    4
       -0.1107616129800 bend   2    5    4
  13 k  0.3333333333333 tors  13   11    2    1 val=  67.42782
        0.3333333333333 tors  13   11    2    3
        0.3333333333333 tors  13   11    2    4
        0.3333333333333 tors   8   11    2    1
        0.3333333333333 tors   8   11    2    3
        0.3333333333333 tors   8   11    2    4
        0.3333333333333 tors   6   11    2    1
        0.3333333333333 tors   6   11    2    3
        0.3333333333333 tors   6   11    2    4
  14 k  1.0000000000000 stre  11   13           val=   2.06151
  15 k  1.0000000000000 stre  11    8           val=   2.06541
  16 k  1.0000000000000 stre  11    6           val=   2.06916
  17 k -0.3585522800687 bend   8   13   11      val=   0.53061
       -0.4491724676300 bend   6   13   11
       -0.4049894086272 bend   6    8   11
        0.4160579620438 bend   2   13   11
        0.4200153195825 bend   2    8   11
        0.3951592580423 bend   2    6   11
  18 k  0.6489240843914 bend   8   13   11      val=  -0.08199
        0.0224405973348 bend   6   13   11
       -0.6255100431915 bend   6    8   11
        0.2931926136852 bend   2   13   11
       -0.0167689316138 bend   2    8   11
       -0.3176287650192 bend   2    6   11
  19 k  0.4070633865348 bend   8   13   11      val=   1.14315
       -0.7194870364386 bend   6   13   11
        0.3971844789631 bend   6    8   11
       -0.1774196243262 bend   2   13   11
        0.3074233696419 bend   2    8   11
       -0.1813710068132 bend   2    6   11
  20 k -0.3437798455313 bend   8   13   11      val=   0.85888
        0.1205325833617 bend   6   13   11
        0.2233441305440 bend   6    8   11
        0.4563752961899 bend   2   13   11
        0.2830084658810 bend   2    8   11
       -0.7273462110807 bend   2    6   11
  21 k -0.0402626134696 bend   8   13   11      val=  -0.38307
        0.2979619767169 bend   6   13   11
       -0.2681526524482 bend   6    8   11
       -0.5802304792843 bend   2   13   11
        0.6998983290683 bend   2    8   11
       -0.1056724053362 bend   2    6   11
  22 k  0.3333333333333 tors   9    3    2    1 val=  59.88375
        0.3333333333333 tors   9    3    2    4
        0.3333333333333 tors   9    3    2   11
        0.3333333333333 tors  14    3    2    1
        0.3333333333333 tors  14    3    2    4
        0.3333333333333 tors  14    3    2   11
        0.3333333333333 tors  12    3    2    1
        0.3333333333333 tors  12    3    2    4
        0.3333333333333 tors  12    3    2   11
  23 k  1.0000000000000 stre   3    9           val=   2.06677
  24 k  1.0000000000000 stre   3   14           val=   2.06671
  25 k  1.0000000000000 stre   3   12           val=   2.06816
  26 k  0.3705113449725 bend  14    9    3      val=   0.11957
        0.4283650171933 bend  12    9    3
        0.4278444802714 bend  12   14    3
       -0.4110385762436 bend   2    9    3
       -0.4111038428993 bend   2   14    3
       -0.3977622093487 bend   2   12    3
  27 k  0.7569590122631 bend  14    9    3      val=   1.21225
       -0.3392123669583 bend  12    9    3
       -0.3434413494353 bend  12   14    3
        0.1670237611668 bend   2    9    3
        0.1649313775152 bend   2   14    3
       -0.3726885660586 bend   2   12    3
  28 k  0.0027570604172 bend  14    9    3      val=   0.02672
       -0.6470981436248 bend  12    9    3
        0.6451623718129 bend  12   14    3
       -0.2868521292442 bend   2    9    3
        0.2876391306959 bend   2   14    3
       -0.0012212995255 bend   2   12    3
  29 k -0.3627684664991 bend  14    9    3      val=  -0.27650
        0.1746919109427 bend  12    9    3
        0.1772567275896 bend  12   14    3
        0.3745355268097 bend   2    9    3
        0.3693203598131 bend   2   14    3
       -0.7278649871193 bend   2   12    3
  30 k -0.0014160294593 bend  14    9    3      val=   0.02213
        0.2878844404721 bend  12    9    3
       -0.2866049064185 bend  12   14    3
       -0.6445244978535 bend   2    9    3
        0.6477325210372 bend   2   14    3
       -0.0029873515039 bend   2   12    3
  31 k  0.3333333333333 tors  20   21   15    1 val=  66.98032
        0.3333333333333 tors  20   21   15   16
        0.3333333333333 tors  20   21   15   17
        0.3333333333333 tors  18   21   15    1
        0.3333333333333 tors  18   21   15   16
        0.3333333333333 tors  18   21   15   17
        0.3333333333333 tors  19   21   15    1
        0.3333333333333 tors  19   21   15   16
        0.3333333333333 tors  19   21   15   17
  32 k  1.0000000000000 stre  21   20           val=   2.06155
  33 k  1.0000000000000 stre  21   18           val=   2.06514
  34 k  1.0000000000000 stre  21   19           val=   2.06913
  35 k -0.3559190944671 bend  18   20   21      val=   0.57263
       -0.4490213113005 bend  19   20   21
       -0.4068723695753 bend  19   18   21
        0.4169167714883 bend  15   20   21
        0.4202411454521 bend  15   18   21
        0.3946316261892 bend  15   19   21
  36 k  0.6517195271920 bend  18   20   21      val=  -0.01939
        0.0217754221685 bend  19   20   21
       -0.6227606222096 bend  19   18   21
        0.2909554001461 bend  15   20   21
       -0.0164095973297 bend  15   18   21
       -0.3194250718594 bend  15   19   21
  37 k  0.4047083031195 bend  18   20   21      val=   1.16870
       -0.7196029100542 bend  19   20   21
        0.3997530143816 bend  19   18   21
       -0.1779755800016 bend  15   20   21
        0.3070693281370 bend  15   18   21
       -0.1805920523197 bend  15   19   21
  38 k -0.3450286529087 bend  18   20   21      val=   0.86061
        0.1290195403641 bend  19   20   21
        0.2154323764694 bend  19   18   21
        0.4402668423786 bend  15   20   21
        0.3026618248865 bend  15   18   21
       -0.7296978863224 bend  15   19   21
  39 k -0.0307897951551 bend  18   20   21      val=  -0.40683
        0.2939984469747 bend  19   20   21
       -0.2736110261746 bend  19   18   21
       -0.5932519063497 bend  15   20   21
        0.6917645430199 bend  15   18   21
       -0.0852519834337 bend  15   19   21
  40 k  0.3333333333333 tors  26   17   15    1 val=  52.91228
        0.3333333333333 tors  26   17   15   16
        0.3333333333333 tors  26   17   15   21
        0.3333333333333 tors  22   17   15    1
        0.3333333333333 tors  22   17   15   16
        0.3333333333333 tors  22   17   15   21
        0.3333333333333 tors  23   17   15    1
        0.3333333333333 tors  23   17   15   16
        0.3333333333333 tors  23   17   15   21
  41 k  1.0000000000000 stre  17   26           val=   2.06157
  42 k  1.0000000000000 stre  17   22           val=   2.06553
  43 k  1.0000000000000 stre  17   23           val=   2.06919
  44 k -0.3554885494759 bend  22   26   17      val=   0.55761
       -0.4516489163366 bend  23   26   17
       -0.4050904083670 bend  23   22   17
        0.4163806785278 bend  15   26   17
        0.4203061474081 bend  15   22   17
        0.3943510892748 bend  15   23   17
  45 k  0.6459617698470 bend  22   26   17      val=  -0.06768
        0.0295082707294 bend  23   26   17
       -0.6272380964727 bend  23   22   17
        0.2946911933344 bend  15   26   17
       -0.0199506038783 bend  15   22   17
       -0.3181101981452 bend  15   23   17
  46 k  0.4139844194043 bend  22   26   17      val=   1.25343
       -0.7178060755275 bend  23   26   17
        0.3940883366607 bend  23   22   17
       -0.1752955685907 bend  15   26   17
        0.3054255691677 bend  15   22   17
       -0.1845329419515 bend  15   23   17
  47 k -0.3452325610412 bend  22   26   17      val=   0.88764
        0.1232007369877 bend  23   26   17
        0.2215974719528 bend  23   22   17
        0.4503554335756 bend  15   26   17
        0.2904546880027 bend  15   22   17
       -0.7275621453133 bend  15   23   17
  48 k -0.0362995439201 bend  22   26   17      val=  -0.39472
        0.2955366276978 bend  23   26   17
       -0.2704133791587 bend  23   22   17
       -0.5845838814201 bend  15   26   17
        0.6977064205781 bend  15   22   17
       -0.0984097832542 bend  15   23   17
  49 k  0.3333333333333 tors  25   16   15    1 val=  60.31348
        0.3333333333333 tors  25   16   15   17
        0.3333333333333 tors  25   16   15   21
        0.3333333333333 tors  27   16   15    1
        0.3333333333333 tors  27   16   15   17
        0.3333333333333 tors  27   16   15   21
        0.3333333333333 tors  24   16   15    1
        0.3333333333333 tors  24   16   15   17
        0.3333333333333 tors  24   16   15   21
  50 k  1.0000000000000 stre  16   25           val=   2.06666
  51 k  1.0000000000000 stre  16   27           val=   2.06683
  52 k  1.0000000000000 stre  16   24           val=   2.06822
  53 k  0.3699423703093 bend  27   25   16      val=   0.04775
        0.4292715010217 bend  24   25   16
        0.4266855381992 bend  24   27   16
       -0.4112927659899 bend  15   25   16
       -0.4114144472542 bend  15   27   16
       -0.3979754839021 bend  15   24   16
  54 k  0.7565607970353 bend  27   25   16      val=   1.22932
       -0.3157292168204 bend  24   25   16
       -0.3660816874094 bend  24   27   16
        0.1779023220745 bend  15   25   16
        0.1535768500419 bend  15   27   16
       -0.3723975498180 bend  15   24   16
  55 k  0.0314007734573 bend  27   25   16      val=   0.16079
       -0.6584983568320 bend  24   25   16
        0.6332613565611 bend  24   27   16
       -0.2807352149768 bend  15   25   16
        0.2921714164548 bend  15   27   16
       -0.0140556835839 bend  15   24   16
  56 k -0.3627395339627 bend  27   25   16      val=  -0.29319
        0.1750570963026 bend  24   25   16
        0.1766133557376 bend  24   27   16
        0.3713665018976 bend  15   25   16
        0.3725443704813 bend  15   27   16
       -0.7279288285270 bend  15   24   16
  57 k  0.0008419980513 bend  27   25   16      val=  -0.06898
        0.2859295989917 bend  24   25   16
       -0.2874908436467 bend  24   27   16
       -0.6460048044335 bend  15   25   16
        0.6467382490675 bend  15   27   16
        0.0000109985464 bend  15   24   16
  58 k  0.2041241452319 tors  28    1    2    3 val=   1.33132
        0.2041241452319 tors  28    1    2    4
        0.2041241452319 tors  28    1    2   11
       -0.2041241452319 tors  28    1   15   16
       -0.2041241452319 tors  28    1   15   17
       -0.2041241452319 tors  28    1   15   21
        0.2041241452319 tors  30    1    2    3
        0.2041241452319 tors  30    1    2    4
        0.2041241452319 tors  30    1    2   11
       -0.2041241452319 tors  30    1   15   16
       -0.2041241452319 tors  30    1   15   17
       -0.2041241452319 tors  30    1   15   21
        0.2041241452319 tors  32    1    2    3
        0.2041241452319 tors  32    1    2    4
        0.2041241452319 tors  32    1    2   11
       -0.2041241452319 tors  32    1   15   16
       -0.2041241452319 tors  32    1   15   17
       -0.2041241452319 tors  32    1   15   21
        0.2041241452319 tors  31    1    2    3
        0.2041241452319 tors  31    1    2    4
        0.2041241452319 tors  31    1    2   11
       -0.2041241452319 tors  31    1   15   16
       -0.2041241452319 tors  31    1   15   17
       -0.2041241452319 tors  31    1   15   21
  59 k  1.0000000000000 stre   1   28           val=   3.49636
  60 k  1.0000000000000 stre   1   30           val=   4.55373
  61 k  1.0000000000000 stre   1   32           val=   5.16712
  62 k  1.0000000000000 stre   1   31           val=   5.17018
  63 k  0.0009493904377 bend  32   28    1      val=   0.01385
        0.0006721112615 bend  32   30    1
       -0.0009524669744 bend  31   28    1
       -0.0002530620764 bend  31   30    1
        0.5226105487902 bend   2   28    1
        0.2966014543915 bend   2   30    1
        0.2630063007488 bend   2   32    1
        0.2640717835015 bend   2   31    1
       -0.5226112032528 bend  15   28    1
       -0.2966011141696 bend  15   30    1
       -0.2630350374794 bend  15   32    1
       -0.2640362182118 bend  15   31    1
  64 k -0.6851998390031 bend  32   28    1      val=   0.09625
        0.1692602993231 bend  32   30    1
        0.6864096039787 bend  31   28    1
       -0.1704694297855 bend  31   30    1
        0.0016494773244 bend   2   28    1
        0.0008284844171 bend   2   30    1
        0.0209428952773 bend   2   32    1
       -0.0196236517787 bend   2   31    1
        0.0017548223502 bend  15   28    1
       -0.0004923078692 bend  15   30    1
        0.0191458251188 bend  15   32    1
       -0.0209087698366 bend  15   31    1
  65 k -0.0055992122997 bend  32   28    1      val=   0.03010
       -0.0227299472241 bend  32   30    1
        0.0070667796255 bend  31   28    1
        0.0212889105504 bend  31   30    1
        0.4391245523855 bend   2   28    1
       -0.5134960677092 bend   2   30    1
       -0.1535507256974 bend   2   32    1
       -0.1392445898828 bend   2   31    1
       -0.4390471438638 bend  15   28    1
        0.5136352689546 bend  15   30    1
        0.1526626049286 bend  15   32    1
        0.1399425632434 bend  15   31    1
  66 k -0.1666215270729 bend  32   28    1      val=   0.42598
       -0.6894860347022 bend  32   30    1
        0.1744743901963 bend  31   28    1
        0.6816321686008 bend  31   30    1
       -0.0131421207399 bend   2   28    1
        0.0180608804321 bend   2   30    1
       -0.0075556340828 bend   2   32    1
        0.0190772432739 bend   2   31    1
        0.0153384211661 bend  15   28    1
       -0.0136604000414 bend  15   30    1
       -0.0198194640321 bend  15   32    1
        0.0069227275154 bend  15   31    1
  67 k -0.4996917289444 bend  32   28    1      val=  10.87011
        0.4922734026523 bend  32   30    1
       -0.4953268185865 bend  31   28    1
        0.5027435961904 bend  31   30    1
        0.0000734124885 bend   2   28    1
       -0.0020371443618 bend   2   30    1
        0.0624151972356 bend   2   32    1
        0.0349152727860 bend   2   31    1
       -0.0000028655200 bend  15   28    1
        0.0020254104638 bend  15   30    1
        0.0330895905412 bend  15   32    1
        0.0604762811359 bend  15   31    1
  68 k -0.0137565511109 bend  32   28    1      val=   0.46796
        0.0138266465580 bend  32   30    1
       -0.0134923207912 bend  31   28    1
        0.0134080828397 bend  31   30    1
       -0.0116364916886 bend   2   28    1
       -0.0042085096664 bend   2   30    1
       -0.4853190525215 bend   2   32    1
        0.5137818994938 bend   2   31    1
        0.0116305733798 bend  15   28    1
        0.0042142704398 bend  15   30    1
        0.4879789342670 bend  15   32    1
       -0.5111963895213 bend  15   31    1
  69 k -0.0027506703466 bend  32   28    1      val=   0.04954
        0.0002281339230 bend  32   30    1
       -0.0007664543107 bend  31   28    1
        0.0038092748917 bend  31   30    1
        0.1836995044226 bend   2   28    1
        0.3847214835017 bend   2   30    1
       -0.4124835342395 bend   2   32    1
       -0.3844281679327 bend   2   31    1
       -0.1836876750501 bend  15   28    1
       -0.3847045370167 bend  15   30    1
        0.4128596048023 bend  15   32    1
        0.3848398076920 bend  15   31    1
  70 k  1.0000000000000 stre   2    1           val=   4.50301
  71 k  1.0000000000000 stre   1   15           val=   4.50319
  72 k  1.0000000000000 linc  15    2    1    3 val= -10.86465
  73 k  1.0000000000000 linp  15    2    1    3 val=   0.71025
  74 k  0.3333333333333 tors  11    2   15   16 val= 118.60514
        0.3333333333333 tors  11    2   15   17
        0.3333333333333 tors  11    2   15   21
        0.3333333333333 tors   4    2   15   16
        0.3333333333333 tors   4    2   15   17
        0.3333333333333 tors   4    2   15   21
        0.3333333333333 tors   3    2   15   16
        0.3333333333333 tors   3    2   15   17
        0.3333333333333 tors   3    2   15   21
  75 k  1.0000000000000 stre   2   11           val=   3.44590
  76 k  1.0000000000000 stre   2    4           val=   3.44598
  77 k  1.0000000000000 stre   2    3           val=   3.45063
  78 k  0.3705459230904 bend   4   11    2      val=   2.51532
        0.4679257678047 bend   3   11    2
        0.4641326818440 bend   3    4    2
       -0.3799479064023 bend   1   11    2
       -0.3798494062839 bend   1    4    2
       -0.3737326120583 bend   1    3    2
  79 k  0.8061670165673 bend   4   11    2      val=   6.08497
       -0.3074830956452 bend   3   11    2
       -0.3436496604351 bend   3    4    2
        0.1532199674800 bend   1   11    2
        0.1377450742039 bend   1    4    2
       -0.3082267578784 bend   1    3    2
  80 k  0.0255442499038 bend   4   11    2      val=   0.64091
       -0.6943128964979 bend   3   11    2
        0.6800412308910 bend   3    4    2
       -0.1629373823415 bend   1   11    2
        0.1680803563444 bend   1    4    2
       -0.0046282381749 bend   1    3    2
  81 k -0.3080278704037 bend   4   11    2      val=   2.15516
        0.1392282158393 bend   3   11    2
        0.1530839875601 bend   3    4    2
        0.4093785679564 bend   1   11    2
        0.3789864644987 bend   1    4    2
       -0.7423463312675 bend   1    3    2
  82 k -0.0033082465863 bend   4   11    2      val=   0.16919
        0.1674923730554 bend   3   11    2
       -0.1635971582756 bend   3    4    2
       -0.6767424751200 bend   1   11    2
        0.6977604177202 bend   1    4    2
       -0.0179262965612 bend   1    3    2
  83 k  1.0000000000000 stre  15   17           val=   3.44576
  84 k  1.0000000000000 stre  15   21           val=   3.44610
  85 k  1.0000000000000 stre  15   16           val=   3.45072
  86 k  0.3692511255137 bend  21   17   15      val=   2.41191
        0.4711813590092 bend  16   17   15
        0.4610239888208 bend  16   21   15
       -0.3802671789820 bend   1   17   15
       -0.3802718264778 bend   1   21   15
       -0.3740171460470 bend   1   16   15
  87 k  0.8056373416329 bend  21   17   15      val=   6.15300
       -0.2893964643134 bend  16   17   15
       -0.3598600837662 bend  16   21   15
        0.1592077677225 bend   1   17   15
        0.1314793299819 bend   1   21   15
       -0.3083260495089 bend   1   16   15
  88 k  0.0496522474059 bend  21   17   15      val=   1.18127
       -0.6995189456721 bend  16   17   15
        0.6739516721264 bend  16   21   15
       -0.1595213988028 bend   1   17   15
        0.1686250114707 bend   1   21   15
       -0.0107504158931 bend   1   16   15
  89 k -0.3081650300423 bend  21   17   15      val=   2.16073
        0.1327847062602 bend  16   17   15
        0.1592097380323 bend  16   21   15
        0.4263128419351 bend   1   17   15
        0.3612850178379 bend   1   21   15
       -0.7414750785058 bend   1   16   15
  90 k -0.0088321758008 bend  21   17   15      val=   0.48084
        0.1691092054013 bend  16   17   15
       -0.1591609922582 bend  16   21   15
       -0.6647376167782 bend   1   17   15
        0.7090501983242 bend   1   21   15
       -0.0369264804581 bend   1   16   15
        90 non zero eigenvalues  of BmBt
           1           4.206078977    1    0
         1
           2           3.885221982    2    0
         2
           3           3.867547569    3    0
         3
           4           3.713411347    4    0
         4
           5           3.709264670    5    0
         5
           6           3.689688774    6    0
         6
           7           3.681893183    7    0
         7
           8           3.648332577    8    0
         8
           9           3.637030052    9    0
         9
          10           3.490603267   10    0
        10
          11           3.338614878   11    0
        11
          12           3.310874894   12    0
        12
          13           3.305548755   13    0
        13
          14           3.298269194   14    0
        14
          15           3.163506541   15    0
        15
          16           3.155493426   16    0
        16
          17           3.125605567   17    0
        17
          18           3.114147512   18    0
        18
          19           3.105052543   19    0
        19
          20           3.060750385   20    0
        20
          21           2.873355529   21    0
        21
          22           2.181334139   22    0
        22
          23           1.853269804   23    0
        23
          24           1.440840875   24    0
        24
          25           1.429799039   25    0
        25
          26           1.418586937   26    0
        26
          27           1.405309269   27    0
        27
          28           1.166828319   28    0
        28
          29           1.000988718   29    0
        29
          30           0.999999871   30    0
        30
          31           0.880949805   31    0
        31
          32           0.879726998   32    0
        32
          33           0.858531250   33    0
        33
          34           0.857342000   34    0
        34
          35           0.849405219   35    0
        35
          36           0.848439817   36    0
        36
          37           0.831814433   37    0
        37
          38           0.818671623   38    0
        38
          39           0.813567345   39    0
        39
          40           0.806570217   40    0
        40
          41           0.803409711   41    0
        41
          42           0.802484341   42    0
        42
          43           0.704742470   43    0
        43
          44           0.704627790   44    0
        44
          45           0.703708231   45    0
        45
          46           0.703561438   46    0
        46
          47           0.702273389   47    0
        47
          48           0.701937627   48    0
        48
          49           0.691377716   49    0
        49
          50           0.689041922   50    0
        50
          51           0.688865316   51    0
        51
          52           0.680635800   52    0
        52
          53           0.674743509   53    0
        53
          54           0.672230775   54    0
        54
          55           0.669796970   55    0
        55
          56           0.580368091   56    0
        56
          57           0.376912044   57    0
        57
          58           0.368838286   58    0
        58
          59           0.341508584   59    0
        59
          60           0.340965610   60    0
        60
          61           0.339849511   61    0
        61
          62           0.334626531   62    0
        62
          63           0.297870804   63    0
        63
          64           0.297622220   64    0
        64
          65           0.294575849   65    0
        65
          66           0.293729940   66    0
        66
          67           0.277774511   67    0
        67
          68           0.248892851   68    0
        68
          69           0.206962519   69    0
        69
          70           0.187577604   70    0
        70
          71           0.136716093   71    0
        71
          72           0.123445918   72    0
        72
          73           0.119892661   73    0
        73
          74           0.105051401   74    0
        74
          75           0.087526388   75    0
        75
          76           0.083058645   76    0
        76
          77           0.075579512   77    0
        77
          78           0.059370063   78    0
        78
          79           0.058436000   79    0
        79
          80           0.050274597   80    0
        80
          81           0.045662605   81    0
        81
          82           0.039818775   82    0
        82
          83           0.038387557   83    0
        83
          84           0.037203803   84    0
        84
          85           0.034185343   85    0
        85
          86           0.025833800   86    0
        86
          87           0.024938905   87    0
        87
          88           0.023625086   88    0
        88
          89           0.008717415   89    0
        89
          90           0.006067168   90    0
        90
$end
