$coord
    2.33080383026237      4.47533312665815     -3.83101019069889      p
    0.39719332710998     -0.95193700522425      2.34774224916182      p
   -0.91938827253831      4.85145302188606     -4.26066022777323      n
    3.30289316396206      3.18387045720552     -6.67889408890272      n
   -2.28102200431422     -0.28792412655790      4.11127260185841      n
   -0.74983134881885     -2.94589214927741     -0.01805043047975      n
    2.26758980263216      1.57955770193085     -1.86475396735935      c
    0.61801096516672      2.00186375428180      0.48199352902939      c
   -2.16768797438126      6.93916090269627     -3.24624568628975      c
   -4.72530567695976      6.50677708847128     -3.37180420069617      c
   -5.07578210448460      4.07751627211607     -4.49721883270896      c
   -2.72374790632689      3.09480677277377     -5.00949898250245      c
    4.60364546150992      4.64699834291824     -8.44760534933026      c
    4.99123982994791      3.21876041678683    -10.57489155762105      c
    3.89762336863194      0.79131634222733    -10.12621983767962      c
    2.87277704237284      0.80849936708319     -7.74358209756526      c
   -2.65220299409235     -1.40799500673836      6.47106032095678      c
   -4.97544465882567     -0.69165632497687      7.36822056888428      c
   -6.09333108931252      0.92103835433971      5.51367447697132      c
   -4.42479180239039      1.13992926020954      3.53993539529052      c
   -2.74484670277273     -2.58687964383497     -1.68943113265632      c
   -2.55840518999456     -4.37067972594629     -3.57180963128906      c
   -0.36778845134132     -5.86819101690588     -3.07240174112664      c
    0.70765575226413     -4.96136759432958     -0.88950079874643      c
    4.22585057709417      1.13076008578405     -1.35972979962368      h
    1.51550321815839     -0.00973389859136     -2.95119771528033      h
    1.40399808893272      3.46167993669823      1.72391087270757      h
   -1.26359556211479      2.62104956015620     -0.10796682655749      h
   -1.09085569698210      8.52118077185655     -2.53632187060212      h
   -6.18804559396973      7.79705636430048     -2.76430299709148      h
   -6.86027799942839      3.17472132888087     -4.92091123307958      h
   -2.16637214534015      1.32857629466786     -5.86010369219185      h
    5.12095358483818      6.56726121154681     -7.98752876570628      h
    5.96478459614614      3.82901210887711    -12.26388210764697      h
    3.88211302256873     -0.79772618625900    -11.41128433647038      h
    1.90325833900353     -0.65903405865437     -6.71185714708676      h
   -1.19935305684322     -2.60316765508174      7.26316409949340      h
   -5.78649646378705     -1.24113312051835      9.16074613085172      h
   -7.91890295527723      1.83252178965620      5.62849353977298      h
   -4.56528235328529      2.19814007042337      1.80258076054736      h
   -4.12082811882338     -1.11840227486887     -1.36744495832057      h
   -3.87234820288923     -4.60841445347831     -5.11973079624430      h
    0.31008905869353     -7.45066104240105     -4.17227430253527      h
    2.36947170699852     -5.53671068378785      0.14671035933751      h
$user-defined bonds
$redundant
     number_of_atoms            44
     degrees_of_freedom        126
     internal_coordinates      126
     frozen_coordinates          0
# definitions of redundant internals
   1 k  1.0000000000000 stre   7   26           val=   2.06684
   2 k  1.0000000000000 stre   7   25           val=   2.07153
   3 k  0.1327341392398 bend  25   26    7      val=   1.43032
       -0.5058501114035 bend   8   26    7
       -0.5278018403059 bend   8   25    7
        0.4879959315287 bend   1   26    7
        0.4580201974307 bend   1   25    7
   4 k  0.0900773049606 bend  25   26    7      val=   0.80136
       -0.6157187929275 bend   8   26    7
        0.5663316561213 bend   8   25    7
       -0.3956843913596 bend   1   26    7
        0.3680744012781 bend   1   25    7
   5 k  0.8851208249337 bend  25   26    7      val=   0.39278
       -0.0974157846653 bend   8   26    7
       -0.1950065857610 bend   8   25    7
       -0.2379335733328 bend   1   26    7
       -0.3353078232873 bend   1   25    7
   6 k -0.0161925724236 bend  25   26    7      val=   2.23576
       -0.3738256482990 bend   8   26    7
        0.3960016918020 bend   8   25    7
        0.5974618169244 bend   1   26    7
       -0.5883997133578 bend   1   25    7
   7 k  1.0000000000000 stre   8   28           val=   2.06685
   8 k  1.0000000000000 stre   8   27           val=   2.07152
   9 k  0.1337909681250 bend  27   28    8      val=   1.57054
       -0.5063124503371 bend   7   28    8
       -0.5264264246779 bend   7   27    8
        0.4881015520643 bend   2   28    8
        0.4586717494626 bend   2   27    8
  10 k  0.0951038359564 bend  27   28    8      val=   0.86218
       -0.6171984107584 bend   7   28    8
        0.5680758356814 bend   7   27    8
       -0.3945560439629 bend   2   28    8
        0.3628177989446 bend   2   27    8
  11 k  0.8858430201082 bend  27   28    8      val=   0.80198
       -0.0919893434516 bend   7   28    8
       -0.1969250502511 bend   7   27    8
       -0.2349819955507 bend   2   28    8
       -0.3358929751684 bend   2   27    8
  12 k -0.0162198601918 bend  27   28    8      val=   2.19980
       -0.3707884431685 bend   7   28    8
        0.3931435891326 bend   7   27    8
        0.5989442207223 bend   2   28    8
       -0.5907256430318 bend   2   27    8
  13 k  1.0000000000000 stre   9   29           val=   2.04116
  14 k  0.7071072304136 bend  10   29    9      val=   5.92526
       -0.7071063319593 bend   3   29    9
  15 k  1.0000000000000 outp  29    3   10    9 val=  -0.04937
  16 k  1.0000000000000 stre  10   30           val=   2.04291
  17 k  0.7071086125458 bend   9   30   10      val=  -0.48354
       -0.7071049498226 bend  11   30   10
  18 k  1.0000000000000 outp  30   11    9   10 val=  -1.00705
  19 k  1.0000000000000 stre  11   31           val=   2.04426
  20 k  0.7071082735919 bend  12   31   11      val=  -0.53530
       -0.7071052887780 bend  10   31   11
  21 k  1.0000000000000 outp  31   10   12   11 val=   1.09889
  22 k  1.0000000000000 stre  12   32           val=   2.03808
  23 k  0.7071070026524 bend  11   32   12      val=   5.19096
       -0.7071065597206 bend   3   32   12
  24 k  1.0000000000000 outp  32    3   11   12 val=  -0.81382
  25 k  1.0000000000000 stre  13   33           val=   2.04125
  26 k  0.7071068690541 bend  14   33   13      val=   6.01146
       -0.7071066933190 bend   4   33   13
  27 k  1.0000000000000 outp  33    4   14   13 val=   0.15356
  28 k  1.0000000000000 stre  14   34           val=   2.04276
  29 k  0.7071070838275 bend  13   34   14      val=  -0.48550
       -0.7071064785455 bend  15   34   14
  30 k  1.0000000000000 outp  34   15   13   14 val=  -0.46333
  31 k  1.0000000000000 stre  15   35           val=   2.04369
  32 k  0.7071070705698 bend  16   35   15      val=  -0.63334
       -0.7071064918032 bend  14   35   15
  33 k  1.0000000000000 outp  35   14   16   15 val=   0.41631
  34 k  1.0000000000000 stre  16   36           val=   2.03914
  35 k  0.7071119542479 bend  15   36   16      val=   4.48257
       -0.7071016080874 bend   4   36   16
  36 k  1.0000000000000 outp  36    4   15   16 val=  -0.67027
  37 k  1.0000000000000 stre  17   37           val=   2.04123
  38 k  0.7071069623790 bend  18   37   17      val=   6.01230
       -0.7071065999940 bend   5   37   17
  39 k  1.0000000000000 outp  37    5   18   17 val=   0.14428
  40 k  1.0000000000000 stre  18   38           val=   2.04276
  41 k  0.7071070345727 bend  17   38   18      val=  -0.48450
       -0.7071065278003 bend  19   38   18
  42 k  1.0000000000000 outp  38   19   17   18 val=  -0.46673
  43 k  1.0000000000000 stre  19   39           val=   2.04370
  44 k  0.7071069361841 bend  20   39   19      val=  -0.63464
       -0.7071066261890 bend  18   39   19
  45 k  1.0000000000000 outp  39   18   20   19 val=   0.41581
  46 k  1.0000000000000 stre  20   40           val=   2.03910
  47 k  0.7071114671580 bend  19   40   20      val=   4.47852
       -0.7071020951840 bend   5   40   20
  48 k  1.0000000000000 outp  40    5   19   20 val=  -0.66386
  49 k  1.0000000000000 stre  21   41           val=   2.03800
  50 k  0.7071070981200 bend  22   41   21      val=   5.18822
       -0.7071064642530 bend   6   41   21
  51 k  1.0000000000000 outp  41    6   22   21 val=  -0.79837
  52 k  1.0000000000000 stre  22   42           val=   2.04427
  53 k  0.7071079742235 bend  21   42   22      val=  -0.53563
       -0.7071055881476 bend  23   42   22
  54 k  1.0000000000000 outp  42   23   21   22 val=   1.09120
  55 k  1.0000000000000 stre  23   43           val=   2.04290
  56 k  0.7071080909700 bend  24   43   23      val=  -0.48354
       -0.7071054714006 bend  22   43   23
  57 k  1.0000000000000 outp  43   22   24   23 val=  -0.99780
  58 k  1.0000000000000 stre  24   44           val=   2.04117
  59 k  0.7071072079983 bend  23   44   24      val=   5.92679
       -0.7071063543746 bend   6   44   24
  60 k  1.0000000000000 outp  44    6   23   24 val=  -0.05529
  61 k  1.0000000000000 stre   3   12           val=   2.62722
  62 k  1.0000000000000 stre  12   11           val=   2.60004
  63 k  1.0000000000000 stre  11   10           val=   2.70013
  64 k  1.0000000000000 stre  10    9           val=   2.59695
  65 k  1.0000000000000 stre   9    3           val=   2.63549
  66 k -0.5116672736017 bend   3   11   12      val=  -0.15100
        0.1954395075848 bend  12   10   11
        0.1954395075849 bend  11    9   10
       -0.5116672736017 bend  10    3    9
        0.6324555320337 bend   9   12    3
  67 k  0.3717480344602 bend   3   11   12      val=  -0.17045
       -0.6015009550075 bend  12   10   11
        0.6015009550075 bend  11    9   10
       -0.3717480344602 bend  10    3    9
  68 k -0.5116672736017 tors  11   10    9    3 val=   0.28617
        0.1954395075848 tors  10    9    3   12
        0.1954395075849 tors   9    3   12   11
       -0.5116672736017 tors   3   12   11   10
        0.6324555320337 tors  12   11   10    9
  69 k  0.3717480344602 tors  11   10    9    3 val=   0.43727
       -0.6015009550075 tors  10    9    3   12
        0.6015009550075 tors   9    3   12   11
       -0.3717480344602 tors   3   12   11   10
  70 k  0.5000000000000 tors  12    3    1    4 val=  83.86245
        0.5000000000000 tors  12    3    1    7
        0.5000000000000 tors   9    3    1    4
        0.5000000000000 tors   9    3    1    7
  71 k  0.7143693127956 bend   1   12    3      val=   5.86611
       -0.6997688796567 bend   1    9    3
  72 k  1.0000000000000 outp  12    1    9    3 val=  12.64167
  73 k  1.0000000000000 stre   4   13           val=   2.63838
  74 k  1.0000000000000 stre  13   14           val=   2.59142
  75 k  1.0000000000000 stre  14   15           val=   2.69996
  76 k  1.0000000000000 stre  15   16           val=   2.59376
  77 k  1.0000000000000 stre  16    4           val=   2.63836
  78 k -0.5116672736017 bend   4   14   13      val=  -0.26177
        0.1954395075848 bend  13   15   14
        0.1954395075849 bend  14   16   15
       -0.5116672736017 bend  15    4   16
        0.6324555320337 bend  16   13    4
  79 k  0.3717480344602 bend   4   14   13      val=   0.22384
       -0.6015009550075 bend  13   15   14
        0.6015009550075 bend  14   16   15
       -0.3717480344602 bend  15    4   16
  80 k -0.5116672736017 tors  14   15   16    4 val=   0.06041
        0.1954395075848 tors  15   16    4   13
        0.1954395075849 tors  16    4   13   14
       -0.5116672736017 tors   4   13   14   15
        0.6324555320337 tors  13   14   15   16
  81 k  0.3717480344602 tors  14   15   16    4 val=  -0.20917
       -0.6015009550075 tors  15   16    4   13
        0.6015009550075 tors  16    4   13   14
       -0.3717480344602 tors   4   13   14   15
  82 k  0.5000000000000 tors  13    4    1    3 val=  68.53204
        0.5000000000000 tors  13    4    1    7
        0.5000000000000 tors  16    4    1    3
        0.5000000000000 tors  16    4    1    7
  83 k -0.7041285576784 bend   1   13    4      val=   5.73499
        0.7100725133828 bend   1   16    4
  84 k  1.0000000000000 outp  16   13    1    4 val=  -3.98589
  85 k  1.0000000000000 stre   5   17           val=   2.63836
  86 k  1.0000000000000 stre  17   18           val=   2.59143
  87 k  1.0000000000000 stre  18   19           val=   2.69996
  88 k  1.0000000000000 stre  19   20           val=   2.59376
  89 k  1.0000000000000 stre  20    5           val=   2.63836
  90 k -0.5116672736017 bend   5   18   17      val=  -0.26193
        0.1954395075848 bend  17   19   18
        0.1954395075849 bend  18   20   19
       -0.5116672736017 bend  19    5   20
        0.6324555320337 bend  20   17    5
  91 k  0.3717480344602 bend   5   18   17      val=   0.22447
       -0.6015009550075 bend  17   19   18
        0.6015009550075 bend  18   20   19
       -0.3717480344602 bend  19    5   20
  92 k -0.5116672736017 tors  18   19   20    5 val=   0.05623
        0.1954395075848 tors  19   20    5   17
        0.1954395075849 tors  20    5   17   18
       -0.5116672736017 tors   5   17   18   19
        0.6324555320337 tors  17   18   19   20
  93 k  0.3717480344602 tors  18   19   20    5 val=  -0.21253
       -0.6015009550075 tors  19   20    5   17
        0.6015009550075 tors  20    5   17   18
       -0.3717480344602 tors   5   17   18   19
  94 k  0.5000000000000 tors  17    5    2    6 val=  68.57250
        0.5000000000000 tors  17    5    2    8
        0.5000000000000 tors  20    5    2    6
        0.5000000000000 tors  20    5    2    8
  95 k -0.7043392525414 bend   2   17    5      val=   5.69887
        0.7098635202132 bend   2   20    5
  96 k  1.0000000000000 outp  20   17    2    5 val=  -3.97604
  97 k  1.0000000000000 stre   6   21           val=   2.62726
  98 k  1.0000000000000 stre  21   22           val=   2.60001
  99 k  1.0000000000000 stre  22   23           val=   2.70014
 100 k  1.0000000000000 stre  23   24           val=   2.59691
 101 k  1.0000000000000 stre  24    6           val=   2.63550
 102 k -0.5116672736017 bend   6   22   21      val=  -0.14990
        0.1954395075848 bend  21   23   22
        0.1954395075849 bend  22   24   23
       -0.5116672736017 bend  23    6   24
        0.6324555320337 bend  24   21    6
 103 k  0.3717480344602 bend   6   22   21      val=  -0.17112
       -0.6015009550075 bend  21   23   22
        0.6015009550075 bend  22   24   23
       -0.3717480344602 bend  23    6   24
 104 k -0.5116672736017 tors  22   23   24    6 val=   0.28575
        0.1954395075848 tors  23   24    6   21
        0.1954395075849 tors  24    6   21   22
       -0.5116672736017 tors   6   21   22   23
        0.6324555320337 tors  21   22   23   24
 105 k  0.3717480344602 tors  22   23   24    6 val=   0.43107
       -0.6015009550075 tors  23   24    6   21
        0.6015009550075 tors  24    6   21   22
       -0.3717480344602 tors   6   21   22   23
 106 k  0.5000000000000 tors  21    6    2    5 val=  84.05795
        0.5000000000000 tors  21    6    2    8
        0.5000000000000 tors  24    6    2    5
        0.5000000000000 tors  24    6    2    8
 107 k  0.7124634959602 bend   2   21    6      val=   5.52296
       -0.7017091754596 bend   2   24    6
 108 k  1.0000000000000 outp  21    2   24    6 val=  12.52766
 109 k  0.7071067811865 tors   4    1    7    8 val=  71.89479
        0.7071067811865 tors   3    1    7    8
 110 k  1.0000000000000 stre   1    4           val=   3.27464
 111 k  1.0000000000000 stre   1    3           val=   3.29997
 112 k  0.8306421761514 bend   3    4    1      val= 101.07562
        0.3693210372954 bend   7    4    1
        0.4166959882330 bend   7    3    1
 113 k -0.5495347196558 bend   3    4    1      val=  33.44621
        0.4232034363254 bend   7    4    1
        0.7203543873506 bend   7    3    1
 114 k -0.0896948554334 bend   3    4    1      val=  12.59541
        0.8273456489844 bend   7    4    1
       -0.5544853559972 bend   7    3    1
 115 k  0.7071067811865 tors   5    2    8    7 val=  71.81179
        0.7071067811865 tors   6    2    8    7
 116 k  1.0000000000000 stre   2    5           val=   3.27472
 117 k  1.0000000000000 stre   2    6           val=   3.29977
 118 k  0.8340868733433 bend   6    5    2      val= 101.09389
        0.3615726323024 bend   8    5    2
        0.4166105126929 bend   8    6    2
 119 k -0.5431600813945 bend   6    5    2      val=  33.85448
        0.4064513941681 bend   8    5    2
        0.7346933987442 bend   8    6    2
 120 k -0.0963131024100 bend   6    5    2      val=  14.20759
        0.8390843198086 bend   8    5    2
       -0.5354075929191 bend   8    6    2
 121 k  1.0000000000000 tors   1    7    8    2 val= 176.58743
 122 k  1.0000000000000 stre   7    1           val=   3.50081
 123 k  1.0000000000000 bend   8    1    7      val= 110.14458
 124 k  1.0000000000000 stre   8    2           val=   3.50067
 125 k  1.0000000000000 bend   7    2    8      val= 110.14305
 126 k  1.0000000000000 stre   7    8           val=   2.89943
       126 non zero eigenvalues  of BmBt
           1           6.115949924    1    0
         1
           2           6.111599831    2    0
         2
           3           5.876350193    3    0
         3
           4           5.875376515    4    0
         4
           5           5.769747421    5    0
         5
           6           5.754516814    6    0
         6
           7           5.739983817    7    0
         7
           8           5.735450016    8    0
         8
           9           4.754499235    9    0
         9
          10           4.112210194   10    0
        10
          11           4.067245257   11    0
        11
          12           4.035595413   12    0
        12
          13           4.017709741   13    0
        13
          14           3.981830638   14    0
        14
          15           3.955025864   15    0
        15
          16           3.942237793   16    0
        16
          17           3.934322760   17    0
        17
          18           3.926559373   18    0
        18
          19           3.857824211   19    0
        19
          20           3.849340105   20    0
        20
          21           3.819530771   21    0
        21
          22           3.807498453   22    0
        22
          23           3.711513508   23    0
        23
          24           3.695890185   24    0
        24
          25           3.628558732   25    0
        25
          26           3.617741842   26    0
        26
          27           3.443721383   27    0
        27
          28           3.081591284   28    0
        28
          29           3.049667409   29    0
        29
          30           2.995553155   30    0
        30
          31           2.959383016   31    0
        31
          32           2.859644268   32    0
        32
          33           2.785881681   33    0
        33
          34           2.408169270   34    0
        34
          35           2.260887126   35    0
        35
          36           2.208406414   36    0
        36
          37           2.201269169   37    0
        37
          38           2.197454765   38    0
        38
          39           2.195620356   39    0
        39
          40           2.193562518   40    0
        40
          41           2.184821641   41    0
        41
          42           2.179062824   42    0
        42
          43           2.129874897   43    0
        43
          44           2.025536523   44    0
        44
          45           2.023717526   45    0
        45
          46           1.971519172   46    0
        46
          47           1.805121368   47    0
        47
          48           1.784542234   48    0
        48
          49           1.739273636   49    0
        49
          50           1.656868341   50    0
        50
          51           1.642088711   51    0
        51
          52           1.537139275   52    0
        52
          53           1.472924718   53    0
        53
          54           1.471461454   54    0
        54
          55           1.302337451   55    0
        55
          56           1.299309279   56    0
        56
          57           1.282033266   57    0
        57
          58           1.278515710   58    0
        58
          59           1.131040681   59    0
        59
          60           1.098438877   60    0
        60
          61           1.028071702   61    0
        61
          62           1.020263737   62    0
        62
          63           0.918285966   63    0
        63
          64           0.859019869   64    0
        64
          65           0.758608531   65    0
        65
          66           0.745204913   66    0
        66
          67           0.729676203   67    0
        67
          68           0.701884492   68    0
        68
          69           0.645536100   69    0
        69
          70           0.615848018   70    0
        70
          71           0.590929413   71    0
        71
          72           0.456169514   72    0
        72
          73           0.455509111   73    0
        73
          74           0.452645751   74    0
        74
          75           0.450703829   75    0
        75
          76           0.419830279   76    0
        76
          77           0.402979198   77    0
        77
          78           0.397665055   78    0
        78
          79           0.392646996   79    0
        79
          80           0.383457389   80    0
        80
          81           0.382980144   81    0
        81
          82           0.381801690   82    0
        82
          83           0.381356988   83    0
        83
          84           0.371011866   84    0
        84
          85           0.370069430   85    0
        85
          86           0.368968854   86    0
        86
          87           0.367027399   87    0
        87
          88           0.354168686   88    0
        88
          89           0.329613368   89    0
        89
          90           0.327488583   90    0
        90
          91           0.326990594   91    0
        91
          92           0.326881998   92    0
        92
          93           0.321336559   93    0
        93
          94           0.306996343   94    0
        94
          95           0.298280916   95    0
        95
          96           0.295167077   96    0
        96
          97           0.294466299   97    0
        97
          98           0.254981401   98    0
        98
          99           0.203914679   99    0
        99
         100           0.146055112  100    0
       100
         101           0.135061714  101    0
       101
         102           0.121672657  102    0
       102
         103           0.121259507  103    0
       103
         104           0.118937272  104    0
       104
         105           0.115350135  105    0
       105
         106           0.081153986  106    0
       106
         107           0.079431148  107    0
       107
         108           0.070655144  108    0
       108
         109           0.064001345  109    0
       109
         110           0.062913166  110    0
       110
         111           0.060484033  111    0
       111
         112           0.059317750  112    0
       112
         113           0.054903104  113    0
       113
         114           0.047283511  114    0
       114
         115           0.042453763  115    0
       115
         116           0.033658610  116    0
       116
         117           0.032009005  117    0
       117
         118           0.027249406  118    0
       118
         119           0.024225209  119    0
       119
         120           0.009130552  120    0
       120
         121           0.007449420  121    0
       121
         122           0.005532433  122    0
       122
         123           0.005263300  123    0
       123
         124           0.002096693  124    0
       124
         125           0.001383099  125    0
       125
         126           0.001036979  126    0
       126
$end
