$coord
    0.08417784484932     -0.91784206853633     -0.39543820837782      c
   -1.22286864366642      1.38390705610667     -0.39543809245977      c
   -3.85619344511839      1.40229002809601     -0.39543840873837      c
   -5.21414178516717     -0.85745461490629     -0.39543848117885      c
   -3.90861682556849     -3.14890552167063     -0.39543848066852      c
   -1.27688890773716     -3.19036061517216     -0.39543818430415      c
    3.42930236603373     -1.09910633216588     -0.39543884833413      s
    3.85149110828152      1.40715970649605     -0.39543904071028      h
   -0.18662425224622      3.15636566912495     -0.39543759058206      h
   -4.84647489538142      3.20091500165741     -0.39543872654895      h
   -7.26555155177755     -0.83318476475786     -0.39543844759815      h
   -4.94094096618881     -4.92351008895389     -0.39543881688857      h
   -0.27574809031815     -4.98294527231996     -0.39543776961144      h
$user-defined bonds
$redundant
     number_of_atoms            13
     degrees_of_freedom         33
     internal_coordinates       33
     frozen_coordinates          0
# definitions of redundant internals
   1 k  1.0000000000000 tors    8    7    1    2 val=  90.00000
        1.0000000000000 tors    8    7    1    6
   2 k  1.0000000000000 stre    7    8           val=   2.54147
   3 k  1.0000000000000 bend    1    8    7      val=  96.47467
   4 k  1.0000000000000 stre    2    9           val=   2.05309
   5 k -0.7071067811865 bend    3    9    2      val=   0.11909
        0.7071067811865 bend    1    9    2
   6 k  1.0000000000000 outp    9    1    3    2 val=   0.00000
   7 k  1.0000000000000 stre    3   10           val=   2.05322
   8 k -0.7071067811865 bend    2   10    3      val=   0.46880
        0.7071067811865 bend    4   10    3
   9 k  1.0000000000000 outp   10    4    2    3 val=   0.00000
  10 k  1.0000000000000 stre    4   11           val=   2.05155
  11 k  0.7071067811865 bend    3   11    4      val=  -0.00914
       -0.7071067811865 bend    5   11    4
  12 k  1.0000000000000 outp   11    5    3    4 val=   0.00000
  13 k  1.0000000000000 stre    5   12           val=   2.05303
  14 k  0.7071067811865 bend    6   12    5      val=  -0.42471
       -0.7071067811865 bend    4   12    5
  15 k  1.0000000000000 outp   12    4    6    5 val=   0.00000
  16 k  1.0000000000000 stre    6   13           val=   2.05315
  17 k  0.7071067811865 bend    5   13    6      val=   0.07191
       -0.7071067811865 bend    1   13    6
  18 k  1.0000000000000 outp   13    1    5    6 val=   0.00000
  19 k  1.0000000000000 stre    1    7           val=   3.35012
  20 k  0.7071067811865 bend    2    7    1      val=   2.47619
       -0.7071067811865 bend    6    7    1
  21 k  1.0000000000000 outp    7    6    2    1 val=   0.00000
  22 k  1.0000000000000 stre    1    2           val=   2.64668
  23 k  1.0000000000000 stre    2    3           val=   2.63365
  24 k  1.0000000000000 stre    3    4           val=   2.63625
  25 k  1.0000000000000 stre    4    5           val=   2.63733
  26 k  1.0000000000000 stre    5    6           val=   2.63212
  27 k  1.0000000000000 stre    6    1           val=   2.64903
  28 k -0.5000000000000 bend    1    3    2      val=  -0.43977
       -0.5000000000000 bend    2    4    3
        1.0000000000000 bend    3    5    4
       -0.5000000000000 bend    4    6    5
       -0.5000000000000 bend    5    1    6
        1.0000000000000 bend    6    2    1
  29 k  0.8660254037844 bend    1    3    2      val=  -0.01611
       -0.8660254037844 bend    2    4    3
        0.8660254037844 bend    4    6    5
       -0.8660254037844 bend    5    1    6
  30 k -1.0000000000000 bend    1    3    2      val=   0.22684
        1.0000000000000 bend    2    4    3
       -1.0000000000000 bend    3    5    4
        1.0000000000000 bend    4    6    5
       -1.0000000000000 bend    5    1    6
        1.0000000000000 bend    6    2    1
  31 k -0.5000000000000 tors    2    3    4    5 val=   0.00000
       -0.5000000000000 tors    3    4    5    6
        1.0000000000000 tors    4    5    6    1
       -0.5000000000000 tors    5    6    1    2
       -0.5000000000000 tors    6    1    2    3
        1.0000000000000 tors    1    2    3    4
  32 k  0.8660254037844 tors    2    3    4    5 val=   0.00000
       -0.8660254037844 tors    3    4    5    6
        0.8660254037844 tors    5    6    1    2
       -0.8660254037844 tors    6    1    2    3
  33 k -1.0000000000000 tors    2    3    4    5 val=   0.00000
        1.0000000000000 tors    3    4    5    6
       -1.0000000000000 tors    4    5    6    1
        1.0000000000000 tors    5    6    1    2
       -1.0000000000000 tors    6    1    2    3
        1.0000000000000 tors    1    2    3    4
        33 non zero eigenvalues  of BmBt
           1          10.876950871    1    0
         1
           2           5.228316696    2    0
         2
           3           4.803053840    3    0
         3
           4           4.369388819    4    0
         4
           5           4.290140097    5    0
         5
           6           3.546486392    6    0
         6
           7           3.503616000    7    0
         7
           8           3.354081285    8    0
         8
           9           3.184483819    9    0
         9
          10           2.626533328   10    0
        10
          11           2.200087934   11    0
        11
          12           1.929115782   12    0
        12
          13           1.906942467   13    0
        13
          14           1.780217625   14    0
        14
          15           1.602305627   15    0
        15
          16           1.398677170   16    0
        16
          17           1.201058798   17    0
        17
          18           0.870685369   18    0
        18
          19           0.616861010   19    0
        19
          20           0.589667103   20    0
        20
          21           0.431484007   21    0
        21
          22           0.387732937   22    0
        22
          23           0.378876216   23    0
        23
          24           0.356750264   24    0
        24
          25           0.329562050   25    0
        25
          26           0.293496988   26    0
        26
          27           0.280291699   27    0
        27
          28           0.264723513   28    0
        28
          29           0.162578552   29    0
        29
          30           0.135500138   30    0
        30
          31           0.107764566   31    0
        31
          32           0.068158038   32    0
        32
          33           0.048564981   33    0
        33
$end
