$coord
   -1.41769549838182     -2.91699592779587      4.18062475121326      c
   -2.28695565351553     -2.93049296169423      1.67668749264856      c
   -2.52294849228577     -5.24826374826189      0.41581195312418      c
   -1.93432997383401     -7.50076012958912      1.64491571997227      c
   -1.10516104165113     -7.47120408084451      4.14713328412783      c
   -0.84098779172363     -5.17229025090347      5.40981156078198      c
   -2.95681035905040      0.03168145179404      0.01495168243199      p
   -5.35188177050437     -0.97370602788714     -2.28420488741325      c
   -4.69867807082068     -1.09016114719627     -4.84387432250693      c
   -6.44679735334623     -1.94400394957676     -6.62170387728633      c
   -8.86181347931776     -2.66999478777795     -5.85555408494150      c
   -9.52988101633373     -2.53703233126911     -3.30550144386586      c
   -7.78343686821269     -1.69555692296024     -1.52442308146632      c
   -0.02681917664514      2.18764364741657     -1.77947607715347      rh
   -2.13123408850592      5.15709613709694     -4.18150486613702      cl
    3.08313182087198      0.12415587385164     -0.06860038091569      p
    3.46386795367247     -3.27459302122706     -0.56248273981999      c
    4.31432360016105     -4.99392308710020      1.25213488901477      c
    4.56567573692347     -7.54806439706808      0.64260309237902      c
    3.97750281862509     -8.40237729577526     -1.77804215867366      c
    3.09529012817845     -6.69978876604711     -3.59281444442006      c
    2.82324425090645     -4.15658778355606     -2.98338797703514      c
    5.76556358260749      1.47950707482878     -1.79269975487229      c
    5.87904107599058      4.13321334360955     -1.88221395667907      c
    7.76697051588034      5.33937413026678     -3.26260713900981      c
    9.56821871902133      3.91183112731380     -4.55832267139226      c
    9.47322578264468      1.27747719233267     -4.46806680060905      c
    7.57850448403978      0.06018290799541     -3.09890664021675      c
    3.95641160449958      0.77225526631418      3.21823725891144      c
    2.28488375093770      2.20020980795332      4.69086072070381      c
    2.90679135917321      2.84857939699570      7.16827096874462      c
    5.21853148823069      2.09172869700145      8.18512686094364      c
    6.92233911078700      0.71709355906259      6.70923257556436      c
    6.30327864202550      0.07185349830008      4.23217996413638      c
   -4.74939890394115      1.85095366431053      2.36578916209941      c
   -6.12685888653647      0.70466003833756      4.32114340795493      c
   -7.50001589878432      2.17688390269047      6.02144525413490      c
   -7.52020408870474      4.80308317337174      5.78377274182890      c
   -6.16719166165546      5.95343608635567      3.83371785007445      c
   -4.78356772462013      4.49109857787465      2.13518353379427      c
    4.47849772954024      5.24078154439228     -0.85900596161385      h
    7.82901547357384      7.38980193487626     -3.33059912291510      h
   11.04183037243743      4.85047196338287     -5.63585783403434      h
   10.87678224386166      0.16394585569097     -5.47148335956047      h
    7.50367640173830     -1.98913248179994     -3.04807059455195      h
    4.74734493710586     -4.35361116299119      3.15015453488671      h
    5.21061243525874     -8.87252199902350      2.07275619278296      h
    4.18018575642732    -10.39122573767030     -2.24528097903136      h
    2.60356326574435     -7.35868168208366     -5.47408798801494      h
    2.09138793868616     -2.81790866212383     -4.36188638034782      h
    0.51446237325653      2.81989091715040      3.84839091932651      h
    1.59447838567905      3.95592681942758      8.29393518363327      h
    5.70949559982097      2.59848394121326     10.11313102308891      h
    8.74216469489862      0.16701847130007      7.48505527247926      h
    7.65873676377344     -0.94445912827335      3.07203081603476      h
   -6.11405087526101     -1.33613898266668      4.52879882413992      h
   -8.55215655225418      1.26884262792574      7.53307974457534      h
   -8.58650296722122      5.94702408097681      7.11448892273329      h
   -6.18251519586266      7.99651591047066      3.63263132746101      h
   -3.72822961697918      5.37177812219004      0.60731828768534      h
   -2.82653027125699     -0.46486404749579     -5.41323623706192      h
   -5.92735648971896     -2.01638785704308     -8.60649744927071      h
  -10.23061078392433     -3.31879179434859     -7.24179108551602      h
  -11.41768041814978     -3.07689393863809     -2.70497176690931      h
   -8.31933964161018     -1.58274050218863      0.45287240111124      h
   -3.18114961463054     -5.28460109711730     -1.52600573330064      h
   -2.11871529614870     -9.28141987350784      0.64126162285938      h
   -0.65423574508548     -9.23098742763474      5.10344438513903      h
   -0.18434744494123     -5.12798268510939      7.35476196886779      h
   -1.21802379450998     -1.14220534776343      5.18354871063456      h
$user-defined bonds
$end
