$coord
    0.01086055790734      0.42846512194778      2.18934737922211      pt
    2.90758928215220      0.12661786224203     -0.95468978956729      p
   -2.90497933900390      0.17485888122912     -0.94692826440870      p
    2.70906552760555      0.62061522214884      5.13015380130047      c
   -2.74110708016425      0.70294959831454      5.08024113366559      c
    1.26038755617719      0.16345157652366     -3.99952981290597      c
   -1.26793216040433      0.23022400221795     -3.99611336547070      c
    5.28349368735899      2.59650456117364     -1.35196713517660      c
    7.19882697086073      2.45099908822232     -3.17885633186046      c
    8.91294774380341      4.42904287552026     -3.45649456454909      c
    8.73056765088605      6.56228485727212     -1.91040022130965      c
    6.83395232105078      6.71329849603552     -0.08603002756191      c
    5.11173861490532      4.73688430687840      0.19395962115642      c
    4.70845385212959     -2.80804954023799     -1.15032548062837      c
    3.54920970991270     -4.97711233566811     -2.14009182410186      c
    4.80166035633382     -7.29241046099566     -2.09572712922475      c
    7.21438568762290     -7.47304613186409     -1.04367557663025      c
    8.36766314638441     -5.32690539564935     -0.03405711541882      c
    7.12494186787666     -3.00455105002959     -0.08375247751886      c
   -5.29390836702316      2.62485469988787     -1.29371044844881      c
   -7.55042617273357      2.48012701100584      0.08993705225623      c
   -9.29088699177163      4.45278046521022     -0.00262326056057      c
   -8.79729936705487      6.59200926405739     -1.46656599950069      c
   -6.54719457109335      6.75656186363691     -2.83145672634354      c
   -4.79825035275171      4.78840069193354     -2.73885906586620      c
   -4.69344289080161     -2.77282664521892     -1.20308259814056      c
   -3.85753227058930     -4.83706182242015      0.22867687865368      c
   -5.07268674950252     -7.16710107972879      0.02784068117672      c
   -7.12986544782617     -7.44613806139636     -1.59795433251587      c
   -7.97632252273257     -5.39145914728229     -3.02382893973047      c
   -6.76368076380521     -3.06221320161101     -2.83110037445195      c
    2.41503953686838     -1.00627755924262      6.37925055562280      h
    2.37680173622578      2.34086658227950      6.23786768732602      h
    4.68023615045694      0.61299136212199      4.49599142418985      h
   -1.86836045216876      0.69947617074798      6.95496529783300      h
   -4.08734490728713     -0.87269111554719      4.97914364371202      h
   -3.80593926911877      2.46810286062324      4.84921742550600      h
    2.34272894108021      0.10429918540235     -5.75055750316721      h
   -2.35808027227525      0.23278716414269     -5.74377130587051      h
    7.36105106523138      0.78042486576223     -4.36290747956756      h
   10.39437889267601      4.30821281009672     -4.87306313577219      h
   10.07406398777835      8.09986490079975     -2.12596758326223      h
    6.69790995732095      8.36477241369534      1.12561477276577      h
    3.62745507943176      4.81399257100746      1.61196883063803      h
    1.65912319962750     -4.84917930073862     -2.93413941283906      h
    3.89057371457605     -8.95756763851607     -2.87869963999028      h
    8.18901263476399     -9.27926548809040     -1.00612509927292      h
   10.24005574533106     -5.45935417013027      0.79775915142380      h
    8.03110516922775     -1.34089887084573      0.70540476707834      h
   -7.93842516636801      0.82256278554527      1.23648056197821      h
  -11.03367472613888      4.32236713115320      1.07460332645497      h
  -10.15848671312309      8.12685906349477     -1.53704936810047      h
   -6.14959419699147      8.42051279789052     -3.96665052007990      h
   -3.03436715392671      4.93584088858271     -3.78144172177198      h
   -2.26253745181516     -4.57488393755416      1.49900034803420      h
   -4.42184891204962     -8.75764255573652      1.15086737168846      h
   -8.08296285413505     -9.25845004418113     -1.74821694089891      h
   -9.58354826179432     -5.60601630161278     -4.28352211050467      h
   -7.43656390460168     -1.46020709700336     -3.92567507807998      h
$user-defined bonds
$end
