$coord
   -1.44167950785222     -0.52980513738236      0.92398065468509      ni
    1.77958928896891     -1.06102220645169     -0.05504235413772      c
   -3.04472847336060      2.33965239736420      0.02250834274829      c
   -3.06191848942335     -2.86785451335985      2.80162233195768      c
    3.83065780136744     -1.39892279356489     -0.67936841677240      o
   -4.06582100395344      4.16666978511995     -0.55216821701957      o
   -4.09445704774671     -4.35623331472535      3.99721510053863      o
$user-defined bonds
$redundant
     number_of_atoms             7
     degrees_of_freedom         15
     internal_coordinates       15
     frozen_coordinates          0
# definitions of redundant internals
   1 k  1.0000000000000 stre   5    2           val=   2.17045
   2 k  1.0000000000000 linc   5    1    2    3 val=   0.01980
   3 k  1.0000000000000 linp   5    1    2    3 val=   0.01705
   4 k  1.0000000000000 stre   6    3           val=   2.17046
   5 k  1.0000000000000 linc   6    1    3    2 val=   0.00001
   6 k  1.0000000000000 linp   6    1    3    2 val=  -0.01894
   7 k  1.0000000000000 stre   7    4           val=   2.17045
   8 k  1.0000000000000 linc   7    1    4    2 val=  -0.02406
   9 k  1.0000000000000 linp   7    1    4    2 val=   0.00287
  10 k  1.0000000000000 stre   1    3           val=   3.40826
  11 k  1.0000000000000 stre   1    4           val=   3.40840
  12 k  1.0000000000000 stre   1    2           val=   3.40841
  13 k  0.8139201820100 bend   4    3    1      val=  -0.01937
       -0.3508311907556 bend   2    3    1
       -0.4630889902706 bend   2    4    1
  14 k  0.0648120708733 bend   4    3    1      val=   0.02468
       -0.7372815892691 bend   2    3    1
        0.6724695187099 bend   2    4    1
  15 k  1.0000000000000 outp   4    3    2    1 val=   0.04967
        15 non zero eigenvalues  of BmBt
           1           3.512641594    1    0
         1
           2           3.512001273    2    0
         2
           3           2.618034310    3    0
         3
           4           1.874808625    4    0
         4
           5           1.691834862    5    0
         5
           6           1.691349341    6    0
         6
           7           0.786918681    7    0
         7
           8           0.786469417    8    0
         8
           9           0.786094023    9    0
         9
          10           0.776224812   10    0
        10
          11           0.775703830   11    0
        11
          12           0.381966434   12    0
        12
          13           0.206983995   13    0
        13
          14           0.084304904   14    0
        14
          15           0.084251767   15    0
        15
$end
