$coord
    2.16765876167087     -5.51174762150395     -0.00795735801499      c
    4.79365808253938     -5.45891362084893      0.03984684551797      c
    6.01705467023101     -3.12627155942008      0.07889912654917      c
    4.57081847294215     -0.93377330737665      0.06873950481498      c
    1.09250454088684     -7.26296301333122     -0.04001869885092      h
    5.84528464913070     -7.21872129659914      0.04597790298692      h
    8.06509385972397     -3.01222370418207      0.11666123741671      h
    5.48666945417754      0.89818757958512      0.09840339451030      h
    0.76363601224588     -3.39800225289680     -0.01791012185905      n
    1.93381527775456     -1.11407358022268      0.01982073185970      c
    0.24673351007073      1.09564071143682      0.00522375741790      c
   -2.28442982758783      0.59022759198589     -0.04655330582492      n
   -3.91996660312919      2.54020702152032     -0.06214605397247      c
   -0.57109488925324      5.58522864407498      0.02521702639567      c
   -3.14989504541155      5.04601193909280     -0.02787395300918      c
   -5.90262192850901      2.02791845284240     -0.10353263809044      h
   -4.55757137817876      6.53604271389130     -0.04260762309769      h
    1.12889555286910      3.58552049031348      0.04160542422815      c
    3.14317617725150      3.95319832834870      0.08295188478827      h
    0.10291628478712      7.52193265637745      0.05357157078921      h
   -3.27500086404015     -3.18852606516023     -0.09098589277508      pd
   -7.06431656902091     -2.48523663920092     -0.15799621036590      c
   -7.41482679099290     -1.36047153439327     -1.86586621953565      h
   -7.48081302080743     -1.38640707268205      1.55187152411210      h
   -8.24160596406831     -4.17462212709627     -0.19372750083546      h
   -4.22416545728197     -7.97395197255500     -0.13687229215544      i
$user-defined bonds
$redundant
     number_of_atoms            26
     degrees_of_freedom         72
     internal_coordinates       72
     frozen_coordinates          0
# definitions of redundant internals
   1 k  1.0000000000000 stre   1    5           val=   2.05517
   2 k -0.7071067800705 bend   9    5    1      val=   3.92882
        0.7071067823026 bend   2    5    1
   3 k  1.0000000000000 outp   5    2    9    1 val=   0.00314
   4 k  1.0000000000000 stre   2    6           val=   2.05009
   5 k  0.7071067858101 bend   3    6    2      val=   0.87430
       -0.7071067765629 bend   1    6    2
   6 k  1.0000000000000 outp   6    1    3    2 val=   0.00178
   7 k  1.0000000000000 stre   3    7           val=   2.05156
   8 k -0.7071067723883 bend   4    7    3      val=   0.32500
        0.7071067899848 bend   2    7    3
   9 k  1.0000000000000 outp   7    2    4    3 val=   0.00109
  10 k  1.0000000000000 stre   4    8           val=   2.04835
  11 k -0.7071067367430 bend   3    8    4      val=   0.23050
        0.7071068256301 bend  10    8    4
  12 k  1.0000000000000 outp   8   10    3    4 val=  -0.00553
  13 k  1.0000000000000 stre  13   16           val=   2.04819
  14 k -0.7071067763073 bend  12   16   13      val=   3.03786
        0.7071067860658 bend  15   16   13
  15 k  1.0000000000000 outp  16   15   12   13 val=  -0.00384
  16 k  1.0000000000000 stre  15   17           val=   2.04987
  17 k -0.7071067501350 bend  13   17   15      val=   1.01422
        0.7071068122381 bend  14   17   15
  18 k  1.0000000000000 outp  17   14   13   15 val=  -0.00644
  19 k  1.0000000000000 stre  18   19           val=   2.04798
  20 k -0.7071067811660 bend  14   19   18      val=  -0.08123
        0.7071067812071 bend  11   19   18
  21 k  1.0000000000000 outp  19   11   14   18 val=  -0.00833
  22 k  1.0000000000000 stre  14   20           val=   2.05083
  23 k -0.7071067795042 bend  18   20   14      val=   0.28721
        0.7071067828689 bend  15   20   14
  24 k  1.0000000000000 outp  20   15   18   14 val=   0.00806
  25 k  0.5773502691896 tors  25   22   21   12 val=  59.94924
        0.5773502691896 tors  24   22   21   12
        0.5773502691896 tors  23   22   21   12
  26 k  1.0000000000000 stre  22   25           val=   2.05944
  27 k  1.0000000000000 stre  22   24           val=   2.07474
  28 k  1.0000000000000 stre  22   23           val=   2.07479
  29 k  0.4107234865425 bend  24   25   22      val=   1.38675
        0.4129258331169 bend  23   25   22
        0.4107780649205 bend  23   24   22
       -0.4059510514175 bend  21   25   22
       -0.4059823180682 bend  21   24   22
       -0.4030408870031 bend  21   23   22
  30 k -0.7550893549419 bend  24   25   22      val=  -0.22005
        0.3468941600337 bend  23   25   22
        0.4075790663010 bend  23   24   22
       -0.1659262731524 bend  21   25   22
       -0.1405320546810 bend  21   24   22
        0.3100048805841 bend  21   23   22
  31 k  0.0365872846466 bend  24   25   22      val=  -0.46836
       -0.6776750422239 bend  23   25   22
        0.6437280934951 bend  23   24   22
       -0.2436440491487 bend  21   25   22
        0.2559152356141 bend  21   24   22
       -0.0133048445747 bend  21   23   22
  32 k -0.3079718839309 bend  24   25   22      val=   1.71008
        0.1478535595470 bend  23   25   22
        0.1632663716750 bend  23   24   22
        0.3939089362373 bend  21   25   22
        0.3605931380082 bend  21   24   22
       -0.7559398615573 bend  21   23   22
  33 k -0.0069402898364 bend  24   25   22      val=  -3.04435
        0.2532106814247 bend  23   25   22
       -0.2467574366513 bend  23   24   22
       -0.6509378207337 bend  21   25   22
        0.6714409189018 bend  21   24   22
       -0.0198493478343 bend  21   23   22
  34 k  1.0000000000000 stre  21   26           val=   4.87886
  35 k  0.7071069741276 bend  22   26   21      val=  -4.48561
       -0.7071065882454 bend   9   26   21
  36 k -0.5773502591391 outp  26   12   22   21 val=   0.01775
       -0.5773501952008 outp  26    9   22   21
       -0.5773503532290 outp  26    9   12   21
  37 k  1.0000000000000 stre  21   22           val=   3.85461
  38 k  1.0000000000000 bend  12   22   21      val=  94.18524
  39 k  1.0000000000000 outp  22    9   12   21 val=  -0.02903
  40 k  1.0000000000000 stre   9    1           val=   2.53758
  41 k  1.0000000000000 stre   1    2           val=   2.62697
  42 k  1.0000000000000 stre   2    3           val=   2.63428
  43 k  1.0000000000000 stre   3    4           val=   2.62655
  44 k  1.0000000000000 stre   4   10           val=   2.64361
  45 k -0.2886751345948 bend  10    1    9      val=  -0.04289
       -0.2886751345948 bend   9    2    1
        0.5773502691896 bend   1    3    2
       -0.2886751345948 bend   2    4    3
       -0.2886751345948 bend   3   10    4
        0.5773502691896 bend   4    9   10
  46 k  0.5000000000000 bend  10    1    9      val=  -0.93987
       -0.5000000000000 bend   9    2    1
        0.5000000000000 bend   2    4    3
       -0.5000000000000 bend   3   10    4
  47 k -0.4082482904639 bend  10    1    9      val=   0.79827
        0.4082482904639 bend   9    2    1
       -0.4082482904639 bend   1    3    2
        0.4082482904639 bend   2    4    3
       -0.4082482904639 bend   3   10    4
        0.4082482904639 bend   4    9   10
  48 k -0.2886751345948 tors   9    1    2    3 val=   0.00035
       -0.2886751345948 tors   1    2    3    4
        0.5773502691896 tors   2    3    4   10
       -0.2886751345948 tors   3    4   10    9
       -0.2886751345948 tors   4   10    9    1
        0.5773502691896 tors  10    9    1    2
  49 k  0.5000000000000 tors   9    1    2    3 val=  -0.00006
       -0.5000000000000 tors   1    2    3    4
        0.5000000000000 tors   3    4   10    9
       -0.5000000000000 tors   4   10    9    1
  50 k -0.4082482904639 tors   9    1    2    3 val=   0.00056
        0.4082482904639 tors   1    2    3    4
       -0.4082482904639 tors   2    3    4   10
        0.4082482904639 tors   3    4   10    9
       -0.4082482904639 tors   4   10    9    1
        0.4082482904639 tors  10    9    1    2
  51 k  0.7071067811865 tors  11   10    9    4 val= 179.98423
        0.7071067811865 tors  21   10    9    1
  52 k  1.0000000000000 stre  11   18           val=   2.64179
  53 k  1.0000000000000 stre  18   14           val=   2.62470
  54 k  1.0000000000000 stre  14   15           val=   2.63511
  55 k  1.0000000000000 stre  15   13           val=   2.62169
  56 k  1.0000000000000 stre  13   12           val=   2.54512
  57 k -0.2886751345948 bend  12   18   11      val=  -1.02872
       -0.2886751345948 bend  11   14   18
        0.5773502691896 bend  18   15   14
       -0.2886751345948 bend  14   13   15
       -0.2886751345948 bend  15   12   13
        0.5773502691896 bend  13   11   12
  58 k  0.5000000000000 bend  12   18   11      val=  -0.83039
       -0.5000000000000 bend  11   14   18
        0.5000000000000 bend  14   13   15
       -0.5000000000000 bend  15   12   13
  59 k -0.4082482904639 bend  12   18   11      val=  -0.76293
        0.4082482904639 bend  11   14   18
       -0.4082482904639 bend  18   15   14
        0.4082482904639 bend  14   13   15
       -0.4082482904639 bend  15   12   13
        0.4082482904639 bend  13   11   12
  60 k -0.2886751345948 tors  11   18   14   15 val=  -0.00218
       -0.2886751345948 tors  18   14   15   13
        0.5773502691896 tors  14   15   13   12
       -0.2886751345948 tors  15   13   12   11
       -0.2886751345948 tors  13   12   11   18
        0.5773502691896 tors  12   11   18   14
  61 k  0.5000000000000 tors  11   18   14   15 val=  -0.00222
       -0.5000000000000 tors  18   14   15   13
        0.5000000000000 tors  15   13   12   11
       -0.5000000000000 tors  13   12   11   18
  62 k -0.4082482904639 tors  11   18   14   15 val=  -0.00089
        0.4082482904639 tors  18   14   15   13
       -0.4082482904639 tors  14   15   13   12
        0.4082482904639 tors  15   13   12   11
       -0.4082482904639 tors  13   12   11   18
        0.4082482904639 tors  12   11   18   14
  63 k  0.7071067811865 tors  21   12   11   13 val= 180.03512
        0.7071067811865 tors  10   12   11   18
  64 k  1.0000000000000 stre   9   10           val=   2.56653
  65 k  1.0000000000000 stre  10   11           val=   2.78016
  66 k  1.0000000000000 stre  11   12           val=   2.58165
  67 k  1.0000000000000 stre  12   21           val=   3.90668
  68 k  1.0000000000000 stre  21    9           val=   4.04473
  69 k -0.5116672736017 bend   9   11   10      val=   8.99655
        0.1954395075848 bend  10   12   11
        0.1954395075849 bend  11   21   12
       -0.5116672736017 bend  12    9   21
        0.6324555320337 bend  21   10    9
  70 k  0.3717480344602 bend   9   11   10      val=   7.08540
       -0.6015009550075 bend  10   12   11
        0.6015009550075 bend  11   21   12
       -0.3717480344602 bend  12    9   21
  71 k -0.5116672736017 tors  11   12   21    9 val=   0.04568
        0.1954395075848 tors  12   21    9   10
        0.1954395075849 tors  21    9   10   11
       -0.5116672736017 tors   9   10   11   12
        0.6324555320337 tors  10   11   12   21
  72 k  0.3717480344602 tors  11   12   21    9 val=   0.00732
       -0.6015009550075 tors  12   21    9   10
        0.6015009550075 tors  21    9   10   11
       -0.3717480344602 tors   9   10   11   12
        72 non zero eigenvalues  of BmBt
           1          23.507942644    1    0
         1
           2          11.039178180    2    0
         2
           3          10.030485594    3    0
         3
           4           5.991369356    4    0
         4
           5           5.157048929    5    0
         5
           6           4.971193198    6    0
         6
           7           4.611899772    7    0
         7
           8           4.595167609    8    0
         8
           9           4.144191772    9    0
         9
          10           4.100906218   10    0
        10
          11           4.001745864   11    0
        11
          12           3.898280285   12    0
        12
          13           3.657231118   13    0
        13
          14           3.560439933   14    0
        14
          15           3.508679646   15    0
        15
          16           3.417019298   16    0
        16
          17           3.155961000   17    0
        17
          18           3.141872283   18    0
        18
          19           3.104166280   19    0
        19
          20           3.027912426   20    0
        20
          21           2.866358270   21    0
        21
          22           2.779352881   22    0
        22
          23           2.563163528   23    0
        23
          24           2.397270751   24    0
        24
          25           2.198081355   25    0
        25
          26           1.908536864   26    0
        26
          27           1.852759188   27    0
        27
          28           1.801091382   28    0
        28
          29           1.731873469   29    0
        29
          30           1.728061365   30    0
        30
          31           1.640530066   31    0
        31
          32           1.459184829   32    0
        32
          33           1.435098674   33    0
        33
          34           1.191707757   34    0
        34
          35           1.005827971   35    0
        35
          36           1.002587759   36    0
        36
          37           0.884083178   37    0
        37
          38           0.880608083   38    0
        38
          39           0.763528101   39    0
        39
          40           0.749794146   40    0
        40
          41           0.694752332   41    0
        41
          42           0.692106652   42    0
        42
          43           0.664779115   43    0
        43
          44           0.487667118   44    0
        44
          45           0.438674118   45    0
        45
          46           0.391314235   46    0
        46
          47           0.378266323   47    0
        47
          48           0.378170781   48    0
        48
          49           0.368997710   49    0
        49
          50           0.331851933   50    0
        50
          51           0.324924693   51    0
        51
          52           0.312319867   52    0
        52
          53           0.311471256   53    0
        53
          54           0.308616482   54    0
        54
          55           0.281007590   55    0
        55
          56           0.278495377   56    0
        56
          57           0.209838135   57    0
        57
          58           0.201886237   58    0
        58
          59           0.193890277   59    0
        59
          60           0.132793747   60    0
        60
          61           0.129694934   61    0
        61
          62           0.111947065   62    0
        62
          63           0.108001518   63    0
        63
          64           0.091327560   64    0
        64
          65           0.087396649   65    0
        65
          66           0.068444230   66    0
        66
          67           0.051450304   67    0
        67
          68           0.036109537   68    0
        68
          69           0.023498438   69    0
        69
          70           0.014313551   70    0
        70
          71           0.010304858   71    0
        71
          72           0.002318871   72    0
        72
$end
