$coord
   -2.53367419612652      1.29656359514877     -0.07402913702125      ru
   -6.26941823966946      2.41770012915401      1.99685348204932      cl
    1.72550361993105     -0.00030035854201     -0.06125757931116      p
   -0.89760928969970      4.99803641024800      1.89273316625825      cl
   -2.12802360710550      2.81814058501528     -3.14549548421891      c
   -2.66162367433006      2.04298180450532     -4.98811056069564      h
   -1.42253499410237      4.76675287687404     -3.18319251985688      h
    2.40992079220320     -0.21281302229763      3.37680243297975      c
    3.73389210611595      2.56200241593396     -1.39879943349614      c
    4.83211649565176     -1.55656140411343      4.24914717183120      c
    2.52700800215727      1.80095516158174      3.87799952473800      h
    5.16026406291098     -1.26216281918783      7.11979957624939      c
    4.71267092640221     -3.57643521842152      3.79398938705067      h
    6.48824254132457     -0.80791907349430      3.26645793302130      h
    2.86175051329948     -2.29378520369807      8.55228767359392      c
    6.88751380089422     -2.23307115129838      7.72711807606233      h
    5.40596523803662      0.75035350383092      7.56781506690266      h
    0.41748341947898     -1.02335443844967      7.65160775842736      c
    2.72762779789750     -4.34341970918487      8.23539203437053      h
    3.10277838097088     -2.01682976597477     10.59108014683728      h
    0.09233440749447     -1.28468630843944      4.78363930599649      c
   -1.22482646626866     -1.83453567374933      8.61775353898794      h
    0.46370589582782      0.99589874528780      8.12470537128871      h
   -0.17880150757238     -3.28007826793881      4.28211316432399      h
   -1.63470885042258     -0.26364730923633      4.22415068819096      h
    2.80216655697642     -2.95244108128337     -1.68037274749528      c
    3.87860854423754      2.44095930389813     -4.30010987186263      c
    2.57730895046220      4.21133027167465     -0.90382899458524      h
    5.02230303348852      4.89526438371056     -5.34078913514064      c
    5.04256468170452      0.84086756429949     -4.91819023069851      h
    1.98308303929228      2.14921514839511     -5.08977683977796      h
    7.62913217473936      5.39719075184423     -4.17570705396255      c
    5.15942148955342      4.78831774989429     -7.40571397603561      h
    3.75215161671366      6.47448416216640     -4.89304502751624      h
    7.47965764772864      5.47181610625051     -1.28252821120829      c
    8.93837146806940      3.89125966630662     -4.75778672931036      h
    8.40469883944594      7.17748226597353     -4.89758846095430      h
    6.34398754957791      3.02401526882627     -0.20501380037290      c
    9.35981372794534      5.78479249424108     -0.46933085226836      h
    6.29022766174216      7.06916576834627     -0.69839703591565      h
    7.63599778937235      1.44693651279821     -0.57421249746643      h
    6.15702031827555      3.20146738961331      1.84722339636974      h
    1.60938182615532     -5.38345674042815     -0.61394280947462      c
    2.08373552039164     -2.69043132375816     -3.61722754322645      h
    2.23471591930225     -7.67303415744071     -2.28326457223852      c
    2.33533883233091     -5.71113804476210      1.30054156887095      h
   -0.43565089244831     -5.19343892365782     -0.46172814538067      h
    5.09285929525447     -8.01670409586335     -2.59198687042959      c
    1.38112365967294     -9.37775200464328     -1.47220820090691      h
    1.36686186947962     -7.39642160992131     -4.15039440486141      h
    6.31618642664605     -5.58492489001212     -3.57915955937746      c
    5.92546162484338     -8.49760188150626     -0.75035906267385      h
    5.49686212919242     -9.59933106230347     -3.86619537321189      h
    5.69020444525439     -3.31852192854017     -1.87637508715760      c
    8.37253270262741     -5.80776801543352     -3.70570198652548      h
    5.63205215963239     -5.19789078336602     -5.50234807787033      h
    6.47344141775613     -3.64902957875101      0.00956471504286      h
    6.60251965903649     -1.62612479011969     -2.61970602313112      h
   -4.54292034346056     -2.86267178130071     -0.31073957908448      c
   -3.84905562501617     -2.22359927801562     -2.74283236963572      c
   -3.13336264727164     -3.65304382325596      0.95814584019285      h
   -5.81210923996974     -1.68566826230522     -4.73496113527343      c
   -1.96068537252771     -2.66966866708109     -3.41005226462093      h
   -8.38714481724100     -1.04062669144739     -3.58554528515944      c
   -5.17690748636129     -0.17784809679490     -6.00788140312704      h
   -5.97414193589557     -3.38328038629013     -5.93063866603758      h
   -9.14960190871784     -3.09054686916033     -1.68849337834919      c
   -8.26754700674004      0.78551815399332     -2.61688734629251      h
   -9.80391820588380     -0.87472031613582     -5.08656909813584      h
   -7.24549098048909     -3.27070324175607      0.50148619047366      c
  -11.03816391461190     -2.71541928550182     -0.93038797676356      h
   -9.24573185134927     -4.91268024373518     -2.68032285420101      h
   -7.73595090285896     -1.92221662683569      1.98890441466965      h
   -7.32739616486675     -5.16094909927960      1.35921614276178      h
$user-defined bonds
$end
