$coord
    1.95923637787188      1.95596444295672     -1.95990769437419      mo
    5.70921740752513      2.01136627208570     -1.99713506197996      c
    1.99962985440581      5.70590574958781     -2.01572682753742      c
    2.01774745273445      1.99590236704717     -5.70981301420192      c
    2.06728580910302      2.03386288548614     -7.91461582384607      o
    7.91408918910479      2.05905446318035     -2.03352258994101      o
    2.03788031310920      7.91073843514014     -2.06365619394878      o
    1.89156348351912     -2.09486860345216     -1.87774381130321      n
   -2.09166314542993      1.87418079873193     -1.89570866164268      n
    1.87405745182917      1.88890304753315      2.09087713248424      n
    1.88888712261669      1.91330386946702      4.28697253517672      c
   -4.28772695918097      1.89083191955682     -1.92169530565519      c
    1.91561420642688     -4.29095699076790     -1.89419489251551      c
    2.03316684525162     -7.03188807478830     -2.00289522285631      c
    1.10523125257881     -7.71913139138516     -3.72062422398511      h
    1.09088503913712     -7.86674370101246     -0.36088687329893      h
    4.00660045613518     -7.65626224915821     -2.02330707743026      h
   -7.02854316004920      1.99978785554408     -2.04167575836639      c
   -7.71637779558122      3.71810876714732     -1.11527503799370      h
   -7.86440729953343      0.35839801248782     -1.09921044670238      h
   -7.65121784713400      2.01919235129873     -4.01565643446413      h
    1.99558092850090      2.03127888578135      7.02796422642870      c
    3.71218935114845      1.10236349420008      7.71668184114632      h
    0.35233172559625      1.09020414118030      7.86173921692034      h
    2.01678631431431      4.00481181215155      7.65199808488686      h
$user-defined bonds
$redundant
     number_of_atoms            25
     degrees_of_freedom         69
     internal_coordinates       69
     frozen_coordinates          0
# definitions of redundant internals
   1 k  1.0000000000000 stre   6    2           val=   2.20569
   2 k  1.0000000000000 linc   6    1    2    3 val=   0.39919
   3 k  1.0000000000000 linp   6    1    2    3 val=   0.36953
   4 k  1.0000000000000 stre   7    3           val=   2.20569
   5 k  1.0000000000000 linc   7    1    3    4 val=   0.39934
   6 k  1.0000000000000 linp   7    1    3    4 val=   0.36928
   7 k  1.0000000000000 stre   5    4           val=   2.20569
   8 k  1.0000000000000 linc   5    1    4    3 val=   0.38142
   9 k  1.0000000000000 linp   5    1    4    3 val=  -0.38790
  10 k  1.0000000000000 stre  14   13           val=   2.74560
  11 k  1.0000000000000 stre  13    8           val=   2.19628
  12 k  1.0000000000000 stre   8    1           val=   4.05223
  13 k  0.7071067811865 linc  13    1    8    2 val=   2.30691
        0.7071067811865 linc  14    1   13    2
  14 k  0.7071067811865 linc  13    1    8    2 val=  -0.68430
       -0.7071067811865 linc  14    1   13    2
  15 k  0.7071067811865 linp  13    1    8    2 val=   2.14076
        0.7071067811865 linp  14    1   13    2
  16 k  0.7071067811865 linp  13    1    8    2 val=  -0.58878
       -0.7071067811865 linp  14    1   13    2
  17 k  1.0000000000000 stre  18   12           val=   2.74560
  18 k  1.0000000000000 stre  12    9           val=   2.19628
  19 k  1.0000000000000 stre   9    1           val=   4.05223
  20 k  0.7071067811865 linc  12    1    9    8 val=  -2.20840
        0.7071067811865 linc  18    1   12    8
  21 k  0.7071067811865 linc  12    1    9    8 val=   0.60745
       -0.7071067811865 linc  18    1   12    8
  22 k  0.7071067811865 linp  12    1    9    8 val=   2.24311
        0.7071067811865 linp  18    1   12    8
  23 k  0.7071067811865 linp  12    1    9    8 val=  -0.66759
       -0.7071067811865 linp  18    1   12    8
  24 k  1.0000000000000 stre  22   11           val=   2.74560
  25 k  1.0000000000000 stre  11   10           val=   2.19628
  26 k  1.0000000000000 stre  10    1           val=   4.05224
  27 k  0.7071067811865 linc  11    1   10    9 val=  -2.20873
        0.7071067811865 linc  22    1   11    9
  28 k  0.7071067811865 linc  11    1   10    9 val=   0.60743
       -0.7071067811865 linc  22    1   11    9
  29 k  0.7071067811865 linp  11    1   10    9 val=   2.24232
        0.7071067811865 linp  22    1   11    9
  30 k  0.7071067811865 linp  11    1   10    9 val=  -0.66754
       -0.7071067811865 linp  22    1   11    9
  31 k  1.0000000000000 stre   1    3           val=   3.75057
  32 k  1.0000000000000 stre   1    2           val=   3.75058
  33 k  1.0000000000000 stre   1    4           val=   3.75057
  34 k  0.3935833712265 bend   2    3    1      val=   0.02181
       -0.5072409072258 bend   4    3    1
        0.0981729246382 bend   4    2    1
        0.0302219080104 bend   8    2    1
        0.1452007101028 bend   8    4    1
       -0.4287229825596 bend   9    3    1
       -0.3901530562286 bend   9    4    1
        0.3681904974776 bend  10    3    1
        0.2908216177805 bend  10    2    1
  35 k  0.3622426941731 bend   2    3    1      val=  -0.03928
        0.1829624429793 bend   4    3    1
       -0.5075784415136 bend   4    2    1
       -0.4436919392526 bend   8    2    1
       -0.4214774371710 bend   8    4    1
        0.0774964018944 bend   9    3    1
        0.1888118806673 bend   9    4    1
        0.2364357600509 bend  10    3    1
        0.3249705316908 bend  10    2    1
  36 k  0.4673889950206 bend   2    3    1      val=  -1.30572
        0.4621944524028 bend   4    3    1
        0.4874865922656 bend   4    2    1
       -0.2229844336925 bend   8    2    1
       -0.2216664401607 bend   8    4    1
       -0.2409221018261 bend   9    3    1
       -0.2442326527300 bend   9    4    1
       -0.2368519150714 bend  10    3    1
       -0.2400639331917 bend  10    2    1
  37 k -0.3016878099914 bend   2    3    1      val=   0.01745
        0.3817824199850 bend   4    3    1
       -0.0795491587531 bend   4    2    1
        0.4549674128937 bend   8    2    1
       -0.3353356055278 bend   8    4    1
       -0.1557239614470 bend   9    3    1
       -0.4128530652985 bend   9    4    1
       -0.0419891986337 bend  10    3    1
        0.4909099375728 bend  10    2    1
  38 k  0.2665998096868 bend   2    3    1      val=   0.02394
        0.1285353378448 bend   4    3    1
       -0.3942389614148 bend   4    2    1
        0.2142799261876 bend   8    2    1
        0.3735326661675 bend   8    4    1
       -0.4770264471739 bend   9    3    1
        0.2866803461815 bend   9    4    1
       -0.5010883542315 bend  10    3    1
        0.1034742446458 bend  10    2    1
  39 k  0.0003436564253 bend   2    3    1      val=   0.07702
       -0.0002225847510 bend   4    3    1
       -0.0001338665287 bend   4    2    1
       -0.4077454231004 bend   8    2    1
        0.4084475227833 bend   8    4    1
        0.4086642067287 bend   9    3    1
       -0.4080559094101 bend   9    4    1
       -0.4077273286985 bend  10    3    1
        0.4088477367866 bend  10    2    1
  40 k  0.4082482904639 tors  16   14    1    9 val= 105.14783
        0.4082482904639 tors  16   14    1   10
        0.4082482904639 tors  15   14    1    9
        0.4082482904639 tors  15   14    1   10
        0.4082482904639 tors  17   14    1    9
        0.4082482904639 tors  17   14    1   10
  41 k  1.0000000000000 stre  14   16           val=   2.06907
  42 k  1.0000000000000 stre  14   15           val=   2.06977
  43 k  1.0000000000000 stre  14   17           val=   2.06995
  44 k  0.4404062291268 bend  15   16   14      val=   1.02096
        0.4230601707233 bend  17   16   14
        0.3803242822427 bend  17   15   14
       -0.3985168755074 bend  13   16   14
       -0.4018404794517 bend  13   15   14
       -0.4026467616167 bend  13   17   14
  45 k -0.2788458645195 bend  15   16   14      val=   2.80801
       -0.4642676643039 bend  17   16   14
        0.8164068521295 bend  17   15   14
       -0.1695561734210 bend  13   16   14
        0.0921784685544 bend  13   15   14
        0.0541683072277 bend  13   17   14
  46 k -0.7365906094348 bend  15   16   14      val=   1.40084
        0.6509086403518 bend  17   16   14
        0.1185491345069 bend  17   15   14
       -0.0185208814382 bend  13   16   14
       -0.0941056432484 bend  13   15   14
        0.1024666949556 bend  13   17   14
  47 k  0.0652026753502 bend  15   16   14      val=   0.59388
        0.0973619597107 bend  17   16   14
       -0.1621421182640 bend  17   15   14
       -0.7912099485558 bend  13   16   14
        0.4741932315311 bend  13   15   14
        0.3303131694160 bend  13   17   14
  48 k  0.1047684030063 bend  15   16   14      val=   0.42536
       -0.0928681546756 bend  17   16   14
       -0.0096668808647 bend  17   15   14
       -0.0825470475669 bend  13   16   14
       -0.6521336991646 bend  13   15   14
        0.7404142505009 bend  13   17   14
  49 k  0.4082482904639 tors  20   18    1    8 val= 105.22052
        0.4082482904639 tors  20   18    1   10
        0.4082482904639 tors  19   18    1    8
        0.4082482904639 tors  19   18    1   10
        0.4082482904639 tors  21   18    1    8
        0.4082482904639 tors  21   18    1   10
  50 k  1.0000000000000 stre  18   20           val=   2.06907
  51 k  1.0000000000000 stre  18   19           val=   2.06977
  52 k  1.0000000000000 stre  18   21           val=   2.06995
  53 k  0.4406682153053 bend  19   20   18      val=   1.02258
        0.4230754794952 bend  21   20   18
        0.3800439326303 bend  21   19   18
       -0.3984718548748 bend  12   20   18
       -0.4018381565333 bend  12   19   18
       -0.4026556205579 bend  12   21   18
  54 k -0.2784261324683 bend  19   20   18      val=   2.83251
       -0.4642070120365 bend  21   20   18
        0.8165163170670 bend  21   19   18
       -0.1698218572699 bend  12   20   18
        0.0923124231333 bend  12   19   18
        0.0541368269013 bend  12   21   18
  55 k -0.7365545923769 bend  19   20   18      val=   1.42052
        0.6509472339631 bend  21   20   18
        0.1189087208835 bend  21   19   18
       -0.0185329799217 bend  12   20   18
       -0.0939517188183 bend  12   19   18
        0.1022024966837 bend  12   21   18
  56 k  0.0651480968229 bend  19   20   18      val=   0.59865
        0.0976197348396 bend  21   20   18
       -0.1623478262711 bend  21   19   18
       -0.7910587166772 bend  12   20   18
        0.4747904147750 bend  12   19   18
        0.3296505194324 bend  12   21   18
  57 k  0.1046057457433 bend  19   20   18      val=   0.43396
       -0.0925967999163 bend  21   20   18
       -0.0097276836421 bend  21   19   18
       -0.0832632433732 bend  12   20   18
       -0.6516946923256 bend  12   19   18
        0.7407766890712 bend  12   21   18
  58 k  0.4082482904639 tors  24   22    1    8 val= 105.15899
        0.4082482904639 tors  24   22    1    9
        0.4082482904639 tors  23   22    1    8
        0.4082482904639 tors  23   22    1    9
        0.4082482904639 tors  25   22    1    8
        0.4082482904639 tors  25   22    1    9
  59 k  1.0000000000000 stre  22   24           val=   2.06907
  60 k  1.0000000000000 stre  22   23           val=   2.06977
  61 k  1.0000000000000 stre  22   25           val=   2.06995
  62 k  0.4401887373641 bend  23   24   22      val=   1.02404
        0.4236112641736 bend  25   24   22
        0.3800116631425 bend  25   23   22
       -0.3984602378233 bend  11   24   22
       -0.4018574113435 bend  11   23   22
       -0.4026395013667 bend  11   25   22
  63 k -0.2830384016230 bend  23   24   22      val=   2.84954
       -0.4599565292066 bend  25   24   22
        0.8173532684052 bend  25   23   22
       -0.1699518788521 bend  11   24   22
        0.0913483570861 bend  11   23   22
        0.0550883436549 bend  11   25   22
  64 k -0.7351603729109 bend  23   24   22      val=   1.34805
        0.6535282383121 bend  25   24   22
        0.1131520016952 bend  25   23   22
       -0.0177000135346 bend  11   24   22
       -0.0942259309762 bend  11   23   22
        0.1022001751225 bend  11   25   22
  65 k  0.0662688320363 bend  23   24   22      val=   0.60257
        0.0965801124835 bend  25   24   22
       -0.1624223182446 bend  25   23   22
       -0.7916486242105 bend  11   24   22
        0.4699768812866 bend  11   23   22
        0.3351326620177 bend  11   25   22
  66 k  0.1042703152007 bend  23   24   22      val=   0.40556
       -0.0931805578359 bend  25   24   22
       -0.0089262380255 bend  25   23   22
       -0.0773703117561 bend  11   24   22
       -0.6553448985555 bend  11   23   22
        0.7381749833746 bend  11   25   22
  67 k  0.5772324557412 bend   9    8    1      val=  87.86926
        0.5766190546106 bend  10    8    1
        0.5781981994947 bend  10    9    1
  68 k -0.6252392387885 bend   9    8    1      val=   0.06102
        0.7675438618133 bend  10    8    1
       -0.1412526618220 bend  10    9    1
  69 k  0.5252414552547 bend   9    8    1      val=   0.08976
        0.2799765812574 bend  10    8    1
       -0.8035760870193 bend  10    9    1
        69 non zero eigenvalues  of BmBt
           1           4.324336315    1    0
         1
           2           4.318910850    2    0
         2
           3           4.219514924    3    0
         3
           4           3.659700700    4    0
         4
           5           3.658842825    5    0
         5
           6           3.630250013    6    0
         6
           7           3.258487174    7    0
         7
           8           3.258270186    8    0
         8
           9           3.251755619    9    0
         9
          10           3.250354097   10    0
        10
          11           3.248950341   11    0
        11
          12           3.231122613   12    0
        12
          13           2.552219700   13    0
        13
          14           2.551069243   14    0
        14
          15           2.551004195   15    0
        15
          16           2.009033312   16    0
        16
          17           2.007677253   17    0
        17
          18           1.887401463   18    0
        18
          19           1.150499119   19    0
        19
          20           1.088192650   20    0
        20
          21           1.084397209   21    0
        21
          22           1.035782795   22    0
        22
          23           1.018828214   23    0
        23
          24           1.003236376   24    0
        24
          25           0.960099335   25    0
        25
          26           0.934870272   26    0
        26
          27           0.934570371   27    0
        27
          28           0.870891830   28    0
        28
          29           0.866398302   29    0
        29
          30           0.821367648   30    0
        30
          31           0.780110294   31    0
        31
          32           0.773888839   32    0
        32
          33           0.773706798   33    0
        33
          34           0.722615120   34    0
        34
          35           0.721114913   35    0
        35
          36           0.705795200   36    0
        36
          37           0.687034285   37    0
        37
          38           0.686959304   38    0
        38
          39           0.686543876   39    0
        39
          40           0.685479950   40    0
        40
          41           0.685203622   41    0
        41
          42           0.673638752   42    0
        42
          43           0.647355937   43    0
        43
          44           0.569727565   44    0
        44
          45           0.568598950   45    0
        45
          46           0.494195281   46    0
        46
          47           0.487113888   47    0
        47
          48           0.474967416   48    0
        48
          49           0.335130100   49    0
        49
          50           0.319872320   50    0
        50
          51           0.319117031   51    0
        51
          52           0.174158846   52    0
        52
          53           0.164592391   53    0
        53
          54           0.163660080   54    0
        54
          55           0.108676415   55    0
        55
          56           0.106563420   56    0
        56
          57           0.097350469   57    0
        57
          58           0.094133943   58    0
        58
          59           0.090614996   59    0
        59
          60           0.088202929   60    0
        60
          61           0.051951909   61    0
        61
          62           0.047876575   62    0
        62
          63           0.047606652   63    0
        63
          64           0.023122280   64    0
        64
          65           0.022467312   65    0
        65
          66           0.016810924   66    0
        66
          67           0.005952458   67    0
        67
          68           0.003689736   68    0
        68
          69           0.003622054   69    0
        69
$end
