$coord
    0.03579425573719     -0.09112374056391      0.89335307999458      cr
    5.42783204665614     -2.17294661121026      0.65916514368075      o
    3.40375271909106     -1.38928570065300      0.82378719806096      c
   -0.04074270812561     -0.17596705876656     -2.57265467283161      c
   -0.08912415394703     -0.22969604472894     -4.75994430975133      o
   -3.33299931144879      1.20626988769390      0.90894089019304      c
   -5.36291624030506      1.98396405987989      0.79581613233819      o
    1.33083886695733      3.27583741049000      0.75516281864174      c
    2.10688687476585      5.29904198098028      0.54889443619263      o
   -1.26102459345897     -3.45925462128772      0.97643580779788      c
   -2.04398697392212     -5.48898687883367      0.90363185868314      o
$user-defined bonds
$redundant
     number_of_atoms            11
     degrees_of_freedom         27
     internal_coordinates       27
     frozen_coordinates          0
# definitions of redundant internals
   1 k  1.0000000000000 stre   2    3           val=   2.17672
   2 k  1.0000000000000 linc   2    1    3   10 val=   0.10250
   3 k  1.0000000000000 linp   2    1    3   10 val=  -3.23143
   4 k  1.0000000000000 stre   5    4           val=   2.18848
   5 k  1.0000000000000 linc   5    1    4   10 val=   0.00533
   6 k  1.0000000000000 linp   5    1    4   10 val=  -0.00023
   7 k  1.0000000000000 stre   7    6           val=   2.17673
   8 k  1.0000000000000 linc   7    1    6   10 val=   0.11651
   9 k  1.0000000000000 linp   7    1    6   10 val=   3.22457
  10 k  1.0000000000000 stre   9    8           val=   2.17673
  11 k  1.0000000000000 linc   9    1    8    3 val=   0.10160
  12 k  1.0000000000000 linp   9    1    8    3 val=  -3.24132
  13 k  1.0000000000000 stre  11   10           val=   2.17673
  14 k  1.0000000000000 linc  11    1   10    3 val=   0.11763
  15 k  1.0000000000000 linp  11    1   10    3 val=   3.23219
  16 k  1.0000000000000 stre   1    4           val=   3.46789
  17 k  1.0000000000000 stre   1    8           val=   3.61008
  18 k  1.0000000000000 stre   1    6           val=   3.61002
  19 k  1.0000000000000 stre   1    3           val=   3.61015
  20 k  1.0000000000000 stre   1   10           val=   3.61012
  21 k  0.4745575289566 bend   8    4    1      val=   0.00400
        0.0011549342368 bend   6    4    1
        0.3715230195552 bend   6    8    1
       -0.0010953804044 bend   3    4    1
        0.3698581852779 bend   3    8    1
       -0.4744888062065 bend  10    4    1
       -0.3697650700818 bend  10    6    1
       -0.3716212486321 bend  10    3    1
  22 k -0.0010578488351 bend   8    4    1      val=   0.00391
        0.4745455932518 bend   6    4    1
        0.3698066805192 bend   6    8    1
       -0.4744900011385 bend   3    4    1
       -0.3715671763390 bend   3    8    1
        0.0011960841570 bend  10    4    1
        0.3715816625893 bend  10    6    1
       -0.3698257557575 bend  10    3    1
  23 k  0.4996046443099 bend   8    4    1      val=  82.29153
        0.4995331299919 bend   6    4    1
       -0.0212223009473 bend   6    8    1
        0.4995792391555 bend   3    4    1
       -0.0211203982836 bend   3    8    1
        0.4995020911317 bend  10    4    1
       -0.0210699153932 bend  10    6    1
       -0.0209689667979 bend  10    3    1
  24 k  0.0000573640286 bend   8    4    1      val=  -0.00185
       -0.0000528011056 bend   6    4    1
        0.5000733385554 bend   6    8    1
        0.0000532879719 bend   3    4    1
       -0.5000174909010 bend   3    8    1
       -0.0000568789932 bend  10    4    1
       -0.4999825189706 bend  10    6    1
        0.4999266280462 bend  10    3    1
  25 k  0.0138328747745 bend   8    4    1      val=   0.00048
       -0.5240156410175 bend   6    4    1
        0.3264997014207 bend   6    8    1
        0.5241065477681 bend   3    4    1
       -0.3442207078684 bend   3    8    1
       -0.0138444975453 bend  10    4    1
        0.3443340765725 bend  10    6    1
       -0.3266205887211 bend  10    3    1
  26 k -0.5239573778991 bend   8    4    1      val=   0.00523
       -0.0137827703803 bend   6    4    1
        0.3442850039962 bend   6    8    1
        0.0138981293999 bend   3    4    1
        0.3265512029026 bend   3    8    1
        0.5241551691862 bend  10    4    1
       -0.3265793714567 bend  10    6    1
       -0.3442745474843 bend  10    3    1
  27 k  0.5000222128496 bend   8    4    1      val=  -0.00155
       -0.5000438724612 bend   6    4    1
        0.0000004592181 bend   6    8    1
       -0.4999520553894 bend   3    4    1
       -0.0000025524266 bend   3    8    1
        0.4999818523403 bend  10    4    1
        0.0000323484617 bend  10    6    1
        0.0000293273082 bend  10    3    1
        27 non zero eigenvalues  of BmBt
           1           4.030590577    1    0
         1
           2           4.030557601    2    0
         2
           3           3.173660662    3    0
         3
           4           2.617742001    4    0
         4
           5           2.617740241    5    0
         5
           6           1.805172951    6    0
         6
           7           1.805124532    7    0
         7
           8           1.601805000    8    0
         8
           9           0.997089605    9    0
         9
          10           0.935346521   10    0
        10
          11           0.934377470   11    0
        11
          12           0.815525961   12    0
        12
          13           0.776030903   13    0
        13
          14           0.774045626   14    0
        14
          15           0.754495472   15    0
        15
          16           0.716552187   16    0
        16
          17           0.715592062   17    0
        17
          18           0.610839396   18    0
        18
          19           0.381779353   19    0
        19
          20           0.381778277   20    0
        20
          21           0.074984177   21    0
        21
          22           0.074963571   22    0
        22
          23           0.065102607   23    0
        23
          24           0.057584700   24    0
        24
          25           0.046440561   25    0
        25
          26           0.046422481   26    0
        26
          27           0.019941453   27    0
        27
$end
