$coord
   -0.94741106391435     -3.16236189160297      0.89461034801591      o
    1.43637618053346     -2.73559233680476      1.02067543446134      c
    2.62458626610804     -0.37371186133035      0.80388144572188      c
    1.44567055441907      1.96930071132909      0.40668709671379      c
    4.66779442735755     -0.35745563473383      0.95933030387650      h
    3.03137074435002     -5.06631160259016      1.44497489260609      c
    2.43831166605828     -5.98955003468410      3.19982020724471      h
    5.04406729347015     -4.62414026516033      1.54981464256509      h
    2.70273310441325     -6.40798337564574     -0.09645798038195      h
   -0.93624809554074      2.35827166002168      0.17075448424486      o
    3.04949679706678      4.32535461127650      0.22485652835071      c
    2.71345623679318      5.24130936382132     -1.60042467475646      h
    5.06168962491622      3.91510707748303      0.42541368595744      h
    2.47099120893642      5.65978494679486      1.69754617983478      h
   -3.61941885136365     -0.42275230938309      0.33333490725323      rh
   -6.21560839098938      2.52752285573631      1.09345580754574      c
   -6.22838634788761     -3.06598645549980      1.82614129752073      c
   -6.01993105973347      2.18225285684813     -1.53042690663117      c
   -5.14778681553878      4.02010851843445      2.01837886833477      h
   -7.52627920895165     -2.78053290819242     -2.05344979998949      h
   -7.87147576106253      1.87148400350041      2.11544963219927      h
   -6.02946623720240     -3.41193771701284     -0.79740723655592      c
   -7.88225078566999     -2.16150573894684      2.64063780994832      h
   -5.16773334469638     -4.27285485990067      3.10758722062307      h
   -4.80055978738428      3.40710882852690     -2.64242162499228      h
   -4.81404382161282     -4.88714414353298     -1.55244887032846      h
   -7.52144304087444      1.25363859124824     -2.57923846638251      h
$user-defined bonds
$redundant
     number_of_atoms            27
     degrees_of_freedom         75
     internal_coordinates       75
     frozen_coordinates          0
# definitions of redundant internals
   1 k  1.0000000000000 stre   3    5           val=   2.04918
   2 k  0.7071067811936 bend   4    5    3      val=  -0.00017
       -0.7071067811795 bend   2    5    3
   3 k  1.0000000000000 outp   5    2    4    3 val=   0.00745
   4 k  0.4082482904639 tors   8    6    2    1 val=  90.28669
        0.4082482904639 tors   8    6    2    3
        0.4082482904639 tors   7    6    2    1
        0.4082482904639 tors   7    6    2    3
        0.4082482904639 tors   9    6    2    1
        0.4082482904639 tors   9    6    2    3
   5 k  1.0000000000000 stre   6    8           val=   2.06336
   6 k  1.0000000000000 stre   6    7           val=   2.06968
   7 k  1.0000000000000 stre   6    9           val=   2.06981
   8 k  0.4616863876105 bend   7    8    6      val=   0.95616
        0.4496618466453 bend   9    8    6
        0.3233942794210 bend   9    7    6
       -0.3717842643182 bend   2    8    6
       -0.4120114740468 bend   2    7    6
       -0.4148361715950 bend   2    9    6
   9 k -0.2573556448490 bend   7    8    6      val=   2.50609
       -0.2938177423042 bend   9    8    6
        0.7209127779493 bend   9    7    6
       -0.4961202832865 bend   2    8    6
        0.2140089914674 bend   2    7    6
        0.1891792510925 bend   2    9    6
  10 k -0.6160044600689 bend   7    8    6      val=   0.37410
        0.6069886088582 bend   9    8    6
        0.0272889083880 bend   9    7    6
       -0.0158105091115 bend   2    8    6
       -0.3516157488329 bend   2    7    6
        0.3570364720095 bend   2    9    6
  11 k  0.1834478536974 bend   7    8    6      val=  -0.15347
        0.2544622273580 bend   9    8    6
       -0.4764578330617 bend   9    7    6
       -0.6524832118482 bend   2    8    6
        0.4054079172233 bend   2    7    6
        0.2906782964805 bend   2    9    6
  12 k  0.3722690373217 bend   7    8    6      val=   0.08745
       -0.3332567316782 bend   9    8    6
       -0.0445361026044 bend   9    7    6
       -0.0623618194522 bend   2    8    6
       -0.5739310729186 bend   2    7    6
        0.6442719745733 bend   2    9    6
  13 k  0.4082482904639 tors  13   11    4    3 val=  90.30329
        0.4082482904639 tors  13   11    4   10
        0.4082482904639 tors  12   11    4    3
        0.4082482904639 tors  12   11    4   10
        0.4082482904639 tors  14   11    4    3
        0.4082482904639 tors  14   11    4   10
  14 k  1.0000000000000 stre  11   13           val=   2.06336
  15 k  1.0000000000000 stre  11   12           val=   2.06967
  16 k  1.0000000000000 stre  11   14           val=   2.06983
  17 k  0.4610652081599 bend  12   13   11      val=   0.93752
        0.4508106272694 bend  14   13   11
        0.3225248807643 bend  14   12   11
       -0.3715071916148 bend   4   13   11
       -0.4124734246750 bend   4   12   11
       -0.4147462283960 bend   4   14   11
  18 k -0.2569559776426 bend  12   13   11      val=   2.52703
       -0.2931168698064 bend  14   13   11
        0.7212572402721 bend  14   12   11
       -0.4965128291955 bend   4   13   11
        0.2134947098777 bend   4   12   11
        0.1890479802647 bend   4   14   11
  19 k -0.6166581597542 bend  12   13   11      val=   0.34849
        0.6066557825275 bend  14   13   11
        0.0264933413526 bend  14   12   11
       -0.0153840778120 bend   4   13   11
       -0.3509079161163 bend   4   12   11
        0.3572485730626 bend   4   14   11
  20 k  0.1927061044782 bend  12   13   11      val=  -0.14673
        0.2459065892022 bend  14   13   11
       -0.4775578257947 bend  14   12   11
       -0.6536680602390 bend   4   13   11
        0.3912171577189 bend   4   12   11
        0.3065942469058 bend   4   14   11
  21 k  0.3674476751518 bend  12   13   11      val=   0.06808
       -0.3391328096095 bend  14   13   11
       -0.0327569045914 bend  14   12   11
       -0.0462632077423 bend   4   13   11
       -0.5841666690748 bend   4   12   11
        0.6367944307427 bend   4   14   11
  22 k  1.0000000000000 stre  16   21           val=   2.05347
  23 k  1.0000000000000 stre  16   19           val=   2.05512
  24 k -0.3902469677863 bend  19   21   16      val=   7.58017
        0.7481921645562 bend  18   21   16
       -0.3489145370094 bend  18   19   16
        0.3321507040484 bend  15   21   16
       -0.2363267752371 bend  15   19   16
  25 k -0.6872182478964 bend  19   21   16      val=  14.65099
        0.0774321508219 bend  18   21   16
        0.6698144327036 bend  18   19   16
       -0.0993240539942 bend  15   21   16
        0.2514332909887 bend  15   19   16
  26 k -0.1041835914304 bend  19   21   16      val=  40.13202
       -0.2604557037461 bend  18   21   16
       -0.2111784062661 bend  18   19   16
        0.6915699044286 bend  15   21   16
        0.6312236954347 bend  15   19   16
  27 k  0.0096120505913 bend  19   21   16      val=  -0.86792
        0.3065213091214 bend  18   21   16
       -0.3588833652895 bend  18   19   16
       -0.5903106307741 bend  15   21   16
        0.6547429914489 bend  15   19   16
  28 k  1.0000000000000 stre  22   20           val=   2.05348
  29 k  1.0000000000000 stre  22   26           val=   2.05513
  30 k -0.3939958390278 bend  26   20   22      val=   7.69729
        0.7483637701018 bend  17   20   22
       -0.3451478138268 bend  17   26   22
        0.3323761437524 bend  15   20   22
       -0.2347722984142 bend  15   26   22
  31 k -0.6850504933550 bend  26   20   22      val=  14.67812
        0.0732169030134 bend  17   20   22
        0.6715746931859 bend  17   26   22
       -0.1005112006737 bend  15   20   22
        0.2534364549124 bend  15   26   22
  32 k -0.1037642468972 bend  26   20   22      val=  39.98843
       -0.2613914974451 bend  17   20   22
       -0.2120885345467 bend  17   26   22
        0.6910908771656 bend  15   20   22
        0.6311254385156 bend  15   26   22
  33 k  0.0094821657304 bend  26   20   22      val=  -0.88706
        0.3068719687405 bend  17   20   22
       -0.3591024408933 bend  17   26   22
       -0.5903520652089 bend  15   20   22
        0.6544230736935 bend  15   26   22
  34 k  1.0000000000000 stre  17   23           val=   2.05347
  35 k  1.0000000000000 stre  17   24           val=   2.05514
  36 k -0.3812577527569 bend  24   23   17      val=   7.36078
        0.7473757448948 bend  22   23   17
       -0.3576112671062 bend  22   24   17
        0.3326603545238 bend  15   23   17
       -0.2398401385767 bend  15   24   17
  37 k -0.6922257200802 bend  24   23   17      val=  14.65592
        0.0873124285690 bend  22   23   17
        0.6654789148812 bend  22   24   17
       -0.0958253793616 bend  15   23   17
        0.2472961843529 bend  15   24   17
  38 k -0.1051636322891 bend  24   23   17      val=  40.21219
       -0.2595295076563 bend  22   23   17
       -0.2104386604857 bend  22   24   17
        0.6916757229152 bend  15   23   17
        0.6315736770972 bend  15   24   17
  39 k  0.0096082504504 bend  24   23   17      val=  -0.86995
        0.3063272225089 bend  22   23   17
       -0.3585554308323 bend  22   24   17
       -0.5905709462360 bend  15   23   17
        0.6547787983402 bend  15   24   17
  40 k  1.0000000000000 stre  18   27           val=   2.05350
  41 k  1.0000000000000 stre  18   25           val=   2.05516
  42 k -0.3789168847783 bend  25   27   18      val=   7.37418
        0.7468528740446 bend  16   27   18
       -0.3595678364646 bend  16   25   18
        0.3338924925994 bend  15   27   18
       -0.2405401283096 bend  15   25   18
  43 k -0.6934995070130 bend  25   27   18      val=  14.74546
        0.0894764786101 bend  16   27   18
        0.6642332966218 bend  16   25   18
       -0.0938657818814 bend  15   27   18
        0.2470541159321 bend  15   25   18
  44 k -0.1046136675580 bend  25   27   18      val=  40.07844
       -0.2601757157697 bend  16   27   18
       -0.2116773959053 bend  16   25   18
        0.6906584985110 bend  15   27   18
        0.6320981695759 bend  15   25   18
  45 k  0.0092868354017 bend  25   27   18      val=  -0.92113
        0.3070715900004 bend  16   27   18
       -0.3584309198493 bend  16   25   18
       -0.5912326932293 bend  15   27   18
        0.6539051700787 bend  15   25   18
  46 k  1.0000000000000 stre   2    6           val=   2.85592
  47 k  0.7071070946167 bend   1    6    2      val=  -2.42418
       -0.7071064677563 bend   3    6    2
  48 k  1.0000000000000 outp   6    3    1    2 val=  -0.00913
  49 k  1.0000000000000 stre   4   11           val=   2.85593
  50 k  0.7071070749223 bend  10   11    4      val=  -2.42478
       -0.7071064874507 bend   3   11    4
  51 k  1.0000000000000 outp  11    3   10    4 val=  -0.01361
  52 k  1.0000000000000 stre  15   10           val=   3.86781
  53 k  1.0000000000000 stre  10    4           val=   2.42497
  54 k  1.0000000000000 stre   4    3           val=   2.65279
  55 k  1.0000000000000 stre   3    2           val=   2.65280
  56 k  1.0000000000000 stre   2    1           val=   2.42497
  57 k  1.0000000000000 stre   1   15           val=   3.86783
  58 k -0.2886751345948 bend  15    4   10      val=  -7.90908
       -0.2886751345948 bend  10    3    4
        0.5773502691896 bend   4    2    3
       -0.2886751345948 bend   3    1    2
       -0.2886751345948 bend   2   15    1
        0.5773502691896 bend   1   10   15
  59 k  0.5000000000000 bend  15    4   10      val=  -0.00027
       -0.5000000000000 bend  10    3    4
        0.5000000000000 bend   3    1    2
       -0.5000000000000 bend   2   15    1
  60 k -0.4082482904639 bend  15    4   10      val=  -5.07464
        0.4082482904639 bend  10    3    4
       -0.4082482904639 bend   4    2    3
        0.4082482904639 bend   3    1    2
       -0.4082482904639 bend   2   15    1
        0.4082482904639 bend   1   10   15
  61 k -0.2886751345948 tors  10    4    3    2 val=   0.06635
       -0.2886751345948 tors   4    3    2    1
        0.5773502691896 tors   3    2    1   15
       -0.2886751345948 tors   2    1   15   10
       -0.2886751345948 tors   1   15   10    4
        0.5773502691896 tors  15   10    4    3
  62 k  0.5000000000000 tors  10    4    3    2 val=   0.06052
       -0.5000000000000 tors   4    3    2    1
        0.5000000000000 tors   2    1   15   10
       -0.5000000000000 tors   1   15   10    4
  63 k -0.4082482904639 tors  10    4    3    2 val=   0.05006
        0.4082482904639 tors   4    3    2    1
       -0.4082482904639 tors   3    2    1   15
        0.4082482904639 tors   2    1   15   10
       -0.4082482904639 tors   1   15   10    4
        0.4082482904639 tors  15   10    4    3
  64 k  1.0000000000000 stre  15   17           val=   4.00273
  65 k  1.0000000000000 stre  17   22           val=   2.65373
  66 k  1.0000000000000 stre  22   15           val=   4.00277
  67 k  1.0000000000000 stre  15   18           val=   4.00276
  68 k  1.0000000000000 stre  18   16           val=   2.65373
  69 k  1.0000000000000 stre  16   15           val=   4.00276
  70 k -0.2317437944075 bend  17    1   15      val=  33.27021
       -0.2320297000196 bend  22    1   15
       -0.2345669775236 bend  18   10   15
        0.4480887416066 bend  18   17   15
        0.4364044302947 bend  18   22   15
       -0.2337532459022 bend  16   10   15
        0.4366893571071 bend  16   17   15
        0.4481794767746 bend  16   22   15
  71 k -0.5005020589944 bend  17    1   15      val=   0.10353
       -0.5005482286812 bend  22    1   15
        0.4997425101706 bend  18   10   15
        0.0011196212701 bend  18   17   15
       -0.0005576073184 bend  18   22   15
        0.4991970457252 bend  16   10   15
        0.0025468835228 bend  16   17   15
        0.0009174316065 bend  16   22   15
  72 k -0.2091912044750 bend  17    1   15      val=   0.20904
        0.2129490040237 bend  22    1   15
        0.2104218812980 bend  18   10   15
        0.0002721405832 bend  18   17   15
       -0.6401355269175 bend  18   22   15
       -0.2108556717181 bend  16   10   15
        0.6421686160791 bend  16   17   15
       -0.0004252899880 bend  16   22   15
  73 k  0.3012463319159 bend  17    1   15      val=   0.05041
       -0.3009809642765 bend  22    1   15
        0.3014684595928 bend  18   10   15
       -0.5647767244661 bend  18   17   15
        0.0002581895858 bend  18   22   15
       -0.3013345596838 bend  16   10   15
        0.0010851060345 bend  16   17   15
        0.5639160975230 bend  16   22   15
  74 k  0.4578943485361 bend  17    1   15      val=   0.89432
       -0.4487786446641 bend  22    1   15
       -0.4495033066861 bend  18   10   15
        0.0016328764131 bend  18   17   15
       -0.2960472869253 bend  18   22   15
        0.4572229849780 bend  16   10   15
        0.3002913979492 bend  16   17   15
        0.0016813371696 bend  16   22   15
  75 k  0.4088784218833 bend  17    1   15      val=   2.21019
       -0.3888746869941 bend  22    1   15
        0.4087061868865 bend  18   10   15
        0.4317436870952 bend  18   17   15
        0.0048773639499 bend  18   22   15
       -0.3893478839676 bend  16   10   15
        0.0047858340296 bend  16   17   15
       -0.4201346067049 bend  16   22   15
        75 non zero eigenvalues  of BmBt
           1          11.057316293    1    0
         1
           2           5.155301740    2    0
         2
           3           5.023591985    3    0
         3
           4           4.864568480    4    0
         4
           5           4.362357039    5    0
         5
           6           4.358544569    6    0
         6
           7           4.204598728    7    0
         7
           8           4.109159243    8    0
         8
           9           3.744058144    9    0
         9
          10           3.664784554   10    0
        10
          11           3.631729269   11    0
        11
          12           3.623709746   12    0
        12
          13           3.085624694   13    0
        13
          14           3.067413549   14    0
        14
          15           3.031129667   15    0
        15
          16           2.973354599   16    0
        16
          17           2.897601463   17    0
        17
          18           2.724938855   18    0
        18
          19           2.708866144   19    0
        19
          20           2.665655241   20    0
        20
          21           2.627709686   21    0
        21
          22           2.439483608   22    0
        22
          23           2.186120283   23    0
        23
          24           1.927228386   24    0
        24
          25           1.517035731   25    0
        25
          26           1.401071347   26    0
        26
          27           1.336036435   27    0
        27
          28           1.252314060   28    0
        28
          29           1.052794923   29    0
        29
          30           0.918858110   30    0
        30
          31           0.917678922   31    0
        31
          32           0.900407802   32    0
        32
          33           0.891114591   33    0
        33
          34           0.880606739   34    0
        34
          35           0.858645990   35    0
        35
          36           0.849901386   36    0
        36
          37           0.838298301   37    0
        37
          38           0.775904143   38    0
        38
          39           0.762238163   39    0
        39
          40           0.731708993   40    0
        40
          41           0.690040085   41    0
        41
          42           0.687244013   42    0
        42
          43           0.684547811   43    0
        43
          44           0.684487842   44    0
        44
          45           0.683217277   45    0
        45
          46           0.682532256   46    0
        46
          47           0.532040456   47    0
        47
          48           0.500325807   48    0
        48
          49           0.416169989   49    0
        49
          50           0.398372151   50    0
        50
          51           0.365174553   51    0
        51
          52           0.356153718   52    0
        52
          53           0.347756417   53    0
        53
          54           0.324491298   54    0
        54
          55           0.299902173   55    0
        55
          56           0.269554029   56    0
        56
          57           0.202147031   57    0
        57
          58           0.202130081   58    0
        58
          59           0.185347743   59    0
        59
          60           0.174778953   60    0
        60
          61           0.174432413   61    0
        61
          62           0.174216503   62    0
        62
          63           0.135705901   63    0
        63
          64           0.130341489   64    0
        64
          65           0.088625223   65    0
        65
          66           0.076391801   66    0
        66
          67           0.072970484   67    0
        67
          68           0.070094110   68    0
        68
          69           0.032605952   69    0
        69
          70           0.029769375   70    0
        70
          71           0.021598046   71    0
        71
          72           0.021389923   72    0
        72
          73           0.016441955   73    0
        73
          74           0.004658621   74    0
        74
          75           0.001416526   75    0
        75
$end
