$coord
   -0.00009946285771      0.00013663062361      0.00028944451828      ni
   -2.99057212597372      2.32216272676764      0.43564676114819      c
   -3.65819725631300      0.00002371504490     -0.71293264492626      c
   -2.99055099255732     -2.32184972723188      0.43614640625393      c
    2.99023919305046     -2.32196249221968     -0.43596333606819      c
    3.65812590606060      0.00003442100183      0.71272645361977      c
    2.99030905922514      2.32217743346121     -0.43574065486086      c
   -3.21594386322263      4.07013398224847     -0.61346736871653      h
   -3.01687741230245      2.51234199208165      2.48674233079139      h
   -4.15902078880448     -0.00020266867318     -2.71170288286541      h
   -3.01675249814191     -2.51154597424547      2.48729141980523      h
   -3.21594545829650     -4.07006887556142     -0.61254713302923      h
    3.01592860781522     -2.51197828560072     -2.48707595028763      h
    3.21589174961526     -4.07002396661807      0.61294716882617      h
    4.15938350465893     -0.00008615367278      2.71139208347722      h
    3.21595797064876      4.07010511372002      0.61339589722749      h
    3.01614281059534      2.51244437697388     -2.48682814431357      h
$user-defined bonds
$end
