$coord
   -0.01675956047204     -0.56708281194627     -0.01706033395182      mn
    5.60031141914161      0.13961727502550     -0.03353687349438      o
    3.45697381779365     -0.19609728405605     -0.02565667700856      c
   -0.06212175453113     -4.05725027689884      0.06643366454105      c
   -0.09041413930363     -6.23181641858958      0.11854639070081      o
   -3.47970830656068     -0.10619590980883     -0.02837064723781      c
   -5.61362448868407      0.28491380964356     -0.03793797406668      o
   -0.01107257811139     -0.23280430036613     -3.49447389248128      c
   -0.00615133485956      0.08067797414597     -5.64119005357858      o
   -0.01163097511968     -0.06731967891664      3.44047625974550      c
   -0.00705196198579      0.34810345350448      5.56981270644809      o
    0.02202199569272      2.41277629426285     -0.08839668561633      h
$user-defined bonds
$redundant
     number_of_atoms            12
     degrees_of_freedom         30
     internal_coordinates       30
     frozen_coordinates          0
# definitions of redundant internals
   1 k  1.0000000000000 stre   2    3           val=   2.16948
   2 k  1.0000000000000 linc   2    1    3    8 val=   0.39981
   3 k  1.0000000000000 linp   2    1    3    8 val=  -2.77746
   4 k  1.0000000000000 stre   5    4           val=   2.17537
   5 k  1.0000000000000 linc   5    1    4    3 val=  -0.00077
   6 k  1.0000000000000 linp   5    1    4    3 val=  -0.00241
   7 k  1.0000000000000 stre   7    6           val=   2.16948
   8 k  1.0000000000000 linc   7    1    6    8 val=   0.40002
   9 k  1.0000000000000 linp   7    1    6    8 val=   2.77640
  10 k  1.0000000000000 stre   9    8           val=   2.16949
  11 k  1.0000000000000 linc   9    1    8    6 val=   0.39939
  12 k  1.0000000000000 linp   9    1    8    6 val=  -2.78822
  13 k  1.0000000000000 stre  11   10           val=   2.16949
  14 k  1.0000000000000 linc  11    1   10    6 val=   0.39890
  15 k  1.0000000000000 linp  11    1   10    6 val=   2.78575
  16 k  1.0000000000000 stre   1    4           val=   3.49146
  17 k  1.0000000000000 stre   1    8           val=   3.49345
  18 k  1.0000000000000 stre   1   10           val=   3.49347
  19 k  1.0000000000000 stre   1    6           val=   3.49350
  20 k  1.0000000000000 stre   1    3           val=   3.49350
  21 k  1.0000000000000 stre   1   12           val=   2.98097
  22 k -0.0193138377754 bend   8    4    1      val=   0.00094
        0.0193512150601 bend  10    4    1
       -0.3622436681938 bend   6    4    1
       -0.3418719632433 bend   6    8    1
       -0.3070256023312 bend   6   10    1
        0.3621918098464 bend   3    4    1
        0.3073263479607 bend   3    8    1
        0.3415880713256 bend   3   10    1
       -0.0210893252411 bend  12    8    1
        0.0210868546658 bend  12   10    1
       -0.3960126863557 bend  12    6    1
        0.3960563175671 bend  12    3    1
  23 k  0.3627957172491 bend   8    4    1      val=   0.00387
       -0.3626083905991 bend  10    4    1
       -0.0190380572723 bend   6    4    1
        0.3071244601726 bend   6    8    1
       -0.3417703818978 bend   6   10    1
        0.0195466726254 bend   3    4    1
        0.3416561182918 bend   3    8    1
       -0.3071186966370 bend   3   10    1
        0.3955565295827 bend  12    8    1
       -0.3957419966106 bend  12   10    1
       -0.0212710988148 bend  12    6    1
        0.0209170262390 bend  12    3    1
  24 k -0.3475904207877 bend   8    4    1      val=   3.96062
       -0.3483705954610 bend  10    4    1
       -0.3479888255535 bend   6    4    1
        0.0884146747395 bend   6    8    1
        0.0882015773713 bend   6   10    1
       -0.3480451494825 bend   3    4    1
        0.0883714976717 bend   3    8    1
        0.0881383315794 bend   3   10    1
        0.3479952378865 bend  12    8    1
        0.3479657853861 bend  12   10    1
        0.3479444707100 bend  12    6    1
        0.3480896302149 bend  12    3    1
  25 k -0.5008803164756 bend   8    4    1      val=  -0.00390
        0.5005201565291 bend  10    4    1
       -0.0517197371044 bend   6    4    1
       -0.0228176738487 bend   6    8    1
        0.0186096569097 bend   6   10    1
        0.0514749691318 bend   3    4    1
       -0.0187195198824 bend   3    8    1
        0.0231174641619 bend   3   10    1
        0.4933208444050 bend  12    8    1
       -0.4929628971560 bend  12   10    1
        0.0507791432086 bend  12    6    1
       -0.0506525398774 bend  12    3    1
  26 k  0.0515494007740 bend   8    4    1      val=   0.00277
       -0.0515438224276 bend  10    4    1
       -0.5012447844658 bend   6    4    1
       -0.0193465809463 bend   6    8    1
       -0.0224144420289 bend   6   10    1
        0.5011498545027 bend   3    4    1
        0.0236498489397 bend   3    8    1
        0.0181488703466 bend   3   10    1
       -0.0507814340033 bend  12    8    1
        0.0507543598687 bend  12   10    1
        0.4926833403182 bend  12    6    1
       -0.4925762437019 bend  12    3    1
  27 k  0.0001481384783 bend   8    4    1      val=   0.00004
       -0.0001548869586 bend  10    4    1
       -0.0006283409296 bend   6    4    1
        0.4997603241908 bend   6    8    1
       -0.5001729244978 bend   6   10    1
        0.0006212213956 bend   3    4    1
       -0.4998239003322 bend   3    8    1
        0.5002411835989 bend   3   10    1
       -0.0001767327455 bend  12    8    1
        0.0001834717180 bend  12   10    1
        0.0005509630550 bend  12    6    1
       -0.0005438128879 bend  12    3    1
  28 k -0.0159280905011 bend   8    4    1      val=   0.00669
        0.0155637712209 bend  10    4    1
       -0.3378218838140 bend   6    4    1
        0.3968157381312 bend   6    8    1
        0.3612646328324 bend   6   10    1
        0.3383928161164 bend   3    4    1
       -0.3615191438421 bend   3    8    1
       -0.3965995394635 bend   3   10    1
       -0.0142089900990 bend  12    8    1
        0.0147810277875 bend  12   10    1
       -0.3121062524182 bend  12    6    1
        0.3115732719022 bend  12    3    1
  29 k -0.3388314320517 bend   8    4    1      val=   0.02668
        0.3378291020607 bend  10    4    1
        0.0163805279311 bend   6    4    1
        0.3614748749223 bend   6    8    1
       -0.3967228241662 bend   6   10    1
       -0.0151200391641 bend   3    4    1
        0.3967300608831 bend   3    8    1
       -0.3614087913997 bend   3   10    1
       -0.3110168099824 bend  12    8    1
        0.3120094634750 bend  12   10    1
        0.0143070060799 bend  12    6    1
       -0.0147522621520 bend  12    3    1
  30 k  0.3531495489483 bend   8    4    1      val=   0.04384
        0.3540614642154 bend  10    4    1
       -0.3536741173160 bend   6    4    1
        0.0010955603806 bend   6    8    1
       -0.0000305371423 bend   6   10    1
       -0.3533260513163 bend   3    4    1
        0.0005667924870 bend   3    8    1
       -0.0005591403580 bend   3   10    1
       -0.3538892818118 bend  12    8    1
       -0.3533215864148 bend  12   10    1
        0.3532754078632 bend  12    6    1
        0.3537259953009 bend  12    3    1
        30 non zero eigenvalues  of BmBt
           1           4.149471334    1    0
         1
           2           4.146427971    2    0
         2
           3           4.139436137    3    0
         3
           4           2.616973378    4    0
         4
           5           2.616889116    5    0
         5
           6           2.262881802    6    0
         6
           7           1.878038893    7    0
         7
           8           1.877812580    8    0
         8
           9           1.031071285    9    0
         9
          10           0.989644340   10    0
        10
          11           0.981475735   11    0
        11
          12           0.942412246   12    0
        12
          13           0.904440830   13    0
        13
          14           0.834351242   14    0
        14
          15           0.832709155   15    0
        15
          16           0.762006849   16    0
        16
          17           0.731649295   17    0
        17
          18           0.729212281   18    0
        18
          19           0.550306549   19    0
        19
          20           0.381417817   20    0
        20
          21           0.381355490   21    0
        21
          22           0.237349020   22    0
        22
          23           0.237311192   23    0
        23
          24           0.088953213   24    0
        24
          25           0.075508482   25    0
        25
          26           0.075436013   26    0
        26
          27           0.066380063   27    0
        27
          28           0.047640752   28    0
        28
          29           0.047604534   29    0
        29
          30           0.038823026   30    0
        30
$end
