$coord
   28.67470164334420     20.16407843836178     21.92023075615813  ru
   27.28885209806047     18.43791396638459     17.95663702581599  cl
   30.44759113436170     20.99588649154584     26.03949172846591  cl
   32.92784235557942     20.22301266045688     20.29318070205117  p
   28.14436522151646     23.59398535148035     21.62220429650290  c
   28.48984410610161     24.64055552850946     23.38636395818069  h
   33.17207485412845     20.76970685777529     16.82096229061288  c
   33.10176444485299     23.60157305269983     16.16273053013006  c
   32.73003005162705     23.97027981287868     13.31250900322655  c
   34.83759495621648     22.65699024013281     11.81983076086402  c
   35.01531038030220     19.85210034902756     12.52736025401627  c
   35.34768837115903     19.47416245216137     15.38958298454016  c
   35.17505356414696     22.32371078015940     21.98489793460294  c
   34.28410228930997     25.07175854484623     22.28142062057831  c
   36.05391448780215     26.50559957815447     24.07590365069015  c
   38.80090271088748     26.40788472142616     23.15601034947433  c
   39.67939875628029     23.66835815506508     22.80684899376760  c
   37.91477682560908     22.21255073643109     21.01858176356894  c
   34.40433359201303     17.06251111463652     20.71589220276931  c
   32.74984924455870     14.95820071907825     19.57836876830244  c
   34.20683533366343     12.45235608923325     19.57571027951243  c
   35.08396626757008     11.73879394975715     22.24497382812113  c
   36.55709571070117     13.89143495230455     23.50827588909079  c
   35.07917850527987     16.39023777154124     23.45992845939386  c
   26.41836104351620     29.00364788407981     15.88624741074874  c
   27.28261523551310     29.74737832055251     18.26448820159701  c
   27.78785364780297     27.93169329538738     20.09729444585712  c
   27.50025703327641     25.33152915282350     19.57927093743208  c
   26.64120424078598     24.61653474868770     17.16436138341777  c
   26.09063568880888     26.43536877103566     15.35401021015842  c
   25.41696996630647     19.22254252927162     23.80873737474454  c
   23.62214616849011     20.83173142170995     24.68341946410464  n
   21.64323331967178     19.55218948970077     26.18958787211119  c
   22.76786116990083     16.91826316200084     26.58296490382163  c
   24.89908916947612     16.90845671040731     24.77626561809222  n
   28.25456285930568      9.82516159406345     23.19335334970412  c
   28.98317720678609     11.21057364163631     25.31840707834623  c
   27.95906273777197     13.58430196266036     25.86734197721623  c
   26.14833555665409     14.57456089576405     24.19675681664041  c
   25.28764022290350     13.18456240707476     22.09918967258728  c
   26.39886497204209     10.84148595326502     21.61255332760164  c
   21.88694486224844     28.28088757467216     22.40058085210368  c
   21.31452408597791     26.22243443734183     20.84515135023946  c
   21.92369370499528     23.75314265292721     21.53355906372617  c
   23.14924730456257     23.36359961104929     23.85951667629951  c
   23.73621199156047     25.37806735813281     25.47943978049926  c
   23.09863320178143     27.82149457411528     24.70005032280452  c
   28.71704368936121     14.95672544573987     28.24130809598581  c
   23.15913085422160     14.14448597869238     20.47661713692727  c
   29.44098250448827      7.29836680632946     22.61766441192885  c
   21.35310625016655     21.56656183673323     19.81225164512659  c
   25.04488943195445     24.92051405472064     27.96324812820448  c
   21.23851146234964     30.93281526520829     21.58526637785771  c
   31.38960565519152     19.93630857668142     16.15343308786304  h
   31.59521369876286     24.54994137883925     17.20652605272995  h
   34.89236690958793     24.48524975844001     16.72579210325194  h
   30.89097563427392     23.17785948185377     12.76738329558195  h
   32.67204453415162     25.99352461917330     12.86674448319137  h
   34.52105862696983     22.86181406913902      9.78162099108191  h
   36.64919064751944     23.58366354586783     12.24353479417846  h
   33.27613745138249     18.88662051544686     11.93067688888178  h
   36.58458103459321     18.94990203361377     11.51640685011407  h
   37.16945779523340     20.26526482022098     15.98738494466549  h
   35.39976343422921     17.44793130515855     15.79685879697406  h
   35.11477062324420     21.51445655404602     23.89606671902600  h
   34.23819053688209     26.02866554979403     20.44695474732535  h
   32.36580020345443     25.07484396293315     23.04271692000328  h
   35.42486412728475     28.47261456415262     24.25776036745670  h
   35.92372051633378     25.65071888842147     25.96341498394049  h
   38.94951379906615     27.40607659660868     21.33898262774646  h
   40.04635454432409     27.39457713482158     24.48702345552415  h
   41.61942645807734     23.61560583546248     22.07748683199093  h
   39.69956018269999     22.71588275189335     24.65261312371361  h
   38.55722933697410     20.25210433663228     20.84324443381076  h
   38.01827403255262     23.05497672510110     19.12616192893801  h
   36.17969650871248     17.13616680268423     19.63970786408792  h
   31.02098695718157     14.76631778253803     20.70841316271037  h
   32.12487633928304     15.44416857300956     17.66778861120737  h
   33.01696660771609     10.95068572214426     18.78501478352591  h
   35.85760196319896     12.63201555859732     18.32507280665416  h
   33.41490705308144     11.31821671966414     23.39591851784858  h
   36.23824459622384     10.01712847632449     22.18978795777875  h
   37.01771842544309     13.38551659783613     25.46533279540590  h
   38.36454123768832     14.16824005147519     22.51978803399971  h
   36.21820678473558     17.87704698453839     24.33567304088073  h
   33.34318763599323     16.23751510306374     24.57984187264817  h
   26.00760392895941     30.41482948250619     14.45188686186699  h
   27.54715070648796     31.73829784091908     18.69230453508151  h
   28.43247591014518     28.49730755299385     21.96283207943415  h
   26.43791834378943     22.62044250134490     16.74741695847979  h
   25.42044364993388     25.85245696155327     13.50249687676400  h
   21.32211447556478     20.56445339834844     27.96048293374447  h
   19.86744378780661     19.51481235007517     25.12097462181647  h
   23.47778212041026     16.64425780641115     28.50845677417011  h
   21.44819700182377     15.39176174664814     26.13914673126765  h
   30.37523578107697     10.42119820540832     26.61009028352028  h
   25.75801814597321      9.76423080920075     19.98260488978583  h
   20.39744797526975     26.54599542314300     19.03394946342944  h
   23.56689016283181     29.40437846182570     25.92695911361228  h
   28.95120433769840     16.98373208064977     27.90975738064023  h
   27.28479243493423     14.70181365251605     29.72168849552828  h
   30.49686802122864     14.20004233063680     28.97011453273981  h
   22.63185722684759     12.72466823288685     19.07175544162274  h
   21.48638808215794     14.57404182239872     21.62279850734771  h
   23.71779635632645     15.87254544904172     19.48825919657936  h
   28.11073745527736      6.05245966264583     21.64062444669010  h
   31.09709442915169      7.52665681220284     21.39141023923000  h
   30.07593227339074      6.35737303186582     24.34598831592980  h
   23.09944870000467     20.60765327527541     19.23951437255184  h
   20.16179891984701     20.15122815269119     20.74621001685644  h
   20.37235328428845     22.21717602187206     18.11528195394353  h
   25.62930719628266     26.71150840114884     28.81211980992262  h
   23.78932490703011     23.96656142384413     29.31151056698406  h
   26.71098602163226     23.71602074027934     27.71106318716926  h
   21.63519974569244     32.29580536880234     23.08759303764313  h
   22.34388628828688     31.46988612229950     19.91741237516103  h
   19.23716267605043     31.09024765255659     21.07712390442822  h
$user-defined bonds
$redundant
     number_of_atoms           117
     degrees_of_freedom        345
     internal_coordinates      345
     frozen_coordinates          0
# definitions of redundant internals
   1 k  1.0000000000000 stre   1    2           val=   4.53986
   2 k  1.0000000000000 stre   1    3           val=   4.56107
   3 k  0.7058672238021 bend   5    2    1      val=   7.70368
       -0.6322277448620 bend   5    3    1
       -0.2580133682778 bend  31    2    1
        0.1742700145845 bend  31    3    1
        0.0702091268317 bend   4    2    1
       -0.0130108917785 bend   4    3    1
   4 k -0.1599190225903 bend   5    2    1      val=  -2.46549
        0.1785721477398 bend   5    3    1
       -0.6586283040736 bend  31    2    1
        0.0293166988153 bend  31    3    1
        0.7086551567774 bend   4    2    1
       -0.0754655635505 bend   4    3    1
   5 k  0.1006162659234 bend   5    2    1      val=   3.49790
       -0.0506383217333 bend   5    3    1
       -0.0858415677797 bend  31    2    1
       -0.6894995265772 bend  31    3    1
        0.0595831209540 bend   4    2    1
        0.7078019547811 bend   4    3    1
   6 k  0.6567108732731 bend   5    2    1      val=  57.30275
        0.7307949126200 bend   5    3    1
       -0.0682235346966 bend  31    2    1
       -0.0745355800224 bend  31    3    1
       -0.1082940299825 bend   4    2    1
       -0.1128362721290 bend   4    3    1
   7 k  1.0000000000000 stre   5    6           val=   2.08013
   8 k -0.7069392438718 bend   1    6    5      val=  -1.44212
        0.7072742788155 bend  28    6    5
   9 k  1.0000000000000 outp   6   28    1    5 val=  -3.72895
  10 k  1.0000000000000 stre   7   54           val=   2.07782
  11 k  0.4848930854908 bend   8   54    7      val=   0.84939
       -0.8006056897833 bend  12   54    7
        0.3520074219811 bend   4   54    7
  12 k  0.6803991746620 bend   8   54    7      val=   6.23974
        0.0924500962687 bend  12   54    7
       -0.7269868931550 bend   4   54    7
  13 k  1.0000000000000 stre   8   55           val=   2.06364
  14 k  1.0000000000000 stre   8   56           val=   2.07465
  15 k  0.0185624291600 bend  56   55    8      val=   0.54097
        0.5080235346881 bend   9   55    8
        0.4895034437175 bend   9   56    8
       -0.5102150974800 bend   7   55    8
       -0.4915632790586 bend   7   56    8
  16 k  0.0511977031673 bend  56   55    8      val=   0.75584
       -0.5006414143819 bend   9   55    8
        0.4869711866737 bend   9   56    8
       -0.5103331296477 bend   7   55    8
        0.4991554162080 bend   7   56    8
  17 k  0.8983428373973 bend  56   55    8      val=   0.42881
       -0.2012584148543 bend   9   55    8
       -0.2522474626375 bend   9   56    8
       -0.1831523792661 bend   7   55    8
       -0.2351629658544 bend   7   56    8
  18 k  0.0003643719121 bend  56   55    8      val=  -0.06010
       -0.4961315137874 bend   9   55    8
        0.5145900647931 bend   9   56    8
        0.4850554337216 bend   7   55    8
       -0.5037575604331 bend   7   56    8
  19 k  1.0000000000000 stre   9   58           val=   2.07258
  20 k  1.0000000000000 stre   9   57           val=   2.07538
  21 k  0.0211763534621 bend  57   58    9      val=   0.41584
       -0.5081200405296 bend  10   58    9
       -0.4945202143463 bend  10   57    9
        0.5050670836194 bend   8   58    9
        0.4916529112222 bend   8   57    9
  22 k  0.0295865669363 bend  57   58    9      val=   0.78055
       -0.5088209064425 bend  10   58    9
        0.5069628330433 bend  10   57    9
       -0.4934100006462 bend   8   58    9
        0.4896541405921 bend   8   57    9
  23 k  0.9001268323539 bend  57   58    9      val=   0.56239
       -0.1928021330543 bend  10   58    9
       -0.2211112804112 bend  10   57    9
       -0.2135773161347 bend   8   58    9
       -0.2410260460487 bend   8   57    9
  24 k  0.0003240902977 bend  57   58    9      val=   0.00212
        0.4849425983300 bend  10   58    9
       -0.4984635268466 bend  10   57    9
       -0.5013324023302 bend   8   58    9
        0.5148111363092 bend   8   57    9
  25 k  1.0000000000000 stre  10   59           val=   2.07279
  26 k  1.0000000000000 stre  10   60           val=   2.07849
  27 k  0.0032728447819 bend  60   59   10      val=   0.05417
       -0.5106019414947 bend   9   59   10
       -0.4896923870029 bend   9   60   10
        0.5072294264452 bend  11   59   10
        0.4921327269024 bend  11   60   10
  28 k  0.0401448292556 bend  60   59   10      val=   1.04590
       -0.5013953597199 bend   9   59   10
        0.5002795678268 bend   9   60   10
       -0.5019804817710 bend  11   59   10
        0.4946989345767 bend  11   60   10
  29 k  0.9003096729788 bend  60   59   10      val=   0.60294
       -0.1950608353531 bend   9   59   10
       -0.2355155080447 bend   9   60   10
       -0.2005124466510 bend  11   59   10
       -0.2360528912354 bend  11   60   10
  30 k -0.0017533979160 bend  60   59   10      val=   0.19412
        0.4904336686055 bend   9   59   10
       -0.5067654817956 bend   9   60   10
       -0.4913958308004 bend  11   59   10
        0.5110681228822 bend  11   60   10
  31 k  1.0000000000000 stre  11   62           val=   2.07331
  32 k  1.0000000000000 stre  11   61           val=   2.07675
  33 k  0.0146838568197 bend  61   62   11      val=   0.20174
       -0.5098076625129 bend  10   62   11
       -0.4922604056675 bend  10   61   11
        0.5062957961958 bend  12   62   11
        0.4911464052179 bend  12   61   11
  34 k  0.0384731386451 bend  61   62   11      val=   1.04537
       -0.5072418025239 bend  10   62   11
        0.5055538423137 bend  10   61   11
       -0.4955987649957 bend  12   62   11
        0.4899211651192 bend  12   61   11
  35 k  0.9028662990972 bend  61   62   11      val=   1.63868
       -0.1880575275622 bend  10   62   11
       -0.2259035838631 bend  10   61   11
       -0.2037354810306 bend  12   62   11
       -0.2385921977953 bend  12   61   11
  36 k -0.0005054903142 bend  61   62   11      val=   0.05911
        0.4852248091478 bend  10   62   11
       -0.5008464153214 bend  10   61   11
       -0.4982061394287 bend  12   62   11
        0.5152670569348 bend  12   61   11
  37 k  1.0000000000000 stre  12   64           val=   2.06741
  38 k  1.0000000000000 stre  12   63           val=   2.07414
  39 k  0.0406349866993 bend  63   64   12      val=   0.85059
        0.4933056913977 bend  11   64   12
        0.5000632562690 bend  11   63   12
       -0.5097644619526 bend   7   64   12
       -0.4950507304816 bend   7   63   12
  40 k  0.0145475298085 bend  63   64   12      val=   0.01926
       -0.4943605954364 bend  11   64   12
        0.4763929785579 bend  11   63   12
       -0.5115220566600 bend   7   64   12
        0.5165180409117 bend   7   63   12
  41 k  0.8976070606476 bend  63   64   12      val=  -0.11503
       -0.2350086199526 bend  11   64   12
       -0.2425085676062 bend  11   63   12
       -0.1875835475136 bend   7   64   12
       -0.2123076083499 bend   7   63   12
  42 k -0.0060571415439 bend  63   64   12      val=   0.66828
       -0.5092948689644 bend  11   64   12
        0.5190654137494 bend  11   63   12
        0.4862967788600 bend   7   64   12
       -0.4844260383199 bend   7   63   12
  43 k  1.0000000000000 stre  13   65           val=   2.07632
  44 k  0.6778257692478 bend  14   65   13      val=  -1.30496
       -0.7326855713988 bend  18   65   13
        0.0610252407422 bend   4   65   13
  45 k  0.4625339247259 bend  14   65   13      val=   3.69554
        0.3604344321912 bend  18   65   13
       -0.8100304861971 bend   4   65   13
  46 k  1.0000000000000 stre  14   67           val=   2.06385
  47 k  1.0000000000000 stre  14   66           val=   2.06955
  48 k  0.0184828753374 bend  66   67   14      val=   0.62250
        0.5023757870170 bend  15   67   14
        0.4949721418329 bend  15   66   14
       -0.4936831457236 bend  13   67   14
       -0.5084844957087 bend  13   66   14
  49 k -0.0002375752544 bend  66   67   14      val=   0.29172
        0.4918359791339 bend  15   67   14
       -0.4967047043057 bend  15   66   14
        0.5142757408131 bend  13   67   14
       -0.4968925561117 bend  13   66   14
  50 k  0.8984314445479 bend  66   67   14      val=   0.33399
       -0.2227186430787 bend  15   67   14
       -0.2336252625114 bend  15   66   14
       -0.2131030714040 bend  13   67   14
       -0.2079030138006 bend  13   66   14
  51 k -0.0060358208842 bend  66   67   14      val=   0.84101
        0.5104145549550 bend  15   67   14
       -0.5007957610454 bend  15   66   14
       -0.4931783569295 bend  13   67   14
        0.4953980873314 bend  13   66   14
  52 k  1.0000000000000 stre  15   68           val=   2.07314
  53 k  1.0000000000000 stre  15   69           val=   2.07617
  54 k  0.0163438454624 bend  69   68   15      val=   0.27523
       -0.5071424538124 bend  16   68   15
       -0.4949817683683 bend  16   69   15
        0.5052691828510 bend  14   68   15
        0.4921742700515 bend  14   69   15
  55 k  0.0291749089069 bend  69   68   15      val=   0.74969
       -0.5079064153237 bend  16   68   15
        0.5050572337010 bend  16   69   15
       -0.4946088854352 bend  14   68   15
        0.4913849194859 bend  14   69   15
  56 k  0.9019967015030 bend  69   68   15      val=   1.22580
       -0.1936275167643 bend  16   68   15
       -0.2211737024135 bend  16   69   15
       -0.2092992430030 bend  14   68   15
       -0.2370366120845 bend  14   69   15
  57 k -0.0005871370956 bend  69   68   15      val=   0.07713
       -0.4867058917867 bend  16   68   15
        0.4996495001273 bend  16   69   15
        0.5004990874047 bend  14   68   15
       -0.5128041250807 bend  14   69   15
  58 k  1.0000000000000 stre  16   71           val=   2.07275
  59 k  1.0000000000000 stre  16   70           val=   2.07848
  60 k  0.0043345720558 bend  70   71   16      val=   0.06940
        0.5082841468246 bend  17   71   16
        0.4909678056547 bend  17   70   16
       -0.5096105812906 bend  15   71   16
       -0.4907913067884 bend  15   70   16
  61 k  0.0406250009596 bend  70   71   16      val=   1.06258
       -0.5007553566413 bend  17   71   16
        0.4952431261892 bend  17   70   16
       -0.5029288063596 bend  15   71   16
        0.4993901718978 bend  15   70   16
  62 k  0.9001651985481 bend  70   71   16      val=   0.57278
       -0.2000330962702 bend  17   71   16
       -0.2378949027102 bend  17   70   16
       -0.1952179483049 bend  15   71   16
       -0.2344895384523 bend  15   70   16
  63 k -0.0003661790827 bend  70   71   16      val=   0.05799
       -0.4922758938575 bend  17   71   16
        0.5107525791265 bend  17   70   16
        0.4894883060788 bend  15   71   16
       -0.5071462425844 bend  15   70   16
  64 k  1.0000000000000 stre  17   72           val=   2.07327
  65 k  1.0000000000000 stre  17   73           val=   2.07713
  66 k  0.0118797902746 bend  73   72   17      val=   0.17297
       -0.5095553750190 bend  16   72   17
       -0.4920915270713 bend  16   73   17
        0.5055632834280 bend  18   72   17
        0.4924062203166 bend  18   73   17
  67 k  0.0347669029456 bend  73   72   17      val=   0.90218
       -0.5052018413705 bend  16   72   17
        0.5044281230883 bend  16   73   17
       -0.4976340069222 bend  18   72   17
        0.4914010843777 bend  18   73   17
  68 k  0.9012623470665 bend  73   72   17      val=   1.00936
       -0.1927486868854 bend  16   72   17
       -0.2277200863281 bend  16   73   17
       -0.2062417262278 bend  18   72   17
       -0.2370275049638 bend  18   73   17
  69 k -0.0011543081931 bend  73   72   17      val=   0.13755
        0.4876877652332 bend  16   72   17
       -0.5017508578310 bend  16   73   17
       -0.4968353338617 bend  18   72   17
        0.5133809880653 bend  18   73   17
  70 k  1.0000000000000 stre  18   74           val=   2.07047
  71 k  1.0000000000000 stre  18   75           val=   2.07404
  72 k  0.0231156312168 bend  75   74   18      val=   0.51999
        0.5021163209002 bend  17   74   18
        0.4945891049052 bend  17   75   18
       -0.5109543681659 bend  13   74   18
       -0.4915812433772 bend  13   75   18
  73 k  0.0300126447345 bend  75   74   18      val=   0.75026
       -0.4968736929328 bend  17   74   18
        0.4868390024074 bend  17   75   18
       -0.5057229045520 bend  13   74   18
        0.5093602889643 bend  13   75   18
  74 k  0.8996271235441 bend  75   74   18      val=   0.38403
       -0.2167999234546 bend  17   74   18
       -0.2401872199123 bend  17   75   18
       -0.1898734917047 bend  13   74   18
       -0.2234434790108 bend  13   75   18
  75 k -0.0032340571769 bend  75   74   18      val=   0.35424
       -0.4994620167684 bend  17   74   18
        0.5162014375488 bend  17   75   18
        0.4868682225980 bend  13   74   18
       -0.4970137265474 bend  13   75   18
  76 k  1.0000000000000 stre  19   76           val=   2.07738
  77 k -0.7786394592119 bend  24   76   19      val=   1.31316
        0.5928136443264 bend  20   76   19
        0.2056515880284 bend   4   76   19
  78 k  0.2333438074282 bend  24   76   19      val=   3.18054
        0.5778072095456 bend  20   76   19
       -0.7821058087830 bend   4   76   19
  79 k  1.0000000000000 stre  20   78           val=   2.06811
  80 k  1.0000000000000 stre  20   77           val=   2.07432
  81 k  0.0077487634160 bend  77   78   20      val=   0.39030
        0.5080105853109 bend  21   78   20
        0.4913171684947 bend  21   77   20
       -0.5130582272628 bend  19   78   20
       -0.4870768904987 bend  19   77   20
  82 k  0.0470650894136 bend  77   78   20      val=   1.16984
       -0.5029679265414 bend  21   78   20
        0.4930757672939 bend  21   77   20
       -0.5007207217873 bend  19   78   20
        0.5009622627598 bend  19   77   20
  83 k  0.8998859143447 bend  77   78   20      val=  -0.18637
       -0.2000613117773 bend  21   78   20
       -0.2405706287241 bend  21   77   20
       -0.1891926650743 bend  19   78   20
       -0.2377240433176 bend  19   77   20
  84 k -0.0028293235888 bend  77   78   20      val=   0.46115
       -0.4893840730048 bend  21   78   20
        0.5134525382106 bend  21   77   20
        0.4890289012244 bend  19   78   20
       -0.5076538671079 bend  19   77   20
  85 k  1.0000000000000 stre  21   79           val=   2.07268
  86 k  1.0000000000000 stre  21   80           val=   2.07880
  87 k  0.0136393586591 bend  80   79   21      val=   0.23874
       -0.5074388925606 bend  22   79   21
       -0.4942906368065 bend  22   80   21
        0.5023865649656 bend  20   79   21
        0.4955847494826 bend  20   80   21
  88 k  0.0256439417217 bend  80   79   21      val=   0.44316
       -0.5058207624107 bend  22   79   21
        0.5044900429778 bend  22   80   21
       -0.4987431623461 bend  20   79   21
        0.4901354905702 bend  20   80   21
  89 k  0.9018259681555 bend  80   79   21      val=   1.01530
       -0.1949642461341 bend  22   79   21
       -0.2231852123902 bend  22   80   21
       -0.2108931524570 bend  20   79   21
       -0.2332623096578 bend  20   80   21
  90 k -0.0019164319070 bend  80   79   21      val=   0.07100
        0.4904727832404 bend  22   79   21
       -0.4986016640975 bend  22   80   21
       -0.4994448032387 bend  20   79   21
        0.5112573180565 bend  20   80   21
  91 k  1.0000000000000 stre  22   81           val=   2.07058
  92 k  1.0000000000000 stre  22   82           val=   2.07353
  93 k  0.0030475813121 bend  82   81   22      val=   0.08609
        0.4888122818189 bend  23   81   22
        0.5106224889573 bend  23   82   22
       -0.4899244132257 bend  21   81   22
       -0.5101882088873 bend  21   82   22
  94 k  0.0399975239132 bend  82   81   22      val=   1.57923
        0.5004975594017 bend  23   81   22
       -0.4967908928406 bend  23   82   22
        0.5017902829168 bend  21   81   22
       -0.4993072319472 bend  21   82   22
  95 k  0.9017418588937 bend  82   81   22      val=   1.35564
       -0.2345967687945 bend  23   81   22
       -0.1992027782475 bend  23   82   22
       -0.2310292054046 bend  21   81   22
       -0.1969003183815 bend  21   82   22
  96 k -0.0006103890470 bend  82   81   22      val=  -0.02794
       -0.5110992547066 bend  23   81   22
        0.4905472316671 bend  23   82   22
        0.5097138866414 bend  21   81   22
       -0.4881929398631 bend  21   82   22
  97 k  1.0000000000000 stre  23   83           val=   2.07321
  98 k  1.0000000000000 stre  23   84           val=   2.07860
  99 k  0.0131499576163 bend  84   83   23      val=   0.20705
       -0.5063146238023 bend  22   83   23
       -0.4955848041570 bend  22   84   23
        0.5046023523863 bend  24   83   23
        0.4931984876229 bend  24   84   23
 100 k  0.0277620912464 bend  84   83   23      val=   0.55018
       -0.5079980104780 bend  22   83   23
        0.5036347279092 bend  22   84   23
       -0.4960677251676 bend  24   83   23
        0.4913615374965 bend  24   84   23
 101 k  0.9025756592169 bend  84   83   23      val=   1.31466
       -0.1948532347265 bend  22   83   23
       -0.2218798994857 bend  22   84   23
       -0.2076200292735 bend  24   83   23
       -0.2346329686010 bend  24   84   23
 102 k -0.0004051186979 bend  84   83   23      val=   0.14987
       -0.4882412181914 bend  22   83   23
        0.4995288707937 bend  22   84   23
        0.5005589901718 bend  24   83   23
       -0.5114019489008 bend  24   84   23
 103 k  1.0000000000000 stre  24   85           val=   2.06759
 104 k  1.0000000000000 stre  24   86           val=   2.07152
 105 k  0.0138062748984 bend  86   85   24      val=   0.40511
        0.4907528026763 bend  23   85   24
        0.5073111570306 bend  23   86   24
       -0.5113694671054 bend  19   85   24
       -0.4900078892256 bend  19   86   24
 106 k  0.0096306626396 bend  86   85   24      val=  -0.08173
       -0.5073641749206 bend  23   85   24
        0.4836987917769 bend  23   86   24
       -0.4969028160003 bend  19   85   24
        0.5114801214405 bend  19   86   24
 107 k  0.8986686874092 bend  86   85   24      val=  -0.39984
       -0.2275156956403 bend  23   85   24
       -0.2234358361224 bend  23   86   24
       -0.1997726941588 bend  19   85   24
       -0.2253852175994 bend  19   86   24
 108 k -0.0111734421521 bend  86   85   24      val=   1.35525
       -0.4978105192868 bend  23   85   24
        0.5108910557987 bend  23   86   24
        0.4996220990193 bend  19   85   24
       -0.4913531605214 bend  19   86   24
 109 k  1.0000000000000 stre  25   87           val=   2.05367
 110 k  0.7071067818508 bend  26   87   25      val=  -0.02185
       -0.7071067805223 bend  30   87   25
 111 k  1.0000000000000 outp  87   30   26   25 val=  -0.17099
 112 k  1.0000000000000 stre  26   88           val=   2.05348
 113 k -0.7071067534243 bend  27   88   26      val=   0.12781
        0.7071068089488 bend  25   88   26
 114 k  1.0000000000000 outp  88   25   27   26 val=   0.42008
 115 k  1.0000000000000 stre  27   89           val=   2.05321
 116 k  0.7071069106505 bend  26   89   27      val=   0.80856
       -0.7071066517225 bend  28   89   27
 117 k  1.0000000000000 outp  89   28   26   27 val=   0.48043
 118 k  1.0000000000000 stre  29   90           val=   2.04928
 119 k  0.7071077998345 bend  30   90   29      val=   1.17068
       -0.7071057625372 bend  28   90   29
 120 k  1.0000000000000 outp  90   28   30   29 val=  -0.51066
 121 k  1.0000000000000 stre  30   91           val=   2.05354
 122 k -0.7071067793648 bend  29   91   30      val=   0.13754
        0.7071067830083 bend  25   91   30
 123 k  1.0000000000000 outp  91   25   29   30 val=   0.61610
 124 k  1.0000000000000 stre  33   92           val=   2.06491
 125 k  1.0000000000000 stre  33   93           val=   2.07286
 126 k  0.0644347833370 bend  93   92   33      val=   1.28646
        0.5012820527984 bend  32   92   33
        0.4898881863974 bend  32   93   33
       -0.5069187506139 bend  34   92   33
       -0.4976016552855 bend  34   93   33
 127 k  0.0183554696598 bend  93   92   33      val=   0.22856
       -0.4949295064153 bend  32   92   33
        0.4896694995521 bend  32   93   33
       -0.5097010298484 bend  34   92   33
        0.5051103857504 bend  34   93   33
 128 k -0.8752885716447 bend  93   92   33      val=   6.38492
        0.2603660623487 bend  32   92   33
        0.2789236985572 bend  32   93   33
        0.2007195184769 bend  34   92   33
        0.2190723058964 bend  34   93   33
 129 k -0.0007679901813 bend  93   92   33      val=   0.16364
        0.5026346390950 bend  32   92   33
       -0.5122915987906 bend  32   93   33
       -0.4868598091462 bend  34   92   33
        0.4978781716641 bend  34   93   33
 130 k  1.0000000000000 stre  34   95           val=   2.06608
 131 k  1.0000000000000 stre  34   94           val=   2.07041
 132 k  0.0672493401928 bend  94   95   34      val=   1.40011
        0.4995783900863 bend  35   95   34
        0.4907443712085 bend  35   94   34
       -0.5109584092747 bend  33   95   34
       -0.4939538688187 bend  33   94   34
 133 k  0.0192711541402 bend  94   95   34      val=   0.36389
       -0.4966278177464 bend  35   95   34
        0.4878080789452 bend  35   94   34
       -0.5062555517562 bend  33   95   34
        0.5086629804600 bend  33   94   34
 134 k -0.8745749479059 bend  94   95   34      val=   6.43379
        0.2627674800823 bend  35   95   34
        0.2801012484546 bend  35   94   34
        0.1989979855665 bend  33   95   34
        0.2191232627113 bend  33   94   34
 135 k -0.0000470886266 bend  94   95   34      val=   0.17055
       -0.5008388732302 bend  35   95   34
        0.5142787688258 bend  35   94   34
        0.4860685420058 bend  33   95   34
       -0.4984126214809 bend  33   94   34
 136 k  1.0000000000000 stre  37   96           val=   2.05655
 137 k  0.7071074594618 bend  36   96   37      val=   0.47460
       -0.7071061029106 bend  38   96   37
 138 k  1.0000000000000 outp  96   38   36   37 val=   0.64616
 139 k  1.0000000000000 stre  41   97           val=   2.05618
 140 k -0.7071050405212 bend  40   97   41      val=   0.38213
        0.7071085218476 bend  36   97   41
 141 k  1.0000000000000 outp  97   36   40   41 val=   1.45653
 142 k  1.0000000000000 stre  43   98           val=   2.05577
 143 k -0.7071064814289 bend  44   98   43      val=   0.38521
        0.7071070809440 bend  42   98   43
 144 k  1.0000000000000 outp  98   42   44   43 val=   0.88701
 145 k  1.0000000000000 stre  47   99           val=   2.05672
 146 k  0.7071067823652 bend  42   99   47      val=   0.31304
       -0.7071067800079 bend  46   99   47
 147 k  1.0000000000000 outp  99   46   42   47 val=   0.07521
 148 k  0.4082482904639 tors 100   48   38   37 val= 108.91122
        0.4082482904639 tors 100   48   38   39
        0.4082482904639 tors 102   48   38   37
        0.4082482904639 tors 102   48   38   39
        0.4082482904639 tors 101   48   38   37
        0.4082482904639 tors 101   48   38   39
 149 k  1.0000000000000 stre  48  100           val=   2.06725
 150 k  1.0000000000000 stre  48  102           val=   2.06676
 151 k  1.0000000000000 stre  48  101           val=   2.07554
 152 k  0.4218773689842 bend 102  100   48      val=   1.68587
        0.4459313025634 bend 101  100   48
        0.3898676815850 bend 101  102   48
       -0.3905729060691 bend  38  100   48
       -0.4068874410592 bend  38  102   48
       -0.3912331340028 bend  38  101   48
 153 k -0.3774640203608 bend 102  100   48      val=   0.85026
       -0.2556665041179 bend 101  100   48
        0.6860751019293 bend 101  102   48
       -0.4683241195636 bend  38  100   48
        0.1843586914470 bend  38  102   48
        0.2610381168351 bend  38  101   48
 154 k  0.5694066055416 bend 102  100   48      val=   0.42469
       -0.6143078771400 bend 101  100   48
        0.0783532351557 bend 101  102   48
       -0.0558588422269 bend  38  100   48
        0.3958021907022 bend  38  102   48
       -0.3639823289260 bend  38  101   48
 155 k  0.3451668700349 bend 102  100   48      val=  -0.05203
        0.0766598079872 bend 101  100   48
       -0.4385720560896 bend 101  102   48
       -0.6234445105699 bend  38  100   48
        0.1095562855343 bend  38  102   48
        0.5309915440261 bend  38  101   48
 156 k -0.2764244972851 bend 102  100   48      val=   0.16318
        0.4386353249388 bend 101  100   48
       -0.1652004593200 bend 101  102   48
       -0.2339351481694 bend  38  100   48
        0.6783749076804 bend  38  102   48
       -0.4347173660409 bend  38  101   48
 157 k  0.4082482904639 tors 105   49   40   39 val=  94.65515
        0.4082482904639 tors 105   49   40   41
        0.4082482904639 tors 103   49   40   39
        0.4082482904639 tors 103   49   40   41
        0.4082482904639 tors 104   49   40   39
        0.4082482904639 tors 104   49   40   41
 158 k  1.0000000000000 stre  49  105           val=   2.06764
 159 k  1.0000000000000 stre  49  103           val=   2.06580
 160 k  1.0000000000000 stre  49  104           val=   2.07276
 161 k  0.4231532214235 bend 103  105   49      val=   1.63892
        0.4166369994033 bend 104  105   49
        0.4162505124691 bend 104  103   49
       -0.3979877650545 bend  40  105   49
       -0.3978554789635 bend  40  103   49
       -0.3967457996273 bend  40  104   49
 162 k -0.6805125233557 bend 103  105   49      val=   0.07538
        0.3446640609790 bend 104  105   49
        0.3419387880455 bend 104  103   49
       -0.2246965328233 bend  40  105   49
       -0.2259163695110 bend  40  103   49
        0.4468338818617 bend  40  104   49
 163 k -0.0011801956715 bend 103  105   49      val=  -0.00526
       -0.5884868158985 bend 104  105   49
        0.5899123085421 bend 104  103   49
       -0.3916046232173 bend  40  105   49
        0.3902946769825 bend  40  103   49
        0.0011077347503 bend  40  104   49
 164 k  0.0476905982849 bend 103  105   49      val=  -0.08952
        0.3645865008686 bend 104  105   49
       -0.4129205042090 bend 104  103   49
       -0.6217666424351 bend  40  105   49
        0.5499183981035 bend  40  103   49
        0.0727663741412 bend  40  104   49
 165 k  0.4442241089964 bend 103  105   49      val=   0.34023
       -0.2654365697910 bend 104  105   49
       -0.1826671111550 bend 104  103   49
       -0.2747323194354 bend  40  105   49
       -0.4003752247324 bend  40  103   49
        0.6804872717284 bend  40  104   49
 166 k  0.4082482904639 tors 106   50   36   37 val= 118.79521
        0.4082482904639 tors 106   50   36   41
        0.4082482904639 tors 108   50   36   37
        0.4082482904639 tors 108   50   36   41
        0.4082482904639 tors 107   50   36   37
        0.4082482904639 tors 107   50   36   41
 167 k  1.0000000000000 stre  50  106           val=   2.06796
 168 k  1.0000000000000 stre  50  108           val=   2.06778
 169 k  1.0000000000000 stre  50  107           val=   2.07329
 170 k  0.4459102721363 bend 108  106   50      val=   1.80969
        0.4111167264140 bend 107  106   50
        0.4047256292334 bend 107  108   50
       -0.3907483329992 bend  36  106   50
       -0.3931165551912 bend  36  108   50
       -0.4013967436348 bend  36  107   50
 171 k -0.0240312921860 bend 108  106   50      val=   0.16071
       -0.5650633941259 bend 107  106   50
        0.5981656740711 bend 107  108   50
       -0.4123023681085 bend  36  106   50
        0.3899172811560 bend  36  108   50
        0.0171742564884 bend  36  107   50
 172 k -0.6657321433869 bend 108  106   50      val=   0.73151
        0.3814201091807 bend 107  106   50
        0.3332016306067 bend 107  108   50
       -0.2158022926427 bend  36  106   50
       -0.2469681608915 bend  36  108   50
        0.4390127389166 bend  36  107   50
 173 k  0.0430622980830 bend 108  106   50      val=   0.11280
        0.3770504474576 bend 107  106   50
       -0.4221949748195 bend 107  108   50
       -0.6107734350954 bend  36  106   50
        0.5479997247525 bend  36  108   50
        0.0661975410871 bend  36  107   50
 174 k  0.4416614827539 bend 108  106   50      val=   0.30652
       -0.2639859411778 bend 107  106   50
       -0.1882342538737 bend 107  108   50
       -0.2785769908747 bend  36  106   50
       -0.3913146739860 bend  36  108   50
        0.6848956922475 bend  36  107   50
 175 k  0.4082482904639 tors 111   51   44   43 val=  88.17790
        0.4082482904639 tors 111   51   44   45
        0.4082482904639 tors 109   51   44   43
        0.4082482904639 tors 109   51   44   45
        0.4082482904639 tors 110   51   44   43
        0.4082482904639 tors 110   51   44   45
 176 k  1.0000000000000 stre  51  111           val=   2.06516
 177 k  1.0000000000000 stre  51  109           val=   2.07298
 178 k  1.0000000000000 stre  51  110           val=   2.07236
 179 k  0.4316375917125 bend 109  111   51      val=   1.95333
        0.4346034444935 bend 110  111   51
        0.3958315004865 bend 110  109   51
       -0.3861250507458 bend  44  111   51
       -0.3984397557272 bend  44  109   51
       -0.4003491787429 bend  44  110   51
 180 k -0.6336546272469 bend 109  111   51      val=   0.07383
        0.1579037251536 bend 110  111   51
        0.5059515940915 bend 110  109   51
       -0.3501492986369 bend  44  111   51
       -0.1035340183719 bend  44  109   51
        0.4292288283554 bend  44  110   51
 181 k  0.2193992506982 bend 109  111   51      val=   0.56315
       -0.6522923311928 bend 110  111   51
        0.4678218199963 bend 110  109   51
       -0.3143063869549 bend  44  111   51
        0.4352113565399 bend  44  109   51
       -0.1390107853855 bend  44  110   51
 182 k  0.1659184695355 bend 109  111   51      val=   0.82078
        0.2839090471366 bend 110  111   51
       -0.4563549635490 bend 110  109   51
       -0.6613313337447 bend  44  111   51
        0.4325188929702 bend  44  109   51
        0.2432594004278 bend  44  110   51
 183 k  0.4261424950519 bend 109  111   51      val=   0.59582
       -0.3482178485617 bend 110  111   51
       -0.0749337768198 bend 110  109   51
       -0.1036299118234 bend  44  111   51
       -0.5286916388419 bend  44  109   51
        0.6334649361564 bend  44  110   51
 184 k  0.4082482904639 tors 112   52   46   45 val=  80.35961
        0.4082482904639 tors 112   52   46   47
        0.4082482904639 tors 114   52   46   45
        0.4082482904639 tors 114   52   46   47
        0.4082482904639 tors 113   52   46   45
        0.4082482904639 tors 113   52   46   47
 185 k  1.0000000000000 stre  52  112           val=   2.06635
 186 k  1.0000000000000 stre  52  114           val=   2.07130
 187 k  1.0000000000000 stre  52  113           val=   2.07468
 188 k  0.4459269301287 bend 114  112   52      val=   1.92733
        0.4175622312399 bend 113  112   52
        0.3972968129998 bend 113  114   52
       -0.3877078089334 bend  46  112   52
       -0.3936129319264 bend  46  114   52
       -0.4045957403639 bend  46  113   52
 189 k -0.0662031975536 bend 114  112   52      val=   0.46959
       -0.5341849593478 bend 113  112   52
        0.6268908266542 bend 113  114   52
       -0.4279295249605 bend  46  112   52
        0.3630829021320 bend  46  114   52
        0.0481516888957 bend  46  113   52
 190 k -0.6607689753903 bend 114  112   52      val=   0.32166
        0.4207179292749 bend 113  112   52
        0.2848391747162 bend 113  114   52
       -0.1912551400895 bend  46  112   52
       -0.2768281196891 bend  46  114   52
        0.4382180886660 bend  46  113   52
 191 k  0.1004419498233 bend 114  112   52      val=   0.56410
        0.3356620822834 bend 113  112   52
       -0.4413507077979 bend 113  114   52
       -0.6404849546438 bend  46  112   52
        0.4991664986497 bend  46  114   52
        0.1518675852839 bend  46  113   52
 192 k  0.4382598928476 bend 114  112   52      val=   0.85395
       -0.3068858916027 bend 113  112   52
       -0.1357832068721 bend 113  114   52
       -0.1973675008277 bend  46  112   52
       -0.4583646984155 bend  46  114   52
        0.6680270274857 bend  46  113   52
 193 k  0.4082482904639 tors 115   53   42   43 val=  83.65336
        0.4082482904639 tors 115   53   42   47
        0.4082482904639 tors 117   53   42   43
        0.4082482904639 tors 117   53   42   47
        0.4082482904639 tors 116   53   42   43
        0.4082482904639 tors 116   53   42   47
 194 k  1.0000000000000 stre  53  115           val=   2.06690
 195 k  1.0000000000000 stre  53  117           val=   2.07084
 196 k  1.0000000000000 stre  53  116           val=   2.07172
 197 k  0.4400745100943 bend 117  115   53      val=   1.73455
        0.4234824653891 bend 116  115   53
        0.3962092717076 bend 116  117   53
       -0.3899030188861 bend  42  115   53
       -0.3976918126164 bend  42  117   53
       -0.3997900675699 bend  42  116   53
 198 k -0.1193801267825 bend 117  115   53      val=   0.62938
       -0.4922630833137 bend 116  115   53
        0.6491293457128 bend 116  117   53
       -0.4456804843172 bend  42  115   53
        0.3405343241117 bend  42  117   53
        0.0863817959464 bend  42  116   53
 199 k -0.6600816803046 bend 117  115   53      val=   0.74562
        0.4648301073971 bend 116  115   53
        0.2287713660359 bend 116  117   53
       -0.1468482987009 bend  42  115   53
       -0.2971472835021 bend  42  117   53
        0.4313094918287 bend  42  116   53
 200 k  0.2205992212927 bend 117  115   53      val=   0.21214
        0.2338214172823 bend 116  115   53
       -0.4657470158944 bend 116  117   53
       -0.6684078999719 bend  42  115   53
        0.3419444928198 bend  42  117   53
        0.3406583165812 bend  42  116   53
 201 k -0.3825307201350 bend 117  115   53      val=   0.17131
        0.3888592114797 bend 116  115   53
       -0.0001573895057 bend 116  117   53
        0.0052341265000 bend  42  115   53
        0.5869311145052 bend  42  117   53
       -0.5982835513153 bend  42  116   53
 202 k  1.0000000000000 stre  38   48           val=   2.84496
 203 k -0.7070859455305 bend  37   48   38      val=   0.78676
        0.7071276162286 bend  39   48   38
 204 k  1.0000000000000 outp  48   39   37   38 val=   2.16468
 205 k  1.0000000000000 stre  40   49           val=   2.84337
 206 k  0.7071140177222 bend  41   49   40      val=  -0.20157
       -0.7070995445768 bend  39   49   40
 207 k  1.0000000000000 outp  49   39   41   40 val=  -1.96745
 208 k  1.0000000000000 stre  36   50           val=   2.85021
 209 k  0.7071067833743 bend  37   50   36      val=   0.01127
       -0.7071067789988 bend  41   50   36
 210 k  1.0000000000000 outp  50   41   37   36 val=   0.04282
 211 k  1.0000000000000 stre  44   51           val=   2.84071
 212 k  0.7071129966973 bend  43   51   44      val=   0.21868
       -0.7071005656212 bend  45   51   44
 213 k  1.0000000000000 outp  51   45   43   44 val=  -1.38295
 214 k  1.0000000000000 stre  46   52           val=   2.84452
 215 k  0.7071082556482 bend  47   52   46      val=   0.13342
       -0.7071053067218 bend  45   52   46
 216 k  1.0000000000000 outp  52   45   47   46 val=   0.71280
 217 k  1.0000000000000 stre  42   53           val=   2.84920
 218 k  0.7071094683066 bend  47   53   42      val=   0.28427
       -0.7071040940563 bend  43   53   42
 219 k  1.0000000000000 outp  53   43   47   42 val=  -0.73064
 220 k  1.0000000000000 stre   7    8           val=   2.90821
 221 k  1.0000000000000 stre   8    9           val=   2.89791
 222 k  1.0000000000000 stre   9   10           val=   2.89735
 223 k  1.0000000000000 stre  10   11           val=   2.89820
 224 k  1.0000000000000 stre  11   12           val=   2.90614
 225 k  1.0000000000000 stre  12    7           val=   2.90871
 226 k -0.2886751345948 bend   7    9    8      val=  -0.18400
       -0.2886751345948 bend   8   10    9
        0.5773502691896 bend   9   11   10
       -0.2886751345948 bend  10   12   11
       -0.2886751345948 bend  11    7   12
        0.5773502691896 bend  12    8    7
 227 k  0.5000000000000 bend   7    9    8      val=   0.39882
       -0.5000000000000 bend   8   10    9
        0.5000000000000 bend  10   12   11
       -0.5000000000000 bend  11    7   12
 228 k -0.4082482904639 bend   7    9    8      val=   0.21664
        0.4082482904639 bend   8   10    9
       -0.4082482904639 bend   9   11   10
        0.4082482904639 bend  10   12   11
       -0.4082482904639 bend  11    7   12
        0.4082482904639 bend  12    8    7
 229 k -0.2886751345948 tors   8    9   10   11 val=  -0.57767
       -0.2886751345948 tors   9   10   11   12
        0.5773502691896 tors  10   11   12    7
       -0.2886751345948 tors  11   12    7    8
       -0.2886751345948 tors  12    7    8    9
        0.5773502691896 tors   7    8    9   10
 230 k  0.5000000000000 tors   8    9   10   11 val=  -1.80027
       -0.5000000000000 tors   9   10   11   12
        0.5000000000000 tors  11   12    7    8
       -0.5000000000000 tors  12    7    8    9
 231 k -0.4082482904639 tors   8    9   10   11 val= -56.89223
        0.4082482904639 tors   9   10   11   12
       -0.4082482904639 tors  10   11   12    7
        0.4082482904639 tors  11   12    7    8
       -0.4082482904639 tors  12    7    8    9
        0.4082482904639 tors   7    8    9   10
 232 k  0.4082482904639 tors   8    7    4    1 val=  84.33857
        0.4082482904639 tors   8    7    4   13
        0.4082482904639 tors   8    7    4   19
        0.4082482904639 tors  12    7    4    1
        0.4082482904639 tors  12    7    4   13
        0.4082482904639 tors  12    7    4   19
 233 k -0.5175733074097 bend   4    8    7      val=  31.28921
        0.8556388674300 bend   4   12    7
 234 k  0.8556388674300 bend   4    8    7      val= 114.13481
        0.5175733074097 bend   4   12    7
 235 k  1.0000000000000 stre  13   14           val=   2.90405
 236 k  1.0000000000000 stre  14   15           val=   2.89971
 237 k  1.0000000000000 stre  15   16           val=   2.89857
 238 k  1.0000000000000 stre  16   17           val=   2.89805
 239 k  1.0000000000000 stre  17   18           val=   2.90365
 240 k  1.0000000000000 stre  18   13           val=   2.90727
 241 k -0.2886751345948 bend  13   15   14      val=   0.08591
       -0.2886751345948 bend  14   16   15
        0.5773502691896 bend  15   17   16
       -0.2886751345948 bend  16   18   17
       -0.2886751345948 bend  17   13   18
        0.5773502691896 bend  18   14   13
 242 k  0.5000000000000 bend  13   15   14      val=  -0.09798
       -0.5000000000000 bend  14   16   15
        0.5000000000000 bend  16   18   17
       -0.5000000000000 bend  17   13   18
 243 k -0.4082482904639 bend  13   15   14      val=   0.39281
        0.4082482904639 bend  14   16   15
       -0.4082482904639 bend  15   17   16
        0.4082482904639 bend  16   18   17
       -0.4082482904639 bend  17   13   18
        0.4082482904639 bend  18   14   13
 244 k -0.2886751345948 tors  14   15   16   17 val=   0.26036
       -0.2886751345948 tors  15   16   17   18
        0.5773502691896 tors  16   17   18   13
       -0.2886751345948 tors  17   18   13   14
       -0.2886751345948 tors  18   13   14   15
        0.5773502691896 tors  13   14   15   16
 245 k  0.5000000000000 tors  14   15   16   17 val=   0.73667
       -0.5000000000000 tors  15   16   17   18
        0.5000000000000 tors  17   18   13   14
       -0.5000000000000 tors  18   13   14   15
 246 k -0.4082482904639 tors  14   15   16   17 val=  56.36044
        0.4082482904639 tors  15   16   17   18
       -0.4082482904639 tors  16   17   18   13
        0.4082482904639 tors  17   18   13   14
       -0.4082482904639 tors  18   13   14   15
        0.4082482904639 tors  13   14   15   16
 247 k  0.4082482904639 tors  14   13    4    1 val=  65.93542
        0.4082482904639 tors  14   13    4    7
        0.4082482904639 tors  14   13    4   19
        0.4082482904639 tors  18   13    4    1
        0.4082482904639 tors  18   13    4    7
        0.4082482904639 tors  18   13    4   19
 248 k  0.7356760892876 bend   4   14   13      val=   4.70504
       -0.6773335158181 bend   4   18   13
 249 k  0.6773335158181 bend   4   14   13      val= 114.81163
        0.7356760892876 bend   4   18   13
 250 k  1.0000000000000 stre  19   24           val=   2.90467
 251 k  1.0000000000000 stre  24   23           val=   2.90355
 252 k  1.0000000000000 stre  23   22           val=   2.89826
 253 k  1.0000000000000 stre  22   21           val=   2.89888
 254 k  1.0000000000000 stre  21   20           val=   2.89863
 255 k  1.0000000000000 stre  20   19           val=   2.90850
 256 k -0.2886751345948 bend  19   23   24      val=   0.02112
       -0.2886751345948 bend  24   22   23
        0.5773502691896 bend  23   21   22
       -0.2886751345948 bend  22   20   21
       -0.2886751345948 bend  21   19   20
        0.5773502691896 bend  20   24   19
 257 k  0.5000000000000 bend  19   23   24      val=  -0.24382
       -0.5000000000000 bend  24   22   23
        0.5000000000000 bend  22   20   21
       -0.5000000000000 bend  21   19   20
 258 k -0.4082482904639 bend  19   23   24      val=   0.26586
        0.4082482904639 bend  24   22   23
       -0.4082482904639 bend  23   21   22
        0.4082482904639 bend  22   20   21
       -0.4082482904639 bend  21   19   20
        0.4082482904639 bend  20   24   19
 259 k -0.2886751345948 tors  24   23   22   21 val=   0.16274
       -0.2886751345948 tors  23   22   21   20
        0.5773502691896 tors  22   21   20   19
       -0.2886751345948 tors  21   20   19   24
       -0.2886751345948 tors  20   19   24   23
        0.5773502691896 tors  19   24   23   22
 260 k  0.5000000000000 tors  24   23   22   21 val=  -3.96070
       -0.5000000000000 tors  23   22   21   20
        0.5000000000000 tors  21   20   19   24
       -0.5000000000000 tors  20   19   24   23
 261 k -0.4082482904639 tors  24   23   22   21 val= -56.76731
        0.4082482904639 tors  23   22   21   20
       -0.4082482904639 tors  22   21   20   19
        0.4082482904639 tors  21   20   19   24
       -0.4082482904639 tors  20   19   24   23
        0.4082482904639 tors  19   24   23   22
 262 k  0.4082482904639 tors  24   19    4    1 val=  50.84142
        0.4082482904639 tors  24   19    4    7
        0.4082482904639 tors  24   19    4   13
        0.4082482904639 tors  20   19    4    1
        0.4082482904639 tors  20   19    4    7
        0.4082482904639 tors  20   19    4   13
 263 k  0.9015981957209 bend   4   24   19      val=  41.46333
       -0.4325744947092 bend   4   20   19
 264 k  0.4325744947092 bend   4   24   19      val= 112.49345
        0.9015981957209 bend   4   20   19
 265 k  1.0000000000000 stre  28   29           val=   2.66101
 266 k  1.0000000000000 stre  29   30           val=   2.62462
 267 k  1.0000000000000 stre  30   25           val=   2.64324
 268 k  1.0000000000000 stre  25   26           val=   2.63744
 269 k  1.0000000000000 stre  26   27           val=   2.62891
 270 k  1.0000000000000 stre  27   28           val=   2.66682
 271 k -0.2886751345948 bend  28   30   29      val=  -0.75413
       -0.2886751345948 bend  29   25   30
        0.5773502691896 bend  30   26   25
       -0.2886751345948 bend  25   27   26
       -0.2886751345948 bend  26   28   27
        0.5773502691896 bend  27   29   28
 272 k  0.5000000000000 bend  28   30   29      val=  -0.35448
       -0.5000000000000 bend  29   25   30
        0.5000000000000 bend  25   27   26
       -0.5000000000000 bend  26   28   27
 273 k -0.4082482904639 bend  28   30   29      val=  -0.46751
        0.4082482904639 bend  29   25   30
       -0.4082482904639 bend  30   26   25
        0.4082482904639 bend  25   27   26
       -0.4082482904639 bend  26   28   27
        0.4082482904639 bend  27   29   28
 274 k -0.2886751345948 tors  29   30   25   26 val=   0.95658
       -0.2886751345948 tors  30   25   26   27
        0.5773502691896 tors  25   26   27   28
       -0.2886751345948 tors  26   27   28   29
       -0.2886751345948 tors  27   28   29   30
        0.5773502691896 tors  28   29   30   25
 275 k  0.5000000000000 tors  29   30   25   26 val=  -0.24231
       -0.5000000000000 tors  30   25   26   27
        0.5000000000000 tors  26   27   28   29
       -0.5000000000000 tors  27   28   29   30
 276 k -0.4082482904639 tors  29   30   25   26 val=  -0.25525
        0.4082482904639 tors  30   25   26   27
       -0.4082482904639 tors  25   26   27   28
        0.4082482904639 tors  26   27   28   29
       -0.4082482904639 tors  27   28   29   30
        0.4082482904639 tors  28   29   30   25
 277 k  0.7071067811865 tors  29   28    5    1 val= 102.55341
        0.7071067811865 tors  27   28    5    1
 278 k  0.7074130577996 bend   5   29   28      val=   4.50142
       -0.7068003718552 bend   5   27   28
 279 k  1.0000000000000 outp  29    5   27   28 val=  -0.31468
 280 k  1.0000000000000 stre  39   38           val=   2.65522
 281 k  1.0000000000000 stre  38   37           val=   2.64286
 282 k  1.0000000000000 stre  37   36           val=   2.63934
 283 k  1.0000000000000 stre  36   41           val=   2.64111
 284 k  1.0000000000000 stre  41   40           val=   2.63849
 285 k  1.0000000000000 stre  40   39           val=   2.65945
 286 k -0.2886751345948 bend  39   37   38      val=  -0.07768
       -0.2886751345948 bend  38   36   37
        0.5773502691896 bend  37   41   36
       -0.2886751345948 bend  36   40   41
       -0.2886751345948 bend  41   39   40
        0.5773502691896 bend  40   38   39
 287 k  0.5000000000000 bend  39   37   38      val=  -0.15283
       -0.5000000000000 bend  38   36   37
        0.5000000000000 bend  36   40   41
       -0.5000000000000 bend  41   39   40
 288 k -0.4082482904639 bend  39   37   38      val=   1.82211
        0.4082482904639 bend  38   36   37
       -0.4082482904639 bend  37   41   36
        0.4082482904639 bend  36   40   41
       -0.4082482904639 bend  41   39   40
        0.4082482904639 bend  40   38   39
 289 k -0.2886751345948 tors  38   37   36   41 val=   0.78417
       -0.2886751345948 tors  37   36   41   40
        0.5773502691896 tors  36   41   40   39
       -0.2886751345948 tors  41   40   39   38
       -0.2886751345948 tors  40   39   38   37
        0.5773502691896 tors  39   38   37   36
 290 k  0.5000000000000 tors  38   37   36   41 val=  -2.25773
       -0.5000000000000 tors  37   36   41   40
        0.5000000000000 tors  41   40   39   38
       -0.5000000000000 tors  40   39   38   37
 291 k -0.4082482904639 tors  38   37   36   41 val=  -1.30173
        0.4082482904639 tors  37   36   41   40
       -0.4082482904639 tors  36   41   40   39
        0.4082482904639 tors  41   40   39   38
       -0.4082482904639 tors  40   39   38   37
        0.4082482904639 tors  39   38   37   36
 292 k  0.5000000000000 tors  38   39   35   31 val=   6.85388
        0.5000000000000 tors  38   39   35   34
        0.5000000000000 tors  40   39   35   31
        0.5000000000000 tors  40   39   35   34
 293 k -0.7070737354283 bend  35   38   39      val=  -1.02376
        0.7071398254006 bend  35   40   39
 294 k  1.0000000000000 outp  38   35   40   39 val=   6.59266
 295 k  1.0000000000000 stre  45   46           val=   2.65080
 296 k  1.0000000000000 stre  46   47           val=   2.64278
 297 k  1.0000000000000 stre  47   42           val=   2.63947
 298 k  1.0000000000000 stre  42   43           val=   2.64277
 299 k  1.0000000000000 stre  43   44           val=   2.63484
 300 k  1.0000000000000 stre  44   45           val=   2.65778
 301 k -0.2886751345948 bend  45   47   46      val=   0.06389
       -0.2886751345948 bend  46   42   47
        0.5773502691896 bend  47   43   42
       -0.2886751345948 bend  42   44   43
       -0.2886751345948 bend  43   45   44
        0.5773502691896 bend  44   46   45
 302 k  0.5000000000000 bend  45   47   46      val=  -0.10101
       -0.5000000000000 bend  46   42   47
        0.5000000000000 bend  42   44   43
       -0.5000000000000 bend  43   45   44
 303 k -0.4082482904639 bend  45   47   46      val=   1.78678
        0.4082482904639 bend  46   42   47
       -0.4082482904639 bend  47   43   42
        0.4082482904639 bend  42   44   43
       -0.4082482904639 bend  43   45   44
        0.4082482904639 bend  44   46   45
 304 k -0.2886751345948 tors  46   47   42   43 val=   0.24635
       -0.2886751345948 tors  47   42   43   44
        0.5773502691896 tors  42   43   44   45
       -0.2886751345948 tors  43   44   45   46
       -0.2886751345948 tors  44   45   46   47
        0.5773502691896 tors  45   46   47   42
 305 k  0.5000000000000 tors  46   47   42   43 val=   0.33754
       -0.5000000000000 tors  47   42   43   44
        0.5000000000000 tors  43   44   45   46
       -0.5000000000000 tors  44   45   46   47
 306 k -0.4082482904639 tors  46   47   42   43 val=   0.43314
        0.4082482904639 tors  47   42   43   44
       -0.4082482904639 tors  42   43   44   45
        0.4082482904639 tors  43   44   45   46
       -0.4082482904639 tors  44   45   46   47
        0.4082482904639 tors  45   46   47   42
 307 k  0.5000000000000 tors  46   45   32   31 val=  80.65327
        0.5000000000000 tors  46   45   32   33
        0.5000000000000 tors  44   45   32   31
        0.5000000000000 tors  44   45   32   33
 308 k  0.7077046140117 bend  32   46   45      val=   0.16962
       -0.7065084424878 bend  32   44   45
 309 k  1.0000000000000 outp  44   46   32   45 val=  -4.40416
 310 k  0.5773502691896 tors  13    4    1    5 val=  51.81203
        0.5773502691896 tors  19    4    1    5
        0.5773502691896 tors   7    4    1    5
 311 k  1.0000000000000 stre   4   13           val=   3.51067
 312 k  1.0000000000000 stre   4   19           val=   3.51390
 313 k  1.0000000000000 stre   4    7           val=   3.52347
 314 k  0.3604318434128 bend  19   13    4      val=   2.14767
        0.5399002245862 bend   7   13    4
        0.3754891166024 bend   7   19    4
       -0.3763529857474 bend   1   13    4
       -0.4061412041275 bend   1   19    4
       -0.3619562259277 bend   1    7    4
 315 k -0.4992917226646 bend  19   13    4      val=   1.10241
       -0.0799205908754 bend   7   13    4
        0.5970143345444 bend   7   19    4
       -0.4698951449423 bend   1   13    4
        0.0809659310498 bend   1   19    4
        0.4006712242602 bend   1    7    4
 316 k  0.4978544523808 bend  19   13    4      val=   5.06340
       -0.5721481058024 bend   7   13    4
        0.3252152621754 bend   7   19    4
       -0.1997084304461 bend   1   13    4
        0.4346550049211 bend   1   19    4
       -0.3003566080934 bend   1    7    4
 317 k -0.1859640151481 bend  19   13    4      val=   1.07359
        0.4418768318423 bend   7   13    4
       -0.3133287414857 bend   7   19    4
       -0.3661516338757 bend   1   13    4
        0.6910238920193 bend   1   19    4
       -0.2457769557519 bend   1    7    4
 318 k -0.4541524223443 bend  19   13    4      val=   1.20511
        0.0453358887397 bend   7   13    4
        0.4129288753620 bend   7   19    4
        0.5099700240628 bend   1   13    4
        0.0952094923350 bend   1   19    4
       -0.5933343960112 bend   1    7    4
 319 k  0.7071067811865 tors  28    5    1    4 val= 165.96955
        0.7071067811865 tors  28    5    1   31
 320 k  1.0000000000000 stre   5   28           val=   2.75817
 321 k  1.0000000000000 bend   1   28    5      val= 135.98882
 322 k  1.0000000000000 stre  35   39           val=   2.70989
 323 k  0.7071100097190 bend  31   39   35      val=   3.81806
       -0.7071035526393 bend  34   39   35
 324 k  1.0000000000000 outp  39   34   31   35 val=   0.82045
 325 k  1.0000000000000 stre  32   45           val=   2.70422
 326 k  0.7090867962291 bend  31   45   32      val=   5.01959
       -0.7051212061862 bend  33   45   32
 327 k  1.0000000000000 outp  45   33   31   32 val= -12.06370
 328 k  0.7071067811865 tors   5    1   31   32 val=  91.23509
        0.7071067811865 tors   5    1   31   35
 329 k  1.0000000000000 stre   1    5           val=   3.48344
 330 k  1.0000000000000 stre   1    4           val=   4.55412
 331 k -0.6406655990178 bend   4    5    1      val=  10.33181
        0.7678200246380 bend  31    5    1
 332 k  0.7678200246380 bend   4    5    1      val=  97.08834
        0.6406655990178 bend  31    5    1
 333 k  1.0000000000000 outp   4    5   31    1 val=   7.06005
 334 k  1.0000000000000 stre  31    1           val=   3.88146
 335 k -0.7069208753463 bend  35    1   31      val=   1.04097
        0.7072926381630 bend  32    1   31
 336 k  1.0000000000000 outp   1   32   35   31 val=   8.16377
 337 k  1.0000000000000 stre  31   35           val=   2.56111
 338 k  1.0000000000000 stre  35   34           val=   2.79399
 339 k  1.0000000000000 stre  34   33           val=   2.89087
 340 k  1.0000000000000 stre  33   32           val=   2.79676
 341 k  1.0000000000000 stre  32   31           val=   2.56436
 342 k -0.5116672736017 bend  31   34   35      val=  -3.90410
        0.1954395075848 bend  35   33   34
        0.1954395075849 bend  34   32   33
       -0.5116672736017 bend  33   31   32
        0.6324555320337 bend  32   35   31
 343 k  0.3717480344602 bend  31   34   35      val=   0.09465
       -0.6015009550075 bend  35   33   34
        0.6015009550075 bend  34   32   33
       -0.3717480344602 bend  33   31   32
 344 k -0.5116672736017 tors  34   33   32   31 val= -10.37591
        0.1954395075848 tors  33   32   31   35
        0.1954395075849 tors  32   31   35   34
       -0.5116672736017 tors  31   35   34   33
        0.6324555320337 tors  35   34   33   32
 345 k  0.3717480344602 tors  34   33   32   31 val=  -0.26567
       -0.6015009550075 tors  33   32   31   35
        0.6015009550075 tors  32   31   35   34
       -0.3717480344602 tors  31   35   34   33
       345 non zero eigenvalues  of BmBt
           1          11.393280286    1    0
         1
           2          10.713393829    2    0
         2
           3          10.683259530    3    0
         3
           4           7.733104793    4    0
         4
           5           6.417096666    5    0
         5
           6           6.059484224    6    0
         6
           7           6.055526778    7    0
         7
           8           6.018073534    8    0
         8
           9           5.958658724    9    0
         9
          10           5.655322306   10    0
        10
          11           5.638590762   11    0
        11
          12           5.522028564   12    0
        12
          13           5.488671586   13    0
        13
          14           5.185363285   14    0
        14
          15           5.007643421   15    0
        15
          16           4.816504242   16    0
        16
          17           4.585212655   17    0
        17
          18           4.537688883   18    0
        18
          19           4.479139015   19    0
        19
          20           4.476881552   20    0
        20
          21           4.441535600   21    0
        21
          22           4.403416334   22    0
        22
          23           4.363698118   23    0
        23
          24           4.355517236   24    0
        24
          25           4.305387623   25    0
        25
          26           4.297759473   26    0
        26
          27           4.253294210   27    0
        27
          28           4.233278188   28    0
        28
          29           4.223428961   29    0
        29
          30           4.220478371   30    0
        30
          31           4.199773328   31    0
        31
          32           4.192719883   32    0
        32
          33           4.166338304   33    0
        33
          34           4.117155339   34    0
        34
          35           3.959776322   35    0
        35
          36           3.914999106   36    0
        36
          37           3.829842539   37    0
        37
          38           3.819052772   38    0
        38
          39           3.813881214   39    0
        39
          40           3.803531105   40    0
        40
          41           3.789680190   41    0
        41
          42           3.780457333   42    0
        42
          43           3.772262426   43    0
        43
          44           3.763980050   44    0
        44
          45           3.748917306   45    0
        45
          46           3.739613207   46    0
        46
          47           3.720527328   47    0
        47
          48           3.669509095   48    0
        48
          49           3.601957485   49    0
        49
          50           3.543864141   50    0
        50
          51           3.499796408   51    0
        51
          52           3.469558348   52    0
        52
          53           3.458012840   53    0
        53
          54           3.444329280   54    0
        54
          55           3.415455578   55    0
        55
          56           3.400486955   56    0
        56
          57           3.379445139   57    0
        57
          58           3.365341292   58    0
        58
          59           3.283210085   59    0
        59
          60           3.261017151   60    0
        60
          61           3.239644708   61    0
        61
          62           3.229569391   62    0
        62
          63           3.188075465   63    0
        63
          64           3.151925901   64    0
        64
          65           3.145404393   65    0
        65
          66           3.124114921   66    0
        66
          67           3.118537088   67    0
        67
          68           3.112552778   68    0
        68
          69           3.106145572   69    0
        69
          70           3.099589052   70    0
        70
          71           3.092000350   71    0
        71
          72           3.079301826   72    0
        72
          73           3.072421427   73    0
        73
          74           3.059442692   74    0
        74
          75           3.054473465   75    0
        75
          76           3.049541144   76    0
        76
          77           3.029368230   77    0
        77
          78           3.021927913   78    0
        78
          79           2.942581042   79    0
        79
          80           2.834043835   80    0
        80
          81           2.828246848   81    0
        81
          82           2.792470169   82    0
        82
          83           2.781417904   83    0
        83
          84           2.744930714   84    0
        84
          85           2.737909224   85    0
        85
          86           2.723820385   86    0
        86
          87           2.715782527   87    0
        87
          88           2.688355369   88    0
        88
          89           2.653625066   89    0
        89
          90           2.580525389   90    0
        90
          91           2.566244657   91    0
        91
          92           2.527389891   92    0
        92
          93           2.472153447   93    0
        93
          94           2.394887849   94    0
        94
          95           2.362454726   95    0
        95
          96           2.261195424   96    0
        96
          97           2.257490259   97    0
        97
          98           2.228325382   98    0
        98
          99           2.215628489   99    0
        99
         100           2.197272270  100    0
       100
         101           2.110510860  101    0
       101
         102           2.098290701  102    0
       102
         103           2.094248523  103    0
       103
         104           2.079701534  104    0
       104
         105           2.005762615  105    0
       105
         106           1.959379108  106    0
       106
         107           1.909263890  107    0
       107
         108           1.877614433  108    0
       108
         109           1.854802895  109    0
       109
         110           1.823745658  110    0
       110
         111           1.804955287  111    0
       111
         112           1.766641110  112    0
       112
         113           1.758684499  113    0
       113
         114           1.755736293  114    0
       114
         115           1.752688622  115    0
       115
         116           1.751125762  116    0
       116
         117           1.745448062  117    0
       117
         118           1.685778565  118    0
       118
         119           1.659712583  119    0
       119
         120           1.634815243  120    0
       120
         121           1.630208280  121    0
       121
         122           1.628955573  122    0
       122
         123           1.595520567  123    0
       123
         124           1.567672438  124    0
       124
         125           1.535049767  125    0
       125
         126           1.499440826  126    0
       126
         127           1.481607281  127    0
       127
         128           1.438535031  128    0
       128
         129           1.424902974  129    0
       129
         130           1.348467218  130    0
       130
         131           1.324951767  131    0
       131
         132           1.283516385  132    0
       132
         133           1.174628739  133    0
       133
         134           1.128063425  134    0
       134
         135           1.061903369  135    0
       135
         136           1.053467246  136    0
       136
         137           1.027927411  137    0
       137
         138           1.005344430  138    0
       138
         139           1.002774275  139    0
       139
         140           0.995126081  140    0
       140
         141           0.939897511  141    0
       141
         142           0.875283033  142    0
       142
         143           0.862514073  143    0
       143
         144           0.855874088  144    0
       144
         145           0.848607405  145    0
       145
         146           0.828454023  146    0
       146
         147           0.827293068  147    0
       147
         148           0.824676452  148    0
       148
         149           0.799642569  149    0
       149
         150           0.795676267  150    0
       150
         151           0.783892711  151    0
       151
         152           0.780709805  152    0
       152
         153           0.779711366  153    0
       153
         154           0.776338541  154    0
       154
         155           0.775212471  155    0
       155
         156           0.765354659  156    0
       156
         157           0.764013413  157    0
       157
         158           0.763130378  158    0
       158
         159           0.760803349  159    0
       159
         160           0.753350748  160    0
       160
         161           0.746996307  161    0
       161
         162           0.746204653  162    0
       162
         163           0.745070992  163    0
       163
         164           0.742823578  164    0
       164
         165           0.742291510  165    0
       165
         166           0.741816220  166    0
       166
         167           0.736266269  167    0
       167
         168           0.723833371  168    0
       168
         169           0.704523155  169    0
       169
         170           0.703037094  170    0
       170
         171           0.700710915  171    0
       171
         172           0.686461972  172    0
       172
         173           0.683517694  173    0
       173
         174           0.682906875  174    0
       174
         175           0.681640028  175    0
       175
         176           0.680043234  176    0
       176
         177           0.679708907  177    0
       177
         178           0.679579668  178    0
       178
         179           0.679449482  179    0
       179
         180           0.679077382  180    0
       180
         181           0.678642137  181    0
       181
         182           0.678376640  182    0
       182
         183           0.678137708  183    0
       183
         184           0.661636322  184    0
       184
         185           0.594364665  185    0
       185
         186           0.588950425  186    0
       186
         187           0.583910145  187    0
       187
         188           0.583014116  188    0
       188
         189           0.579152552  189    0
       189
         190           0.573741275  190    0
       190
         191           0.570813699  191    0
       191
         192           0.563363943  192    0
       192
         193           0.545575353  193    0
       193
         194           0.531295537  194    0
       194
         195           0.529479552  195    0
       195
         196           0.526869733  196    0
       196
         197           0.518243924  197    0
       197
         198           0.484284933  198    0
       198
         199           0.468313730  199    0
       199
         200           0.428774222  200    0
       200
         201           0.423579428  201    0
       201
         202           0.423478363  202    0
       202
         203           0.412888596  203    0
       203
         204           0.411591962  204    0
       204
         205           0.409843338  205    0
       205
         206           0.408580184  206    0
       206
         207           0.407754315  207    0
       207
         208           0.404262414  208    0
       208
         209           0.402182355  209    0
       209
         210           0.397334312  210    0
       210
         211           0.390439486  211    0
       211
         212           0.385922016  212    0
       212
         213           0.383208468  213    0
       213
         214           0.378725992  214    0
       214
         215           0.376743662  215    0
       215
         216           0.367284098  216    0
       216
         217           0.366688782  217    0
       217
         218           0.366533741  218    0
       218
         219           0.355769857  219    0
       219
         220           0.353739273  220    0
       220
         221           0.353112320  221    0
       221
         222           0.352858040  222    0
       222
         223           0.352475034  223    0
       223
         224           0.351970797  224    0
       224
         225           0.345827576  225    0
       225
         226           0.343731856  226    0
       226
         227           0.342236184  227    0
       227
         228           0.340609470  228    0
       228
         229           0.330044584  229    0
       229
         230           0.329316273  230    0
       230
         231           0.328979302  231    0
       231
         232           0.327373055  232    0
       232
         233           0.326784438  233    0
       233
         234           0.325537030  234    0
       234
         235           0.322429330  235    0
       235
         236           0.319969570  236    0
       236
         237           0.307028354  237    0
       237
         238           0.303037783  238    0
       238
         239           0.302608586  239    0
       239
         240           0.296121694  240    0
       240
         241           0.291322884  241    0
       241
         242           0.287795222  242    0
       242
         243           0.287528203  243    0
       243
         244           0.283168329  244    0
       244
         245           0.282129622  245    0
       245
         246           0.280990938  246    0
       246
         247           0.270249786  247    0
       247
         248           0.268881477  248    0
       248
         249           0.263407763  249    0
       249
         250           0.262615231  250    0
       250
         251           0.261953239  251    0
       251
         252           0.260692726  252    0
       252
         253           0.260109369  253    0
       253
         254           0.257982703  254    0
       254
         255           0.257265709  255    0
       255
         256           0.255939963  256    0
       256
         257           0.254747687  257    0
       257
         258           0.252696159  258    0
       258
         259           0.251962520  259    0
       259
         260           0.239602713  260    0
       260
         261           0.238753584  261    0
       261
         262           0.238064970  262    0
       262
         263           0.235113715  263    0
       263
         264           0.233896712  264    0
       264
         265           0.232754084  265    0
       265
         266           0.227034205  266    0
       266
         267           0.221394778  267    0
       267
         268           0.204559811  268    0
       268
         269           0.199269973  269    0
       269
         270           0.181502780  270    0
       270
         271           0.175484769  271    0
       271
         272           0.165754198  272    0
       272
         273           0.161459492  273    0
       273
         274           0.159626329  274    0
       274
         275           0.153214885  275    0
       275
         276           0.142237061  276    0
       276
         277           0.126599267  277    0
       277
         278           0.125540199  278    0
       278
         279           0.125061367  279    0
       279
         280           0.117276214  280    0
       280
         281           0.112766796  281    0
       281
         282           0.110947834  282    0
       282
         283           0.109823454  283    0
       283
         284           0.107818581  284    0
       284
         285           0.106632266  285    0
       285
         286           0.103135419  286    0
       286
         287           0.097483659  287    0
       287
         288           0.095747613  288    0
       288
         289           0.092146849  289    0
       289
         290           0.091555010  290    0
       290
         291           0.084579514  291    0
       291
         292           0.083679017  292    0
       292
         293           0.082509164  293    0
       293
         294           0.080769024  294    0
       294
         295           0.078967293  295    0
       295
         296           0.064892968  296    0
       296
         297           0.063807754  297    0
       297
         298           0.061494978  298    0
       298
         299           0.060974692  299    0
       299
         300           0.059906101  300    0
       300
         301           0.059440978  301    0
       301
         302           0.057529793  302    0
       302
         303           0.051023595  303    0
       303
         304           0.048627277  304    0
       304
         305           0.046927883  305    0
       305
         306           0.045485536  306    0
       306
         307           0.042328671  307    0
       307
         308           0.039291812  308    0
       308
         309           0.039249074  309    0
       309
         310           0.038172781  310    0
       310
         311           0.037643445  311    0
       311
         312           0.035172301  312    0
       312
         313           0.033456171  313    0
       313
         314           0.032773696  314    0
       314
         315           0.030702632  315    0
       315
         316           0.029752023  316    0
       316
         317           0.028549884  317    0
       317
         318           0.026377326  318    0
       318
         319           0.026132688  319    0
       319
         320           0.025539954  320    0
       320
         321           0.025081020  321    0
       321
         322           0.022353195  322    0
       322
         323           0.021295214  323    0
       323
         324           0.018281949  324    0
       324
         325           0.013586798  325    0
       325
         326           0.011634854  326    0
       326
         327           0.011033109  327    0
       327
         328           0.010701214  328    0
       328
         329           0.008877764  329    0
       329
         330           0.008262031  330    0
       330
         331           0.007939237  331    0
       331
         332           0.005318258  332    0
       332
         333           0.004407228  333    0
       333
         334           0.003443286  334    0
       334
         335           0.003091166  335    0
       335
         336           0.002120413  336    0
       336
         337           0.001492229  337    0
       337
         338           0.001255496  338    0
       338
         339           0.001214845  339    0
       339
         340           0.000855673  340    0
       340
         341           0.000773780  341    0
       341
         342           0.000701626  342    0
       342
         343           0.000470280  343    0
       343
         344           0.000436504  344    0
       344
         345           0.000216203  345    0
       345
$end
