$coord
    4.07456084855366     -2.44582425292128      0.00323550930604      c
    2.93757659777295      0.15726263496015     -0.00062923343029      c
    6.13457129871139     -2.29584144265354     -0.00418118788569      h
    3.40319678374867     -3.47650060359325     -1.65728960885841      h
    3.41516809160151     -3.46492561740049      1.67581942803114      h
    3.99269427507640      2.13404440651956     -0.00360867671232      o
   -1.29345072346455     -0.01650774091112      0.00125377154951      i
$user-defined bonds
$redundant
     number_of_atoms             7
     degrees_of_freedom         15
     internal_coordinates       15
     frozen_coordinates          0
# definitions of redundant internals
   1 k  0.4082482904639 tors   3    1    2    6 val=  89.78241
        0.4082482904639 tors   3    1    2    7
        0.4082482904639 tors   4    1    2    6
        0.4082482904639 tors   4    1    2    7
        0.4082482904639 tors   5    1    2    6
        0.4082482904639 tors   5    1    2    7
   2 k  1.0000000000000 stre   1    3           val=   2.06548
   3 k  1.0000000000000 stre   1    4           val=   2.06649
   4 k  1.0000000000000 stre   1    5           val=   2.06662
   5 k -0.4471860259200 bend   4    3    1      val=   0.15001
       -0.4455006620155 bend   5    3    1
       -0.3169980528918 bend   5    4    1
        0.3667436610463 bend   2    3    1
        0.4279654167596 bend   2    4    1
        0.4282648035603 bend   2    5    1
   6 k -0.2858609544733 bend   4    3    1      val=   0.15864
       -0.2990484452599 bend   5    3    1
        0.7399315816303 bend   5    4    1
       -0.4719262854875 bend   2    3    1
        0.1751237938862 bend   2    4    1
        0.1672484214638 bend   2    5    1
   7 k -0.6283189200165 bend   4    3    1      val=   0.02778
        0.6229810517196 bend   5    3    1
        0.0087899683134 bend   5    4    1
       -0.0049782146909 bend   2    3    1
       -0.3281396690897 bend   2    4    1
        0.3306542837359 bend   2    5    1
   8 k  0.2113493107245 bend   4    3    1      val=   1.48860
        0.2152014110556 bend   5    3    1
       -0.4326917786275 bend   5    4    1
       -0.6848534975037 bend   2    3    1
        0.3581879711622 bend   2    4    1
        0.3528097369912 bend   2    5    1
   9 k  0.3300944086842 bend   4    3    1      val=   0.00883
       -0.3287353707898 bend   5    3    1
       -0.0016645168643 bend   5    4    1
       -0.0032877742959 bend   2    3    1
       -0.6237494447743 bend   2    4    1
        0.6276095819971 bend   2    5    1
  10 k  1.0000000000000 stre   2    6           val=   2.24075
  11 k  1.0000000000000 stre   2    7           val=   4.23459
  12 k -0.5668174655807 bend   7    6    2      val=   5.24478
        0.7923669561742 bend   1    6    2
       -0.2255494789972 bend   1    7    2
  13 k  0.5876943381432 bend   7    6    2      val=   5.58819
        0.1970311742043 bend   1    6    2
       -0.7847254814941 bend   1    7    2
  14 k  1.0000000000000 outp   6    1    7    2 val=  -0.01737
  15 k  1.0000000000000 stre   1    2           val=   2.84056
        15 non zero eigenvalues  of BmBt
           1           3.784967244    1    0
         1
           2           3.591476285    2    0
         2
           3           3.467658411    3    0
         3
           4           2.713221513    4    0
         4
           5           1.988788033    5    0
         5
           6           1.945780057    6    0
         6
           7           0.899650014    7    0
         7
           8           0.740435082    8    0
         8
           9           0.700758471    9    0
         9
          10           0.698048604   10    0
        10
          11           0.614750156   11    0
        11
          12           0.477262661   12    0
        12
          13           0.300037107   13    0
        13
          14           0.262838239   14    0
        14
          15           0.137229759   15    0
        15
$end
