$coord
   -0.73232107517860      0.04392949885662      0.26961354488113      ru
    2.87413126686018      0.17606048454601     -1.60175455243083      o
   -4.42583165077148     -0.28457871623212      2.31832191373940      p
   -2.38032879682166     -0.21564310527166     -3.84450661961711      p
    0.38703793097246     -4.18605842065320      0.74310972497041      p
   -0.37900714614267      4.40994566966390      0.53575978260597      p
    5.16706078814123      0.22363558156241     -0.60580552305242      c
    7.26125293186330     -0.18572359462896     -2.23223477811695      c
    9.72660117843038     -0.13828987585987     -1.32333210815429      c
   10.22790719419792      0.31608113803624      1.23276624654140      c
    8.19045641922247      0.72653769144744      2.85761485635712      c
    5.70886884306353      0.68238346307389      1.97371624515963      c
   -6.92804354523883     -2.43554728834394      1.14220453130214      c
   -6.49092093880534      2.50109567360093      2.79417712143524      c
   -4.20265184388795     -1.37384834587061      5.62556140622291      c
   -5.18849556580860      1.66734401921691     -4.73544289034348      c
   -0.17069400861778      0.72988474423993     -6.35916242009796      c
   -3.46777064067168     -3.29599498717393     -5.09916138814220      c
    2.22857119717666     -4.84443642663438      3.61571260582356      c
   -1.89861049196193     -6.82608596621988      0.91202079461184      c
    2.56998862756735     -5.42812704680022     -1.66693410308525      c
   -0.06256013640104      5.65870904141666      3.77274650888040      c
   -2.66422433887286      6.70418384143583     -0.79644324462513      c
    2.51322320142133      5.68708635401539     -0.90036015543579      c
    0.52063515827037      0.25585233989841      3.10027500547910      h
    6.88319360642750     -0.52990128593821     -4.22260557746649      h
   11.28242193344969     -0.46437431373011     -2.62769955743169      h
   12.15576917580914      0.34848775892933      1.93547830622683      h
    8.53049133802582      1.08753598973923      4.85388604396130      h
    4.12444485497542      0.97824214508268      3.24526436594288      h
   -6.18861574506054     -4.34180895343627      0.88515768205933      h
   -7.60721217716109     -1.75591534055327     -0.68751912033313      h
   -8.52698671955568     -2.50147716989687      2.45660931916751      h
   -5.45899446117672      4.02107231814357      3.73592983780050      h
   -8.13989830261923      2.00270389586235      3.94293247874565      h
   -7.14348407163891      3.19037849275080      0.95843481833628      h
   -2.98553750610695     -0.06650573278684      6.66355100853556      h
   -3.30984566280584     -3.23668238370312      5.67520355063722      h
   -6.05820179075722     -1.48417051998681      6.53867860778934      h
   -6.79930775003325      1.12949907546472     -3.55699124486254      h
   -5.69072965510076      1.36677609364764     -6.72179917267277      h
   -4.81951033475858      3.67332084492349     -4.43070800306513      h
    1.61080701784536     -0.26962144197436     -6.06640683750753      h
    0.22357935309131      2.75129029096261     -6.18155698623077      h
   -0.93858981868561      0.34076583211428     -8.24176242542716      h
   -1.92196738033246     -4.66391674387764     -5.04639673872294      h
   -4.13948956333053     -3.12146317325870     -7.05045476570506      h
   -5.00759091942700     -4.01431026902857     -3.92301612811429      h
    1.09689399805797     -4.38471777978392      5.28134661547521      h
    3.89470060174777     -3.62407469533421      3.60505629798275      h
    2.81567702395855     -6.82926308928349      3.69578258044401      h
   -0.89030955788712     -8.62375374844674      1.10543323243694      h
   -3.05892015432482     -6.88990761932676     -0.79533206590465      h
   -3.13999551239057     -6.59329210767828      2.54761033594291      h
    1.79153053572150     -5.15451635352667     -3.55831782627633      h
    2.90819793948882     -7.44520405340315     -1.34491207479933      h
    4.35432934240784     -4.39842415929837     -1.56056425967601      h
    1.56728511571736      4.74107425703058      4.64760173579081      h
   -1.73356648617740      5.19434059859752      4.89437584467343      h
    0.20927231893880      7.71149451976428      3.77228018604625      h
   -2.16667283771528      8.62667953491901     -0.20999891954324      h
   -4.59348348763776      6.29587074563212     -0.19481937386405      h
   -2.58267748331387      6.61250903603755     -2.85954684161382      h
    2.51887345497145      7.75236445589983     -0.75193181156196      h
    2.61170118957320      5.11926361780360     -2.88157803172632      h
    4.16808011488644      4.91276268859421      0.05914421189005      h
$user-defined bonds
$end
