$coord
   -1.90881373553365     -1.20512623570845     -0.11282934897328      ni
    1.54187899862502     -1.18397914307639     -0.15717674827107      c
   -3.08005326434277      2.04108621786115     -0.12370356898448      c
   -3.01179246968336     -2.81621238673111      2.73279039890319      c
   -3.08510607352502     -2.86144654564539     -2.90262904251464      c
    3.70764466861686     -1.17115869129301     -0.18459161229775      o
   -3.81514179797735      4.07850571592174     -0.13045612635025      o
   -3.70389656358743     -3.82712472004641      4.51899657000751      o
   -3.82341182959229     -3.90073802628213     -4.65369918651924      o
$user-defined bonds
$redundant
     number_of_atoms             9
     degrees_of_freedom         21
     internal_coordinates       21
     frozen_coordinates          0
# definitions of redundant internals
   1 k  1.0000000000000 stre   6    2           val=   2.16598
   2 k  1.0000000000000 linc   6    1    2    3 val=  -0.01205
   3 k  1.0000000000000 linp   6    1    2    3 val=  -0.01099
   4 k  1.0000000000000 stre   7    3           val=   2.16598
   5 k  1.0000000000000 linc   7    1    3    2 val=   0.00038
   6 k  1.0000000000000 linp   7    1    3    2 val=   0.00192
   7 k  1.0000000000000 stre   8    4           val=   2.16598
   8 k  1.0000000000000 linc   8    1    4    5 val=  -0.00965
   9 k  1.0000000000000 linp   8    1    4    5 val=   0.00044
  10 k  1.0000000000000 stre   9    5           val=   2.16598
  11 k  1.0000000000000 linc   9    1    5    4 val=  -0.00599
  12 k  1.0000000000000 linp   9    1    5    4 val=  -0.00463
  13 k  1.0000000000000 stre   1    3           val=   3.45106
  14 k  1.0000000000000 stre   1    4           val=   3.45105
  15 k  1.0000000000000 stre   1    5           val=   3.45109
  16 k  1.0000000000000 stre   1    2           val=   3.45104
  17 k  0.2307511659141 bend   4    3    1      val=   0.00911
       -0.6272409183199 bend   5    3    1
       -0.2306779428683 bend   5    4    1
        0.2307907565685 bend   2    3    1
        0.6273805367502 bend   2    4    1
       -0.2307373079459 bend   2    5    1
  18 k  0.6628374075396 bend   4    3    1      val=   0.02292
        0.1839269208426 bend   5    3    1
        0.1635877740450 bend   5    4    1
       -0.1632078570266 bend   2    3    1
       -0.1835963657090 bend   2    4    1
       -0.6631078864271 bend   2    5    1
  19 k  0.0850637955653 bend   4    3    1      val=   0.01730
        0.2697748270732 bend   5    3    1
       -0.6481610306040 bend   5    4    1
        0.6480839950622 bend   2    3    1
       -0.2695317957671 bend   2    4    1
       -0.0849277232877 bend   2    5    1
  20 k  0.3695602783542 bend   4    3    1      val=   0.01074
        0.1997068005588 bend   5    3    1
       -0.5687819594704 bend   5    4    1
       -0.5690341646947 bend   2    3    1
        0.1997309432847 bend   2    4    1
        0.3692386041020 bend   2    5    1
  21 k -0.4439214369445 bend   4    3    1      val=   0.00503
        0.5417387234646 bend   5    3    1
       -0.0979040213983 bend   5    4    1
       -0.0979475896409 bend   2    3    1
        0.5418041667174 bend   2    4    1
       -0.4435337986280 bend   2    5    1
        21 non zero eigenvalues  of BmBt
           1           3.451545163    1    0
         1
           2           3.450482398    2    0
         2
           3           3.449763108    3    0
         3
           4           2.618033125    4    0
         4
           5           1.726032828    5    0
         5
           6           1.725863386    6    0
         6
           7           1.725457169    7    0
         7
           8           0.975960660    8    0
         8
           9           0.975167286    9    0
         9
          10           0.781641520   10    0
        10
          11           0.781158658   11    0
        11
          12           0.780133253   12    0
        12
          13           0.693015801   13    0
        13
          14           0.692195697   14    0
        14
          15           0.691859632   15    0
        15
          16           0.381965473   16    0
        16
          17           0.078217289   17    0
        17
          18           0.078166847   18    0
        18
          19           0.078114605   19    0
        19
          20           0.055070322   20    0
        20
          21           0.055046933   21    0
        21
$end
