$coord
   -0.30939097445719     -4.47199443049216     -0.16598686505902      c
   -2.03465234244331     -2.47839327924649     -0.37293947053586      n
   -4.55266584950340     -2.90373659313257     -0.50513636511842      c
   -5.59750773316453     -5.29005837845313     -0.40357374720639      c
   -3.90701752997904     -7.36359604215225     -0.22775737238763      c
   -1.34763211028454     -6.97924240131326     -0.13047026694035      c
   -0.78929667815029      1.24052386524495      0.00874955423297      ru
    0.36377513078321      4.50413444865712      0.45170018665374      c
    1.09944575134747      6.57741820890533      0.70680085387920      o
   -6.10840346193754     -0.56442380559778     -0.96227729306669      c
   -4.98135331431875      1.76335144350437      0.19024524009650      n
   -5.56029390982390      1.90423864463959      2.95760967356888      c
   -3.89863451171063      0.17035475171956      4.54732887772908      c
    2.24182323888320     -3.88903121257212      0.01039683980478      c
    3.09408862481832     -0.65654415096404     -0.09391703873566      p
    4.99792966650323     -0.15120371561524     -3.09221227883741      c
    7.61199586451401     -1.41207321520036     -3.00940854108780      c
    5.16755003329039     -0.11162588711166      2.78075017430637      c
    6.61386634170498      2.39971959687271      2.63736004524996      c
    3.31639133287955      0.00209917469647      5.02378202526987      c
    7.00550964080287     -2.31126972486753      3.26480011278684      c
    3.45370225011132     -1.39912645913200     -5.22198210941516      c
    5.26123528087350      2.68079602119992     -3.68677952070727      c
   -6.06417139600755      4.07308293660634     -1.03997642506795      c
   -5.36661656551207      4.39155093084405     -3.81167259878456      c
   -7.62637365698025     -5.55622656891255     -0.50493722414345      h
   -4.65253497299221     -9.27715713639466     -0.17467210311385      h
   -0.05214810747957     -8.56437000284155      0.00222181235729      h
    3.61971863421253     -5.40657396111920      0.07673508403488      h
    4.38636772614129      0.08865436865936      6.79923762464836      h
    2.12034812976172      1.68644294143183      4.90643708831239      h
    2.11360795039953     -1.68314007040764      5.07017745062278      h
    8.02282206100804     -1.95386117114058      5.03769427594946      h
    5.97851096415126     -4.09372269303526      3.46553959518420      h
    8.40744738797903     -2.52299758653588      1.76660638370736      h
    7.51235312926561      2.76992213118839      4.47071091945856      h
    8.10903415870634      2.34959295215741      1.21179935871134      h
    5.35356277677613      3.98298553991758      2.21625891187423      h
    8.47710277140182     -1.29473802631435     -4.89164156483131      h
    8.88750079156301     -0.47840057663484     -1.67876572021927      h
    7.47339796850440     -3.41418248474337     -2.50504447331480      h
    3.29551483408475     -3.43913686816034     -4.93542220498139      h
    1.54280862146822     -0.61376929790270     -5.31539103885825      h
    4.40147911155627     -1.04297173728687     -7.03258900348812      h
    6.32770226071143      3.70072290430071     -2.24372033683814      h
    6.25867095281168      2.90421257026810     -5.49256310703061      h
    3.40103025808839      3.56280322498935     -3.85631638121045      h
   -6.16496371469033     -0.23656625215771     -3.00131667275675      h
   -8.06033065581361     -0.81346048732626     -0.29624830856395      h
   -5.22218734036281      3.86430995456475      3.51549381925669      h
   -7.57696824739117      1.49154253971592      3.26104629850519      h
   -5.32336766277460      5.67413330869070      0.03386844987917      h
   -8.13298937282267      4.04414407265238     -0.79728373771172      h
   -6.00168593997197      6.25547587600111     -4.44577933746396      h
   -3.31704447121078      4.26692958212747     -4.04028959115174      h
   -6.25868149301054      2.98240784925419     -5.03288648055923      h
   -4.25178951477102      0.53253396841050      6.55425718404358      h
   -4.22215435985405     -1.82853203186418      4.16156358953715      h
   -1.87212926413095      0.57544724279958      4.23899973961604      h
   -0.41366413245436      1.68109523110614     -2.88269650519092      h
$user-defined bonds
$end
