$coord
   -2.65430198986241      0.00000000000000      0.00000000000000      c
    2.65430198986241      0.00000000000000      0.00000000000000      c
   -1.36159508253642     -2.30597037599152      0.00000000000000      c
    1.36159508253642      2.30597037599152      0.00000000000000      c
   -1.36159508253642      2.30597037599152      0.00000000000000      c
    1.36159508253642     -2.30597037599152      0.00000000000000      c
   -4.70310708254382      0.00000000000000      0.00000000000000      h
    4.70310708254382      0.00000000000000      0.00000000000000      h
   -2.65577378894885     -4.66229575041726      0.00000000000000      c
    2.65577378894885      4.66229575041726      0.00000000000000      c
   -2.65577378894885      4.66229575041726      0.00000000000000      c
    2.65577378894885     -4.66229575041726      0.00000000000000      c
   -1.34107377427652     -6.89853099781233      0.00000000000000      c
    1.34107377427652      6.89853099781233      0.00000000000000      c
   -1.34107377427652      6.89853099781233      0.00000000000000      c
    1.34107377427652     -6.89853099781233      0.00000000000000      c
   -4.70153615782784     -4.66052617732141      0.00000000000000      h
    4.70153615782784      4.66052617732141      0.00000000000000      h
   -4.70153615782784      4.66052617732141      0.00000000000000      h
    4.70153615782784     -4.66052617732141      0.00000000000000      h
   -2.35177317390589     -8.67378650579427      0.00000000000000      h
    2.35177317390589      8.67378650579427      0.00000000000000      h
   -2.35177317390589      8.67378650579427      0.00000000000000      h
    2.35177317390589     -8.67378650579427      0.00000000000000      h
$end
