$coord
   -2.63372797028676     -4.41766633177002      3.43123719140841      c
   -1.31812349118051     -6.53091038128144      4.30064764006822      c
    1.31812349118051     -6.53091038128144      4.30064764006822      c
    2.63372797028676     -4.41766633177002      3.43123719140841      c
    1.32513012917128     -2.30929267572259      2.54944660299566      c
   -1.32513012917128     -2.30929267572259      2.54944660299566      c
    2.62402884094061      0.00000000000000      1.52072438198238      c
   -2.62402884094061      0.00000000000000      1.52072438198238      c
   -1.32513012917128      2.30929267572259      2.54944660299566      c
    1.32513012917128      2.30929267572259      2.54944660299566      c
   -2.63372797028676      4.41766633177002      3.43123719140841      c
    2.63372797028676      4.41766633177002      3.43123719140841      c
   -1.31812349118051      6.53091038128144      4.30064764006822      c
    1.31812349118051      6.53091038128144      4.30064764006822      c
   -2.63372797028676      4.41766633177002     -3.43123719140841      c
   -1.31812349118051      6.53091038128144     -4.30064764006822      c
    1.31812349118051      6.53091038128144     -4.30064764006822      c
    2.63372797028676      4.41766633177002     -3.43123719140841      c
    1.32513012917128      2.30929267572259     -2.54944660299566      c
   -1.32513012917128      2.30929267572259     -2.54944660299566      c
    2.62402884094061      0.00000000000000     -1.52072438198238      c
   -2.62402884094061      0.00000000000000     -1.52072438198238      c
   -1.32513012917128     -2.30929267572259     -2.54944660299566      c
    1.32513012917128     -2.30929267572259     -2.54944660299566      c
   -2.63372797028676     -4.41766633177002     -3.43123719140841      c
    2.63372797028676     -4.41766633177002     -3.43123719140841      c
   -1.31812349118051     -6.53091038128144     -4.30064764006822      c
    1.31812349118051     -6.53091038128144     -4.30064764006822      c
   -4.68032751110567     -4.40681060589470      3.43377363512053      h
   -2.34237424688077     -8.16125997781747      4.98293654157568      h
    2.34237424688077     -8.16125997781747      4.98293654157568      h
    4.68032751110567     -4.40681060589470      3.43377363512053      h
    4.59809699520696      0.00000000000000      2.11365497665152      h
   -4.59809699520696      0.00000000000000      2.11365497665152      h
   -4.68032751110567      4.40681060589470      3.43377363512053      h
    4.68032751110567      4.40681060589470      3.43377363512053      h
   -2.34237424688077      8.16125997781747      4.98293654157568      h
    2.34237424688077      8.16125997781747      4.98293654157568      h
   -4.68032751110567      4.40681060589470     -3.43377363512053      h
   -2.34237424688077      8.16125997781747     -4.98293654157568      h
    2.34237424688077      8.16125997781747     -4.98293654157568      h
    4.68032751110567      4.40681060589470     -3.43377363512053      h
    4.59809699520696      0.00000000000000     -2.11365497665152      h
   -4.59809699520696      0.00000000000000     -2.11365497665152      h
   -4.68032751110567     -4.40681060589470     -3.43377363512053      h
    4.68032751110567     -4.40681060589470     -3.43377363512053      h
   -2.34237424688077     -8.16125997781747     -4.98293654157568      h
    2.34237424688077     -8.16125997781747     -4.98293654157568      h
$end
