$coord
   -4.20336628844641     -0.47857244940978      0.31561295373445      c
   -3.09259323394575      0.85563850449661      2.64497009685014      c
   -2.90792708208878     -0.90401252255936      4.96308200629427      c
   -1.44396464940144      0.23225980454375      7.22983658041791      c
    1.44396464940144     -0.23225980454375      7.22983658041791      c
    2.90792708208878      0.90401252255936      4.96308200629427      c
    3.09259323394575     -0.85563850449661      2.64497009685014      c
    4.20336628844641      0.47857244940978      0.31561295373445      c
    4.38846028286657     -1.24609312858212     -2.01724428371430      c
    5.56551609578534      0.08214690404231     -4.32292858913966      c
    5.77521019800260     -1.66248272976288     -6.64449878127740      c
   -4.38846028286657      1.24609312858212     -2.01724428371430      c
   -5.56551609578534     -0.08214690404231     -4.32292858913966      c
   -5.77521019800260      1.66248272976288     -6.64449878127740      c
   -6.09607696815944     -1.22132840065008      0.77632977315704      h
   -3.01833270232908     -2.13073392453907     -0.14681751639287      h
   -1.22228545299416      1.61116250899120      2.15806725605052      h
   -4.27534782003023      2.49854654182249      3.13844748714238      h
   -2.01277421594515     -2.69874283259514      4.40105508625581      h
   -4.84429096271057     -1.38442387083902      5.55656381946714      h
   -1.79693343284761      2.28610268663703      7.30250810005767      h
   -2.20788140256853     -0.55781670076712      8.99683974826018      h
    1.79693343284761     -2.28610268663703      7.30250810005767      h
    2.20788140256853      0.55781670076712      8.99683974826018      h
    2.01277421594515      2.69874283259514      4.40105508625581      h
    4.84429096271057      1.38442387083902      5.55656381946714      h
    1.22228545299416     -1.61116250899120      2.15806725605052      h
    4.27534782003023     -2.49854654182249      3.13844748714238      h
    3.01833270232908      2.13073392453907     -0.14681751639287      h
    6.09607696815944      1.22132840065008      0.77632977315704      h
    2.48494269631577     -1.93813992170315     -2.51304714689889      h
    5.52577115170767     -2.92794463107058     -1.54258642262454      h
    4.42298539199471      1.75701060025708     -4.80060581580112      h
    7.45593350301369      0.78497618346235     -3.80077559721321      h
    3.89745979210746     -2.34063465043966     -7.22989821600000      h
    6.63906957942461     -0.68219181739803     -8.26135482617856      h
    6.94215623888575     -3.32728274254683     -6.20355571244688      h
   -2.48494269631577      1.93813992170315     -2.51304714689889      h
   -5.52577115170767      2.92794463107058     -1.54258642262454      h
   -4.42298539199471     -1.75701060025708     -4.80060581580112      h
   -7.45593350301369     -0.78497618346235     -3.80077559721321      h
   -3.89745979210746      2.34063465043966     -7.22989821600000      h
   -6.63906957942461      0.68219181739803     -8.26135482617856      h
   -6.94215623888575      3.32728274254683     -6.20355571244688      h
$end
