$coord
  -15.78861044310000     -0.35170123370000      0.00000000000000      c
  -13.32756923630000      1.20474635170000      0.00000000000000      c
  -10.94620879730000     -0.46784100960000      0.00000000000000      c
   -8.47063183560000      1.05858877460000      0.00000000000000      c
   -6.09211029520000     -0.61590201660000      0.00000000000000      c
   -3.61637934540000      0.91073432410000      0.00000000000000      c
   -1.23779951780000     -0.76343009550000      0.00000000000000      c
    1.23779951780000      0.76343009550000      0.00000000000000      c
    3.61637934540000     -0.91073432410000      0.00000000000000      c
    6.09211029520000      0.61590201660000      0.00000000000000      c
    8.47063183560000     -1.05858877460000      0.00000000000000      c
   10.94620879730000      0.46784100960000      0.00000000000000      c
   13.32756923630000     -1.20474635170000      0.00000000000000      c
   15.78861044310000      0.35170123370000      0.00000000000000      c
  -17.46808428500000      0.87330902150000      0.00000000000000      h
  -15.88267589000000     -1.57516910390000     -1.68025715870000      h
  -15.88267589000000     -1.57516910390000      1.68025715870000      h
  -13.28345174300000      2.44975184090000      1.66957093730000      h
  -13.28345174300000      2.44975184090000     -1.66957093730000      h
  -10.98516045090000     -1.71549747340000      1.66995808840000      h
  -10.98516045090000     -1.71549747340000     -1.66995808840000      h
   -8.43220583780000      2.30579825340000      1.66993212280000      h
   -8.43220583780000      2.30579825340000     -1.66993212280000      h
   -6.12997243260000     -1.86315898950000      1.66984844730000      h
   -6.12997243260000     -1.86315898950000     -1.66984844730000      h
   -3.57834095090000      2.15800281910000      1.66985837620000      h
   -3.57834095090000      2.15800281910000     -1.66985837620000      h
   -1.27559238840000     -2.01070833090000      1.66986085730000      h
   -1.27559238840000     -2.01070833090000     -1.66986085730000      h
    1.27559238840000      2.01070833090000      1.66986085730000      h
    1.27559238840000      2.01070833090000     -1.66986085730000      h
    3.57834095090000     -2.15800281910000      1.66985837620000      h
    3.57834095090000     -2.15800281910000     -1.66985837620000      h
    6.12997243260000      1.86315898950000      1.66984844730000      h
    6.12997243260000      1.86315898950000     -1.66984844730000      h
    8.43220583780000     -2.30579825340000      1.66993212280000      h
    8.43220583780000     -2.30579825340000     -1.66993212280000      h
   10.98516045090000      1.71549747340000      1.66995808840000      h
   10.98516045090000      1.71549747340000     -1.66995808840000      h
   13.28345174300000     -2.44975184090000      1.66957093730000      h
   13.28345174300000     -2.44975184090000     -1.66957093730000      h
   15.88267589000000      1.57516910390000      1.68025715870000      h
   17.46808428500000     -0.87330902150000      0.00000000000000      h
   15.88267589000000      1.57516910390000     -1.68025715870000      h
$end
