$coord
    3.54786454630000      0.79403301320000      5.21024670874117      c
    3.02109448510000     -0.69480021010000      7.65242229304117      c
    2.90715145960000      0.99365311360000     10.03623778524118      c
    1.45188746270000     -0.19920914480000     12.28123641704116      c
   -1.45188746270000      0.19920914480000     12.28123641704116      c
   -2.90715145960000     -0.99365311360000     10.03623778524118      c
   -3.02109448510000      0.69480021010000      7.65242229304117      c
   -3.54786454630000     -0.79403301320000      5.21024670874117      c
   -3.28066119510000      0.82866323320000      2.81300825714117      c
   -3.57137827870000     -0.70238273710000      0.35998432514118      c
   -3.22859869610000      0.90447352420000     -2.03755909935883      c
   -3.51758555220000     -0.63183914120000     -4.48766132455883      c
   -3.19776189860000      0.97165697940000     -6.89051656355883      c
   -3.51097472150000     -0.56622680460000     -9.33875196505883      c
   -3.22034004960000      1.06167313140000    -11.73345472565883      c
    3.28066119510000     -0.82866323320000      2.81300825714117      c
    3.57137827870000      0.70238273710000      0.35998432514118      c
    3.22859869610000     -0.90447352420000     -2.03755909935883      c
    3.51758555220000      0.63183914120000     -4.48766132455883      c
    3.19776189860000     -0.97165697940000     -6.89051656355883      c
    3.51097472150000      0.56622680460000     -9.33875196505883      c
    3.22034004960000     -1.06167313140000    -11.73345472565883      c
    5.44763020500000      1.64737070510000      5.28169045594117      h
    2.19566291550000      2.37598944370000      5.09480203874117      h
    1.22758812110000     -1.70432760410000      7.41741863484117      h
    4.47723395710000     -2.16007552790000      7.91603469914117      h
    2.01899659670000      2.81419958140000      9.55145069574117      h
    4.85177797920000      1.44015154820000     10.62736483294117      h
    1.85002739890000     -2.24515306210000     12.33830220724117      h
    2.18724484080000      0.59371618460000     14.05913722184117      h
   -1.85002739890000      2.24515306210000     12.33830220724117      h
   -2.18724484080000     -0.59371618460000     14.05913722184117      h
   -2.01899659670000     -2.81419958140000      9.55145069574117      h
   -4.85177797920000     -1.44015154820000     10.62736483294117      h
   -1.22758812110000      1.70432760410000      7.41741863484117      h
   -4.47723395710000      2.16007552790000      7.91603469914117      h
   -2.19566291550000     -2.37598944370000      5.09480203874117      h
   -5.44763020500000     -1.64737070510000      5.28169045594117      h
   -1.40592037060000      1.73218617040000      2.82459644374118      h
   -4.68541506500000      2.36749593240000      2.84419192654118      h
   -2.16688676910000     -2.24193663460000      0.35431471944117      h
   -5.44676838700000     -1.61099358780000      0.32241470914117      h
   -1.34539934230000      1.78719104350000     -2.00201666515882      h
   -4.61735785660000      2.45841169580000     -2.03091719115882      h
   -2.11251494830000     -2.16968009900000     -4.49745892895883      h
   -5.39220599960000     -1.54283932350000     -4.51227086475883      h
   -1.31622155280000      1.85780658760000     -6.87696340925882      h
   -4.58887061860000      2.52388730040000     -6.87103924925883      h
   -2.10112117390000     -2.09747595260000     -9.35775528605883      h
   -5.38174322520000     -1.48178298510000     -9.33152834735882      h
   -1.34047988800000      1.94328906500000    -11.79395169615882      h
   -3.45001028270000     -0.07293169100000    -13.45971444615883      h
   -4.64278706870000      2.57931463440000    -11.76329460915882      h
    1.40592037060000     -1.73218617040000      2.82459644374118      h
    4.68541506500000     -2.36749593240000      2.84419192654118      h
    2.16688676910000      2.24193663460000      0.35431471944117      h
    5.44676838700000      1.61099358780000      0.32241470914117      h
    1.34539934230000     -1.78719104350000     -2.00201666515882      h
    4.61735785660000     -2.45841169580000     -2.03091719115882      h
    2.11251494830000      2.16968009900000     -4.49745892895883      h
    5.39220599960000      1.54283932350000     -4.51227086475883      h
    1.31622155280000     -1.85780658760000     -6.87696340925882      h
    4.58887061860000     -2.52388730040000     -6.87103924925883      h
    2.10112117390000      2.09747595260000     -9.35775528605883      h
    5.38174322520000      1.48178298510000     -9.33152834735882      h
    1.34047988800000     -1.94328906500000    -11.79395169615882      h
    3.45001028270000      0.07293169100000    -13.45971444615883      h
    4.64278706870000     -2.57931463440000    -11.76329460915882      h
$end
