$coord
  -11.55170306087300     -6.74765542705506      0.00000000000000      c
  -10.10690673337319     -4.22386585951680      0.00000000000000      c
   -7.21762398036493     -4.55828507276439      0.00000000000000      c
   -5.77449813132640     -2.03340374368110      0.00000000000000      c
   -2.88476697767487     -2.36252046905555      0.00000000000000      c
   -1.44488772695360      0.16431936024356      0.00000000000000      c
    1.44488772695360     -0.16431936024356      0.00000000000000      c
    2.88476697767487      2.36252046905555      0.00000000000000      c
    5.77449813132640      2.03340374368110      0.00000000000000      c
    7.21762398036493      4.55828507276439      0.00000000000000      c
   10.10690673337319      4.22386585951680      0.00000000000000      c
   11.55170306087300      6.74765542705506      0.00000000000000      c
   14.44124459076912      6.41576952651132      0.00000000000000      c
   15.88261315112483      8.94176233411131      0.00000000000000      c
   18.77222975484635      8.61310931282639      0.00000000000000      c
   20.21202971775118     11.14149975981365      0.00000000000000      c
   23.10196585138743     10.78768548681581      0.00000000000000      c
  -14.44124459076912     -6.41576952651132      0.00000000000000      c
  -15.88261315112483     -8.94176233411131      0.00000000000000      c
  -18.77222975484635     -8.61310931282639      0.00000000000000      c
  -20.21202971775118    -11.14149975981365      0.00000000000000      c
  -23.10196585138743    -10.78768548681581      0.00000000000000      c
  -10.98848363567879     -7.86131242048638      1.66973978330924      h
  -10.98848363567879     -7.86131242048638     -1.66973978330924      h
  -10.66944266326372     -3.10984460200088     -1.66977744111016      h
  -10.66944266326372     -3.10984460200088      1.66977744111016      h
   -6.65486233949992     -5.67212536435000     -1.66978822939742      h
   -6.65486233949992     -5.67212536435000      1.66978822939742      h
   -6.33902026022685     -0.92035843059257     -1.66968678001954      h
   -6.33902026022685     -0.92035843059257      1.66968678001954      h
   -2.31957911870797     -3.47512039179578     -1.66977758553821      h
   -2.31957911870797     -3.47512039179578      1.66977758553821      h
   -2.00979414111968      1.27712731710287     -1.66974516457237      h
   -2.00979414111968      1.27712731710287      1.66974516457237      h
    2.00979414111968     -1.27712731710287     -1.66974516457237      h
    2.00979414111968     -1.27712731710287      1.66974516457237      h
    2.31957911870797      3.47512039179578     -1.66977758553821      h
    2.31957911870797      3.47512039179578      1.66977758553821      h
    6.33902026022685      0.92035843059257     -1.66968678001954      h
    6.33902026022685      0.92035843059257      1.66968678001954      h
    6.65486233949992      5.67212536435000     -1.66978822939742      h
    6.65486233949992      5.67212536435000      1.66978822939742      h
   10.66944266326372      3.10984460200088     -1.66977744111016      h
   10.66944266326372      3.10984460200088      1.66977744111016      h
   10.98848363567879      7.86131242048638     -1.66973978330924      h
   10.98848363567879      7.86131242048638      1.66973978330924      h
   15.00530510853647      5.30282856667778     -1.66983957108604      h
   15.00530510853647      5.30282856667778      1.66983957108604      h
   15.31818284503017     10.05455933229918     -1.66992590078608      h
   15.31818284503017     10.05455933229918      1.66992590078608      h
   19.33846414404447      7.50074304075667     -1.67003061349925      h
   19.33846414404447      7.50074304075667      1.67003061349925      h
   19.63984968900944     12.24798438533498     -1.66952387867955      h
   19.63984968900944     12.24798438533498      1.66952387867955      h
   23.71049817950964      9.72222842941824     -1.68034360259377      h
   24.09484323074180     12.61405003041146      0.00000000000000      h
   23.71049817950964      9.72222842941824      1.68034360259377      h
  -15.00530510853647     -5.30282856667778     -1.66983957108604      h
  -15.00530510853647     -5.30282856667778      1.66983957108604      h
  -15.31818284503017    -10.05455933229918     -1.66992590078608      h
  -15.31818284503017    -10.05455933229918      1.66992590078608      h
  -19.33846414404447     -7.50074304075667     -1.67003061349925      h
  -19.33846414404447     -7.50074304075667      1.67003061349925      h
  -19.63984968900944    -12.24798438533498     -1.66952387867955      h
  -19.63984968900944    -12.24798438533498      1.66952387867955      h
  -23.71049817950964     -9.72222842941824     -1.68034360259377      h
  -24.09484323074180    -12.61405003041146      0.00000000000000      h
  -23.71049817950964     -9.72222842941824      1.68034360259377      h
$end
