$coord
    0.00000000000000      0.00000000000000     -1.47807934191286      c
    0.00000000000000      0.00000000000000      1.47807934191286      c
    2.14835190336600     -1.63599355693769     -2.52617919842986      c
    0.34263602905270      2.67852410305245     -2.52617919842986      c
   -2.49098793241870     -1.04253054611476     -2.52617919842986      c
    2.14835190336600      1.63599355693769      2.52617919842986      c
    0.34263602905270     -2.67852410305245      2.52617919842986      c
   -2.49098793241870      1.04253054611476      2.52617919842986      c
    3.97102774120850     -1.14578623404091     -1.69324181759085      h
    1.80733987079338     -3.64363307102095     -2.20273286072211      h
    2.29870905388167     -1.35126588264652     -4.56629756232587      h
    2.25180886617656      3.38701877689003     -2.20273286072211      h
    0.02087605469825      2.66637337789408     -4.56629756232587      h
   -0.99323388461832      4.01190402003975     -1.69324181759085      h
   -2.97779385659018     -2.86611778599884     -1.69324181759085      h
   -4.05914873696994      0.25661429413092     -2.20273286072211      h
   -2.31958510857992     -1.31510749524756     -4.56629756232587      h
    3.97102774120850      1.14578623404091      1.69324181759085      h
    1.80733987079338      3.64363307102095      2.20273286072211      h
    2.29870905388167      1.35126588264652      4.56629756232587      h
    2.25180886617656     -3.38701877689003      2.20273286072211      h
    0.02087605469825     -2.66637337789408      4.56629756232587      h
   -0.99323388461832     -4.01190402003975      1.69324181759085      h
   -2.97779385659018      2.86611778599884      1.69324181759085      h
   -4.05914873696994     -0.25661429413092      2.20273286072211      h
   -2.31958510857992      1.31510749524756      4.56629756232587      h
$end
