$coord
   -8.42906726792371     -0.50685360354785      0.00000000000000      c
   -5.98272469198327      1.01405603367231      0.00000000000000      c
   -3.63574237133041     -0.65521350484313      0.00000000000000      c
   -1.17249224414226      0.83573198687852      0.00000000000000      c
    1.17249224414226     -0.83573198687852      0.00000000000000      c
    3.63574237133041      0.65521350484313      0.00000000000000      c
    5.98272469198327     -1.01405603367231      0.00000000000000      c
    8.42906726792371      0.50685360354785      0.00000000000000      c
  -10.08545056110654      0.71990189016964      0.00000000000000      h
   -8.53638759674950     -1.71748743405413     -1.66657845920882      h
   -8.53638759674950     -1.71748743405413      1.66657845920882      h
   -5.92982746947456      2.24653286192231      1.65854269640428      h
   -5.92982746947456      2.24653286192231     -1.65854269640428      h
   -3.68035469173524     -1.89028402392402      1.66006925656190      h
   -3.68035469173524     -1.89028402392402     -1.66006925656190      h
   -1.12521678629703      2.07015416073293      1.66023924286326      h
   -1.12521678629703      2.07015416073293     -1.66023924286326      h
    1.12521678629703     -2.07015416073293      1.66023924286326      h
    1.12521678629703     -2.07015416073293     -1.66023924286326      h
    3.68035469173524      1.89028402392402      1.66006925656190      h
    3.68035469173524      1.89028402392402     -1.66006925656190      h
    5.92982746947456     -2.24653286192231      1.65854269640428      h
    5.92982746947456     -2.24653286192231     -1.65854269640428      h
    8.53638759674950      1.71748743405413      1.66657845920882      h
   10.08545056110654     -0.71990189016964      0.00000000000000      h
    8.53638759674950      1.71748743405413     -1.66657845920882      h
$end
