$coord
   -1.22579692459838      2.30753138104892      2.91510953619209      c
   -2.66756550451085      0.10072220898200      2.63538591502519      c
   -1.40787342478674     -2.21178553238024      2.92390209010301      c
    1.22579692459838     -2.30753138104892      2.91510953619209      c
    2.66756550451085     -0.10072220898200      2.63538591502519      c
    5.27776327059377     -0.22611292170812      1.49973372106320      c
   -5.27776327059377      0.22611292170812      1.49973372106320      c
    5.27776327059377      0.22611292170812     -1.49973372106320      c
   -5.27776327059377     -0.22611292170812     -1.49973372106320      c
    2.66756550451085      0.10072220898200     -2.63538591502519      c
    1.40787342478674     -2.21178553238024     -2.92390209010301      c
   -1.22579692459838     -2.30753138104892     -2.91510953619209      c
   -2.66756550451085     -0.10072220898200     -2.63538591502519      c
   -1.40787342478674      2.21178553238024     -2.92390209010301      c
    1.22579692459838      2.30753138104892     -2.91510953619209      c
    1.40787342478674      2.21178553238024      2.92390209010301      c
   -2.17205873995502      4.14031983098413      2.84354201109636      h
   -2.48540517203529     -3.97104796873235      2.86132995753878      h
    2.17205873995502     -4.14031983098413      2.84354201109636      h
    6.53839082018647      1.19038237122145      2.35033396980888      h
    6.09965180150989     -2.09648551042666      1.87520622029760      h
   -6.09965180150989      2.09648551042666      1.87520622029760      h
   -6.53839082018647     -1.19038237122145      2.35033396980888      h
    6.09965180150989      2.09648551042666     -1.87520622029760      h
    6.53839082018647     -1.19038237122145     -2.35033396980888      h
   -6.53839082018647      1.19038237122145     -2.35033396980888      h
   -6.09965180150989     -2.09648551042666     -1.87520622029760      h
    2.48540517203529     -3.97104796873235     -2.86132995753878      h
   -2.17205873995502     -4.14031983098413     -2.84354201109636      h
   -2.48540517203529      3.97104796873235     -2.86132995753878      h
    2.17205873995502      4.14031983098413     -2.84354201109636      h
    2.48540517203529      3.97104796873235      2.86132995753878      h
$end
