$coord
    0.00000000000000      2.68673819497727      0.01299104725543      c
    0.00000000000000      1.31646208389457     -2.25907726110522      c
    0.00000000000000     -1.31646208389457     -2.25907726110522      c
    0.00000000000000     -2.68673819497727      0.01299104725543      c
    0.00000000000000     -1.32131621310295      2.27629754894597      c
    0.00000000000000      1.32131621310295      2.27629754894597      c
    0.00000000000000      5.53386506184282     -0.00165486485627      c
    0.00000000000000     -5.53386506184282     -0.00165486485627      c
    0.00000000000000      2.33599210624993     -4.05420419327648      h
    0.00000000000000     -2.33599210624993     -4.05420419327648      h
    0.00000000000000     -2.34367121952440      4.06923527613470      h
    0.00000000000000      2.34367121952440      4.06923527613470      h
    0.00000000000000      6.29223524533602      1.93072941624223      h
   -1.67352314164156      6.27997657379230     -0.98715848467016      h
    1.67352314164156      6.27997657379230     -0.98715848467016      h
    0.00000000000000     -6.29223524533602      1.93072941624223      h
   -1.67352314164156     -6.27997657379230     -0.98715848467016      h
    1.67352314164156     -6.27997657379230     -0.98715848467016      h
$end
