$coord
    0.00000000000000    -11.99493525602856     -0.69507912857104      c
    0.00000000000000     -9.61157066554375      0.91822657189101      c
    0.00000000000000     -7.20874099444937     -0.66388714109116      c
    0.00000000000000     -4.80282401952191      0.91169959183365      c
    0.00000000000000     -2.40418943496772     -0.67715780078414      c
    0.00000000000000      0.00000000000000      0.90227384366287      c
    0.00000000000000      2.40418943496772     -0.67715780078414      c
    0.00000000000000      4.80282401952191      0.91169959183365      c
    0.00000000000000      7.20874099444937     -0.66388714109116      c
    0.00000000000000      9.61157066554375      0.91822657189101      c
    0.00000000000000     11.99493525602856     -0.69507912857104      c
    0.00000000000000    -13.69681448759782      0.46423117743508      h
   -1.66656648360998    -12.04900059358410     -1.90685843312713      h
    1.66656648360998    -12.04900059358410     -1.90685843312713      h
    1.65840609849402     -9.60416319312329      2.15002758418078      h
   -1.65840609849402     -9.60416319312329      2.15002758418078      h
    1.65797871679860     -7.20826161049998     -1.90048876449906      h
   -1.65797871679860     -7.20826161049998     -1.90048876449906      h
    1.65923301011441     -4.79772622131999      2.14641260421142      h
   -1.65923301011441     -4.79772622131999      2.14641260421142      h
    1.65911944309760     -2.40716107708723     -1.91233133231710      h
   -1.65911944309760     -2.40716107708723     -1.91233133231710      h
    1.65907370468613      0.00000000000000      2.13730649055737      h
   -1.65907370468613      0.00000000000000      2.13730649055737      h
    1.65911944309760      2.40716107708723     -1.91233133231710      h
   -1.65911944309760      2.40716107708723     -1.91233133231710      h
    1.65923301011441      4.79772622131999      2.14641260421142      h
   -1.65923301011441      4.79772622131999      2.14641260421142      h
    1.65797871679860      7.20826161049998     -1.90048876449906      h
   -1.65797871679860      7.20826161049998     -1.90048876449906      h
    1.65840609849402      9.60416319312329      2.15002758418078      h
   -1.65840609849402      9.60416319312329      2.15002758418078      h
    1.66656648360998     12.04900059358410     -1.90685843312713      h
    0.00000000000000     13.69681448759782      0.46423117743508      h
   -1.66656648360998     12.04900059358410     -1.90685843312713      h
$end
