$coord
   -4.78241723399452     -0.74980806803302     -1.25915936597097      c
   -2.55133179387184      0.00165815633773      0.45442160851874      c
    0.00000000000000      0.00000000000000     -1.11100932617491      c
    2.55133179387184     -0.00165815633773      0.45442160851874      c
    4.78241723399452      0.74980806803302     -1.25915936597097      c
   -2.60656957737364     -1.89415940777408      2.64206224055004      c
   -3.24906044565675      2.61304691836495      1.51740561709597      c
    0.01121397158445     -2.32630617764317     -2.85192286506392      c
   -0.01121397158445      2.32630617764317     -2.85192286506392      c
    3.24906044565675     -2.61304691836495      1.51740561709597      c
    2.60656957737364      1.89415940777408      2.64206224055004      c
   -4.72432546173171     -2.74045058593334     -1.78161958812072      h
   -6.54164401860800     -0.43556096429068     -0.22701935600371      h
   -4.87599029315811      0.37265856570727     -2.98381301694102      h
    4.87599029315811     -0.37265856570727     -2.98381301694102      h
    4.72432546173171      2.74045058593334     -1.78161958812072      h
    6.54164401860800      0.43556096429068     -0.22701935600371      h
   -2.14859109872724     -3.80323053697783      2.01594834187628      h
   -1.33991727322146     -1.38210368447951      4.17864393142505      h
   -4.51890928460903     -1.95074337335186      3.42005143908457      h
   -3.62839025558735      3.96707341749478      0.01186983843478      h
   -4.98508466861374      2.43139870196252      2.62099324750301      h
   -1.81856890042780      3.40802168568809      2.75365619322623      h
   -0.44183673690581     -4.06623663752089     -1.84490165154458      h
   -1.35327428895573     -2.10030621696241     -4.37717224178524      h
    1.85474974507291     -2.57635256624139     -3.73393970919699      h
    0.44183673690581      4.06623663752089     -1.84490165154458      h
    1.35327428895573      2.10030621696241     -4.37717224178524      h
   -1.85474974507291      2.57635256624139     -3.73393970919699      h
    3.62839025558735     -3.96707341749478      0.01186983843478      h
    4.98508466861374     -2.43139870196252      2.62099324750301      h
    1.81856890042780     -3.40802168568809      2.75365619322623      h
    2.14859109872724      3.80323053697783      2.01594834187628      h
    1.33991727322146      1.38210368447951      4.17864393142505      h
    4.51890928460903      1.95074337335186      3.42005143908457      h
$end
