$coord
   27.03054582248875     20.08549719360574     21.72678939929671      ru
   25.79954086050910     17.88305032736846     18.17954479482780      cl
   30.14885443285017     20.84497444418628     24.66420699040593      cl
   26.28591955487258     23.32179716415515     20.72825599560958      c
   24.70231942885151     24.40181474989602     21.47813383212527      h
   30.80639130087248     27.57086449370353     15.59860165586758      c
   28.84040494552637     28.72073077383495     16.93341710816201      c
   27.36858213280453     27.30155166297239     18.58353534238735      c
   27.84053196078460     24.70024186073489     18.94356962165362      c
   29.82627250122304     23.56908480429572     17.56657466950873      c
   31.28935362890943     24.99135725595726     15.91806941487045      c
   24.39086413492143     19.36137856797085     24.11411668149267      c
   22.59972854243992     20.83745124509647     25.23479897898565      n
   20.95926993075542     19.40499356713704     26.97870222907542      c
   22.39756590384357     16.91099976404645     27.28948185030045      c
   24.19845890412183     17.01209521810794     25.17565089489326      n
   28.46632620652154     10.69626165132504     22.78441330745156      c
   29.30676684662626     12.18832204484352     24.78769438430806      c
   27.91928627291159     14.26223689443586     25.66738494382934      c
   25.65781912656473     14.85995806570986     24.41723336598666      c
   24.68168943988482     13.30967312643092     22.48644011152609      c
   26.12346083137559     11.25682748695355     21.69033645694254      c
   20.66941969900357     28.27993619753537     23.12634997075994      c
   19.68764776533513     26.20927369077048     21.80699479928095      c
   20.28802547436004     23.72745530176453     22.47498748096611      c
   21.91267111155223     23.35195856311579     24.53856499922652      c
   22.94215500925319     25.37598856647492     25.90186444537749      c
   22.29360338932456     27.82716529375794     25.16067192578283      c
   28.79137866429052     15.67683781572637     27.97864116067116      c
   22.11382434215717     13.81637107696970     21.36822818364703      c
   30.04657517665096      8.53691971260583     21.80199947529169      c
   19.39648784493513     21.52596303377269     20.90529668827999      c
   24.81263875556364     24.90696273982307     27.99497038655960      c
   19.97378966844134     30.94251059170014     22.37871329847536      c
   31.95446116511489     28.67614264882750     14.30449893956816      h
   28.45819886063406     30.72213066930729     16.67942580844430      h
   25.83560540207320     28.17736867793804     19.63492203551984      h
   30.18558388442210     21.55473733180947     17.76455708451488      h
   32.80711920654654     24.09459418124149     14.86688440311644      h
   20.73605885401469     20.43605209553427     28.75455998191633      h
   19.08442205441977     19.13829936826274     26.13344543368819      h
   23.41658659206105     16.81044718351532     29.09265057713782      h
   21.17981546392330     15.25052596466281     27.12496491990196      h
   31.08834806338682     11.73255873853598     25.70828949574129      h
   25.40720455092224     10.07274462289305     20.16985542967096      h
   18.46030527632507     26.53179042469845     20.18885521698799      h
   23.10553574999762     29.41916135679561     26.17779577836717      h
   27.99459945452162     17.57416235555600     28.06766367413414      h
   28.23600354160669     14.63518130245638     29.68631823996436      h
   30.84802941599635     15.86213849887608     27.99231004976824      h
   21.76077538640081     12.55347578844644     19.77331587444388      h
   20.62421351536440     13.50095189730761     22.77822763804306      h
   21.96260279209748     15.76141110736174     20.69675164263947      h
   28.86737315709168      6.91666133437464     21.28693162613787      h
   31.08478928408178      9.11172785580615     20.10168732170760      h
   31.43225977852289      7.92084439833674     23.20684883468224      h
   21.00490868345682     20.62466747376234     19.95726687956114      h
   18.47270455662490     20.07532513773623     22.05753503977317      h
   18.05762155071583     22.15515333615581     19.46439127160484      h
   25.39377820421367     26.68899342301738     28.86260067623487      h
   24.01267548115481     23.69781050723518     29.47469618327326      h
   26.49400346191288     23.94447608102201     27.26199424244577      h
   21.42286099654285     32.29023699513520     22.97719440096749      h
   19.73083118550273     31.10589996739499     20.33116658610638      h
   18.18635272682350     31.51126259121256     23.26298483311164      h
$user-defined bonds
$redundant
     number_of_atoms            65
     degrees_of_freedom        189
     internal_coordinates      189
     frozen_coordinates          0
# definitions of redundant internals
   1 k  1.0000000000000 stre   1    3           val=   4.35076
   2 k  1.0000000000000 stre   1    2           val=   4.35306
   3 k  0.0102307806355 bend   2    3    1      val=  -1.07210
        0.5344485617293 bend   4    3    1
       -0.5352891289418 bend   4    2    1
        0.4590200201451 bend  12    3    1
       -0.4658607469360 bend  12    2    1
   4 k -0.6489454516558 bend   2    3    1      val= -12.11807
        0.5041309725074 bend   4    3    1
        0.5232995068213 bend   4    2    1
       -0.1409706894770 bend  12    3    1
       -0.1760870642691 bend  12    2    1
   5 k -0.5554623444633 bend   2    3    1      val=  -2.72340
       -0.1377127838378 bend   4    3    1
       -0.2154965087783 bend   4    2    1
        0.5235331265913 bend  12    3    1
        0.5932715171967 bend  12    2    1
   6 k -0.0232067582879 bend   2    3    1      val=  -1.89338
       -0.4883257975214 bend   4    3    1
        0.4332133862518 bend   4    2    1
        0.5786507382570 bend  12    3    1
       -0.4883531989573 bend  12    2    1
   7 k  1.0000000000000 stre   4    5           val=   2.05829
   8 k -0.7068379543129 bend   1    5    4      val=  -4.53585
        0.7073755058968 bend   9    5    4
   9 k  1.0000000000000 outp   5    9    1    4 val=  -2.38623
  10 k  1.0000000000000 stre   6   35           val=   2.05290
  11 k -0.7071067764629 bend   7   35    6      val=  -0.04542
        0.7071067859102 bend  11   35    6
  12 k  1.0000000000000 outp  35   11    7    6 val=   0.28916
  13 k  1.0000000000000 stre   7   36           val=   2.05334
  14 k  0.7071067891026 bend   8   36    7      val=  -0.02428
       -0.7071067732704 bend   6   36    7
  15 k  1.0000000000000 outp  36    6    8    7 val=   0.12518
  16 k  1.0000000000000 stre   8   37           val=   2.05487
  17 k  0.7071073347902 bend   7   37    8      val=   1.00766
       -0.7071062275825 bend   9   37    8
  18 k  1.0000000000000 outp  37    9    7    8 val=   0.36493
  19 k  1.0000000000000 stre  10   38           val=   2.05570
  20 k  0.7071128443559 bend  11   38   10      val=  -0.04788
       -0.7071007179652 bend   9   38   10
  21 k  1.0000000000000 outp  38    9   11   10 val=   1.27397
  22 k  1.0000000000000 stre  11   39           val=   2.05251
  23 k  0.7071067846550 bend  10   39   11      val=  -0.06938
       -0.7071067777181 bend   6   39   11
  24 k  1.0000000000000 outp  39    6   10   11 val=  -0.27003
  25 k  1.0000000000000 stre  14   40           val=   2.06557
  26 k  1.0000000000000 stre  14   41           val=   2.07380
  27 k  0.0587263922568 bend  41   40   14      val=   1.33701
        0.4989310728112 bend  13   40   14
        0.4949081538161 bend  13   41   14
       -0.5052371205598 bend  15   40   14
       -0.4974136776676 bend  15   41   14
  28 k  0.0113199933453 bend  41   40   14      val=   0.05515
       -0.4981284910163 bend  13   40   14
        0.4919944330912 bend  13   41   14
       -0.5052416939047 bend  15   40   14
        0.5043928753819 bend  15   41   14
  29 k -0.8769892759952 bend  41   40   14      val=   6.06072
        0.2599837675109 bend  13   40   14
        0.2710479986096 bend  13   41   14
        0.2056435522210 bend  15   40   14
        0.2180411940436 bend  15   41   14
  30 k -0.0000966469338 bend  41   40   14      val=   0.13681
       -0.5017370981881 bend  13   40   14
        0.5079717510711 bend  13   41   14
        0.4922758780052 bend  15   40   14
       -0.4978845599224 bend  15   41   14
  31 k  1.0000000000000 stre  15   43           val=   2.06571
  32 k  1.0000000000000 stre  15   42           val=   2.07363
  33 k  0.0534817711331 bend  42   43   15      val=   1.37401
        0.5017278316358 bend  16   43   15
        0.4936771090939 bend  16   42   15
       -0.5052532310126 bend  14   43   15
       -0.4963979931733 bend  14   42   15
  34 k  0.0148274524386 bend  42   43   15      val=   0.09895
       -0.5001231160163 bend  16   43   15
        0.4949877040687 bend  16   42   15
       -0.5036332908235 bend  14   43   15
        0.5009967032580 bend  14   42   15
  35 k -0.8761700521036 bend  42   43   15      val=   6.30280
        0.2564667721988 bend  16   43   15
        0.2712856395520 bend  16   42   15
        0.2079490213804 bend  14   43   15
        0.2229621959760 bend  14   42   15
  36 k -0.0003265569388 bend  42   43   15      val=  -0.07627
        0.4982372966790 bend  16   43   15
       -0.5064805229247 bend  16   42   15
       -0.4932706165695 bend  14   43   15
        0.5019173918939 bend  14   42   15
  37 k  1.0000000000000 stre  18   44           val=   2.05651
  38 k  0.7071067966319 bend  17   44   18      val=   0.38902
       -0.7071067657412 bend  19   44   18
  39 k  1.0000000000000 outp  44   19   17   18 val=   0.23912
  40 k  1.0000000000000 stre  22   45           val=   2.05595
  41 k -0.7071067795251 bend  21   45   22      val=   0.33480
        0.7071067828480 bend  17   45   22
  42 k  1.0000000000000 outp  45   17   21   22 val=  -0.37309
  43 k  1.0000000000000 stre  24   46           val=   2.05640
  44 k -0.7071066077593 bend  25   46   24      val=   0.29522
        0.7071069546138 bend  23   46   24
  45 k  1.0000000000000 outp  46   23   25   24 val=   1.32283
  46 k  1.0000000000000 stre  28   47           val=   2.05627
  47 k  0.7071076498012 bend  23   47   28      val=   0.26983
       -0.7071059125708 bend  27   47   28
  48 k  1.0000000000000 outp  47   27   23   28 val=   0.98325
  49 k  0.4082482904639 tors  48   29   19   18 val=  67.89341
        0.4082482904639 tors  48   29   19   20
        0.4082482904639 tors  50   29   19   18
        0.4082482904639 tors  50   29   19   20
        0.4082482904639 tors  49   29   19   18
        0.4082482904639 tors  49   29   19   20
  50 k  1.0000000000000 stre  29   48           val=   2.05976
  51 k  1.0000000000000 stre  29   50           val=   2.06503
  52 k  1.0000000000000 stre  29   49           val=   2.07597
  53 k  0.4061714609706 bend  50   48   29      val=   1.61593
        0.4459680389849 bend  49   48   29
        0.4045190769484 bend  49   50   29
       -0.3996303991667 bend  19   48   29
       -0.4079769370182 bend  19   50   29
       -0.3825597101171 bend  19   49   29
  54 k -0.3142734527797 bend  50   48   29      val=   0.75249
       -0.3397717486345 bend  49   48   29
        0.6828871554449 bend  49   50   29
       -0.4623215213248 bend  19   48   29
        0.2403413650886 bend  19   50   29
        0.2189687826687 bend  19   49   29
  55 k  0.6195954831774 bend  50   48   29      val=   0.15058
       -0.5725123463517 bend  49   48   29
       -0.0034817469423 bend  49   50   29
       -0.0043427925397 bend  19   48   29
        0.3629040664033 bend  19   50   29
       -0.3957280716353 bend  19   49   29
  56 k -0.4328102789944 bend  50   48   29      val=   1.22753
        0.1550000959944 bend  49   48   29
        0.2933959086115 bend  49   50   29
        0.4229795772812 bend  19   48   29
        0.2514114026194 bend  19   50   29
       -0.6785644090906 bend  19   49   29
  57 k -0.0637972146788 bend  50   48   29      val=   0.19517
        0.4169548741217 bend  49   48   29
       -0.3636793115538 bend  49   50   29
       -0.5183454502835 bend  19   48   29
        0.6400176512849 bend  19   50   29
       -0.1072907587233 bend  19   49   29
  58 k  0.4082482904639 tors  53   30   21   20 val=  82.97990
        0.4082482904639 tors  53   30   21   22
        0.4082482904639 tors  51   30   21   20
        0.4082482904639 tors  51   30   21   22
        0.4082482904639 tors  52   30   21   20
        0.4082482904639 tors  52   30   21   22
  59 k  1.0000000000000 stre  30   53           val=   2.06323
  60 k  1.0000000000000 stre  30   51           val=   2.06477
  61 k  1.0000000000000 stre  30   52           val=   2.07522
  62 k  0.4186342673037 bend  51   53   30      val=   1.68757
        0.4336501604666 bend  52   53   30
        0.4053438883596 bend  52   51   30
       -0.3973818935608 bend  21   53   30
       -0.4035736624142 bend  21   51   30
       -0.3893650605942 bend  21   52   30
  63 k -0.3759528289106 bend  51   53   30      val=   0.68455
       -0.2812457389041 bend  52   53   30
        0.6813729953216 bend  52   51   30
       -0.4593165619917 bend  21   53   30
        0.1990054546907 bend  21   51   30
        0.2543939286076 bend  21   52   30
  64 k  0.5735616676298 bend  51   53   30      val=   0.05780
       -0.6107331903451 bend  52   53   30
        0.0572274696520 bend  52   51   30
       -0.0437550056814 bend  21   53   30
        0.3955638169094 bend  21   51   30
       -0.3692854811440 bend  21   52   30
  65 k -0.3705830983937 bend  51   53   30      val=   0.25164
       -0.0286014587476 bend  52   53   30
        0.4132077399674 bend  52   51   30
        0.5998259311725 bend  21   53   30
       -0.0365306756253 bend  21   51   30
       -0.5744422071931 bend  21   52   30
  66 k -0.2390382197372 bend  51   53   30      val=   0.06057
        0.4474726956393 bend  52   53   30
       -0.2091511703186 bend  52   51   30
       -0.3013326803391 bend  21   53   30
        0.6828346454264 bend  21   51   30
       -0.3765901842608 bend  21   52   30
  67 k  0.4082482904639 tors  56   31   17   18 val= 110.88019
        0.4082482904639 tors  56   31   17   22
        0.4082482904639 tors  54   31   17   18
        0.4082482904639 tors  54   31   17   22
        0.4082482904639 tors  55   31   17   18
        0.4082482904639 tors  55   31   17   22
  68 k  1.0000000000000 stre  31   56           val=   2.06719
  69 k  1.0000000000000 stre  31   54           val=   2.06907
  70 k  1.0000000000000 stre  31   55           val=   2.07349
  71 k  0.4468904409342 bend  54   56   31      val=   1.85519
        0.4132965305104 bend  55   56   31
        0.4014950447389 bend  55   54   31
       -0.3905163120561 bend  17   56   31
       -0.3936652641197 bend  17   54   31
       -0.4010003872360 bend  17   55   31
  72 k -0.0612587269029 bend  54   56   31      val=   0.32134
       -0.5385903129967 bend  55   56   31
        0.6180509836032 bend  55   54   31
       -0.4270831104902 bend  17   56   31
        0.3739265651855 bend  17   54   31
        0.0442692373322 bend  17   55   31
  73 k -0.6633298845268 bend  54   56   31      val=   0.80880
        0.4166434726378 bend  55   56   31
        0.2965350185057 bend  55   54   31
       -0.1907371901868 bend  17   56   31
       -0.2681660096319 bend  17   54   31
        0.4360905632543 bend  17   55   31
  74 k  0.0636619871165 bend  54   56   31      val=   0.14795
        0.3642893909018 bend  55   56   31
       -0.4328866774325 bend  55   54   31
       -0.6209156794210 bend  17   56   31
        0.5299235833489 bend  17   54   31
        0.0974383417042 bend  17   55   31
  75 k  0.4374951402906 bend  54   56   31      val=   0.15637
       -0.2796107367105 bend  55   56   31
       -0.1695188962833 bend  55   54   31
       -0.2497918410779 bend  17   56   31
       -0.4169471443305 bend  17   54   31
        0.6822303840396 bend  17   55   31
  76 k  0.4082482904639 tors  59   32   25   24 val=  83.56463
        0.4082482904639 tors  59   32   25   26
        0.4082482904639 tors  58   32   25   24
        0.4082482904639 tors  58   32   25   26
        0.4082482904639 tors  57   32   25   24
        0.4082482904639 tors  57   32   25   26
  77 k  1.0000000000000 stre  32   59           val=   2.06510
  78 k  1.0000000000000 stre  32   58           val=   2.07012
  79 k  1.0000000000000 stre  32   57           val=   2.07319
  80 k  0.4379639505902 bend  58   59   32      val=   1.84240
        0.4264164072169 bend  57   59   32
        0.3963615245615 bend  57   58   32
       -0.3878114600137 bend  25   59   32
       -0.4010772714097 bend  25   58   32
       -0.3974839132940 bend  25   57   32
  81 k  0.1403161708922 bend  58   59   32      val=   0.05039
       -0.6300000173864 bend  57   59   32
        0.5133169243380 bend  57   58   32
       -0.3574758157141 bend  25   59   32
        0.4283760162544 bend  25   58   32
       -0.0928553463463 bend  25   57   32
  82 k -0.6572891830683 bend  58   59   32      val=   0.75177
        0.2368950470325 bend  57   59   32
        0.4604884843613 bend  57   58   32
       -0.3023967409681 bend  25   59   32
       -0.1467621791394 bend  25   58   32
        0.4322257466992 bend  25   57   32
  83 k  0.2821494650155 bend  58   59   32      val=   0.62314
        0.1635496028256 bend  57   59   32
       -0.4541950791310 bend  57   58   32
       -0.6614234915308 bend  25   59   32
        0.2359357214145 bend  25   58   32
        0.4406850770244 bend  25   57   32
  84 k -0.3405119683839 bend  58   59   32      val=   0.83236
        0.4294053282331 bend  57   59   32
       -0.0808104330206 bend  57   58   32
       -0.1093561701072 bend  25   59   32
        0.6341191086225 bend  25   58   32
       -0.5282674715773 bend  25   57   32
  85 k  0.4082482904639 tors  60   33   27   26 val=  92.67184
        0.4082482904639 tors  60   33   27   28
        0.4082482904639 tors  61   33   27   26
        0.4082482904639 tors  61   33   27   28
        0.4082482904639 tors  62   33   27   26
        0.4082482904639 tors  62   33   27   28
  86 k  1.0000000000000 stre  33   60           val=   2.06546
  87 k  1.0000000000000 stre  33   61           val=   2.07161
  88 k  1.0000000000000 stre  33   62           val=   2.07138
  89 k  0.4369279953331 bend  61   60   33      val=   1.86279
        0.4282135123613 bend  62   60   33
        0.3950549737399 bend  62   61   33
       -0.3879265217033 bend  27   60   33
       -0.4013374836523 bend  27   61   33
       -0.3976178069751 bend  27   62   33
  90 k  0.1098988554380 bend  61   60   33      val=   0.03140
       -0.6171763574797 bend  62   60   33
        0.5365488887689 bend  62   61   33
       -0.3720391822588 bend  27   60   33
        0.4191525609315 bend  27   61   33
       -0.0709144049613 bend  27   62   33
  91 k -0.6636452211683 bend  61   60   33      val=   0.82090
        0.2675053821571 bend  62   60   33
        0.4338610210463 bend  62   61   33
       -0.2852462592237 bend  27   60   33
       -0.1668124474165 bend  27   61   33
        0.4365646393604 bend  27   62   33
  92 k  0.2813118909989 bend  61   60   33      val=   0.66410
        0.1646976679721 bend  62   60   33
       -0.4552895976466 bend  62   61   33
       -0.6612957632166 bend  27   60   33
        0.2387506811450 bend  27   61   33
        0.4383328714876 bend  27   62   33
  93 k -0.3415222129360 bend  61   60   33      val=   0.69632
        0.4269742060547 bend  62   60   33
       -0.0787528761897 bend  62   61   33
       -0.1068747744112 bend  27   60   33
        0.6345342706147 bend  27   61   33
       -0.5299034175556 bend  27   62   33
  94 k  0.4082482904639 tors  63   34   23   24 val= 115.05951
        0.4082482904639 tors  63   34   23   28
        0.4082482904639 tors  64   34   23   24
        0.4082482904639 tors  64   34   23   28
        0.4082482904639 tors  65   34   23   24
        0.4082482904639 tors  65   34   23   28
  95 k  1.0000000000000 stre  34   63           val=   2.06745
  96 k  1.0000000000000 stre  34   64           val=   2.06837
  97 k  1.0000000000000 stre  34   65           val=   2.07373
  98 k  0.4349880772060 bend  64   63   34      val=   1.81777
        0.4281234075626 bend  65   63   34
        0.3988798234260 bend  65   64   34
       -0.3896403032942 bend  23   63   34
       -0.3969113735827 bend  23   64   34
       -0.3987886691203 bend  23   65   34
  99 k -0.3259316403293 bend  64   63   34      val=   0.73890
       -0.3189230364475 bend  65   63   34
        0.6866190667851 bend  65   64   34
       -0.4691598422799 bend  23   63   34
        0.2227513140444 bend  23   64   34
        0.2255699764282 bend  23   65   34
 100 k -0.5872362659529 bend  64   63   34      val=  -0.24605
        0.5949316201836 bend  65   63   34
       -0.0008296373838 bend  65   64   34
        0.0017042438152 bend  23   63   34
       -0.3911556712464 bend  23   64   34
        0.3849721851797 bend  23   65   34
 101 k  0.1620599371987 bend  64   63   34      val=   0.23485
        0.2878370688973 bend  65   63   34
       -0.4595727415255 bend  65   64   34
       -0.6599015754404 bend  23   63   34
        0.4308287418241 bend  23   64   34
        0.2420656929844 bend  23   65   34
 102 k  0.4187106052952 bend  64   63   34      val=   0.16113
       -0.3471631747716 bend  65   63   34
       -0.0743312470352 bend  65   64   34
       -0.1068538624684 bend  23   63   34
       -0.5277255699846 bend  23   64   34
        0.6393136942613 bend  23   65   34
 103 k  1.0000000000000 stre  19   29           val=   2.84667
 104 k -0.7070689620738 bend  18   29   19      val=   1.11335
        0.7071445982767 bend  20   29   19
 105 k  1.0000000000000 outp  29   20   18   19 val=   3.03662
 106 k  1.0000000000000 stre  21   30           val=   2.84624
 107 k  0.7071135328930 bend  22   30   21      val=   0.07037
       -0.7071000294156 bend  20   30   21
 108 k  1.0000000000000 outp  30   20   22   21 val=  -1.51485
 109 k  1.0000000000000 stre  17   31           val=   2.85045
 110 k  0.7071070492497 bend  18   31   17      val=   0.17253
       -0.7071065131233 bend  22   31   17
 111 k  1.0000000000000 outp  31   22   18   17 val=   0.33486
 112 k  1.0000000000000 stre  25   32           val=   2.84699
 113 k  0.7071490293522 bend  24   32   25      val=   0.18029
       -0.7070645304965 bend  26   32   25
 114 k  1.0000000000000 outp  32   26   24   25 val=  -4.21723
 115 k  1.0000000000000 stre  27   33           val=   2.84601
 116 k  0.7071434679335 bend  28   33   27      val=   0.42574
       -0.7070700925361 bend  26   33   27
 117 k  1.0000000000000 outp  33   26   28   27 val=   3.16358
 118 k  1.0000000000000 stre  23   34           val=   2.85169
 119 k  0.7071070534456 bend  28   34   23      val=   0.06780
       -0.7071065089274 bend  24   34   23
 120 k  1.0000000000000 outp  34   24   28   23 val=   0.36446
 121 k  1.0000000000000 stre   9   10           val=   2.66811
 122 k  1.0000000000000 stre  10   11           val=   2.62317
 123 k  1.0000000000000 stre  11    6           val=   2.64370
 124 k  1.0000000000000 stre   6    7           val=   2.63989
 125 k  1.0000000000000 stre   7    8           val=   2.62740
 126 k  1.0000000000000 stre   8    9           val=   2.66818
 127 k -0.2886751345948 bend   9   11   10      val=  -0.60806
       -0.2886751345948 bend  10    6   11
        0.5773502691896 bend  11    7    6
       -0.2886751345948 bend   6    8    7
       -0.2886751345948 bend   7    9    8
        0.5773502691896 bend   8   10    9
 128 k  0.5000000000000 bend   9   11   10      val=  -0.10469
       -0.5000000000000 bend  10    6   11
        0.5000000000000 bend   6    8    7
       -0.5000000000000 bend   7    9    8
 129 k -0.4082482904639 bend   9   11   10      val=  -0.48289
        0.4082482904639 bend  10    6   11
       -0.4082482904639 bend  11    7    6
        0.4082482904639 bend   6    8    7
       -0.4082482904639 bend   7    9    8
        0.4082482904639 bend   8   10    9
 130 k -0.2886751345948 tors  10   11    6    7 val=   0.06995
       -0.2886751345948 tors  11    6    7    8
        0.5773502691896 tors   6    7    8    9
       -0.2886751345948 tors   7    8    9   10
       -0.2886751345948 tors   8    9   10   11
        0.5773502691896 tors   9   10   11    6
 131 k  0.5000000000000 tors  10   11    6    7 val=  -0.41274
       -0.5000000000000 tors  11    6    7    8
        0.5000000000000 tors   7    8    9   10
       -0.5000000000000 tors   8    9   10   11
 132 k -0.4082482904639 tors  10   11    6    7 val=  -0.21390
        0.4082482904639 tors  11    6    7    8
       -0.4082482904639 tors   6    7    8    9
        0.4082482904639 tors   7    8    9   10
       -0.4082482904639 tors   8    9   10   11
        0.4082482904639 tors   9   10   11    6
 133 k  0.7071067811865 tors  10    9    4    1 val=  99.55283
        0.7071067811865 tors   8    9    4    1
 134 k  0.7081822451613 bend   4   10    9      val=   2.42457
       -0.7060296790067 bend   4    8    9
 135 k  1.0000000000000 outp  10    4    8    9 val=  -0.61244
 136 k  1.0000000000000 stre  20   19           val=   2.65224
 137 k  1.0000000000000 stre  19   18           val=   2.64577
 138 k  1.0000000000000 stre  18   17           val=   2.63547
 139 k  1.0000000000000 stre  17   22           val=   2.64580
 140 k  1.0000000000000 stre  22   21           val=   2.63186
 141 k  1.0000000000000 stre  21   20           val=   2.66161
 142 k -0.2886751345948 bend  20   18   19      val=   0.04478
       -0.2886751345948 bend  19   17   18
        0.5773502691896 bend  18   22   17
       -0.2886751345948 bend  17   21   22
       -0.2886751345948 bend  22   20   21
        0.5773502691896 bend  21   19   20
 143 k  0.5000000000000 bend  20   18   19      val=  -0.16108
       -0.5000000000000 bend  19   17   18
        0.5000000000000 bend  17   21   22
       -0.5000000000000 bend  22   20   21
 144 k -0.4082482904639 bend  20   18   19      val=   1.77737
        0.4082482904639 bend  19   17   18
       -0.4082482904639 bend  18   22   17
        0.4082482904639 bend  17   21   22
       -0.4082482904639 bend  22   20   21
        0.4082482904639 bend  21   19   20
 145 k -0.2886751345948 tors  19   18   17   22 val=  -0.31451
       -0.2886751345948 tors  18   17   22   21
        0.5773502691896 tors  17   22   21   20
       -0.2886751345948 tors  22   21   20   19
       -0.2886751345948 tors  21   20   19   18
        0.5773502691896 tors  20   19   18   17
 146 k  0.5000000000000 tors  19   18   17   22 val=  -3.85919
       -0.5000000000000 tors  18   17   22   21
        0.5000000000000 tors  22   21   20   19
       -0.5000000000000 tors  21   20   19   18
 147 k -0.4082482904639 tors  19   18   17   22 val=  -1.47022
        0.4082482904639 tors  18   17   22   21
       -0.4082482904639 tors  17   22   21   20
        0.4082482904639 tors  22   21   20   19
       -0.4082482904639 tors  21   20   19   18
        0.4082482904639 tors  20   19   18   17
 148 k  0.5000000000000 tors  19   20   16   12 val=   3.58388
        0.5000000000000 tors  19   20   16   15
        0.5000000000000 tors  21   20   16   12
        0.5000000000000 tors  21   20   16   15
 149 k -0.7070454906248 bend  16   19   20      val=  -1.24201
        0.7071680664362 bend  16   21   20
 150 k  1.0000000000000 outp  19   16   21   20 val=   2.86071
 151 k  1.0000000000000 stre  26   27           val=   2.64861
 152 k  1.0000000000000 stre  27   28           val=   2.64164
 153 k  1.0000000000000 stre  28   23           val=   2.64224
 154 k  1.0000000000000 stre  23   24           val=   2.64428
 155 k  1.0000000000000 stre  24   25           val=   2.63934
 156 k  1.0000000000000 stre  25   26           val=   2.65308
 157 k -0.2886751345948 bend  26   28   27      val=   0.22052
       -0.2886751345948 bend  27   23   28
        0.5773502691896 bend  28   24   23
       -0.2886751345948 bend  23   25   24
       -0.2886751345948 bend  24   26   25
        0.5773502691896 bend  25   27   26
 158 k  0.5000000000000 bend  26   28   27      val=  -0.00572
       -0.5000000000000 bend  27   23   28
        0.5000000000000 bend  23   25   24
       -0.5000000000000 bend  24   26   25
 159 k -0.4082482904639 bend  26   28   27      val=   1.82060
        0.4082482904639 bend  27   23   28
       -0.4082482904639 bend  28   24   23
        0.4082482904639 bend  23   25   24
       -0.4082482904639 bend  24   26   25
        0.4082482904639 bend  25   27   26
 160 k -0.2886751345948 tors  27   28   23   24 val=   0.12849
       -0.2886751345948 tors  28   23   24   25
        0.5773502691896 tors  23   24   25   26
       -0.2886751345948 tors  24   25   26   27
       -0.2886751345948 tors  25   26   27   28
        0.5773502691896 tors  26   27   28   23
 161 k  0.5000000000000 tors  27   28   23   24 val=  -0.31822
       -0.5000000000000 tors  28   23   24   25
        0.5000000000000 tors  24   25   26   27
       -0.5000000000000 tors  25   26   27   28
 162 k -0.4082482904639 tors  27   28   23   24 val=  -0.15507
        0.4082482904639 tors  28   23   24   25
       -0.4082482904639 tors  23   24   25   26
        0.4082482904639 tors  24   25   26   27
       -0.4082482904639 tors  25   26   27   28
        0.4082482904639 tors  26   27   28   23
 163 k  0.5000000000000 tors  27   26   13   12 val=  87.28266
        0.5000000000000 tors  27   26   13   14
        0.5000000000000 tors  25   26   13   12
        0.5000000000000 tors  25   26   13   14
 164 k -0.7068645849157 bend  13   27   26      val=   0.30794
        0.7073488945294 bend  13   25   26
 165 k  1.0000000000000 outp  25   27   13   26 val=   1.50018
 166 k  1.0000000000000 tors   9    4    1   12 val= 178.46347
 167 k  1.0000000000000 stre   4    9           val=   2.73898
 168 k  1.0000000000000 bend   1    9    4      val= 122.37289
 169 k  1.0000000000000 stre  16   20           val=   2.70862
 170 k  0.7071684480078 bend  12   20   16      val=   1.16748
       -0.7070451089869 bend  15   20   16
 171 k  1.0000000000000 outp  20   15   12   16 val=  -2.10703
 172 k  1.0000000000000 stre  13   26           val=   2.69806
 173 k  0.7073926749495 bend  12   26   13      val=   3.75892
       -0.7068207717857 bend  14   26   13
 174 k  1.0000000000000 outp  26   14   12   13 val= -10.01568
 175 k  0.7071067811865 tors   4    1   12   13 val=  82.70482
        0.7071067811865 tors   4    1   12   16
 176 k  1.0000000000000 stre   1    4           val=   3.46773
 177 k  1.0000000000000 bend  12    4    1      val= 102.66631
 178 k  1.0000000000000 stre  12    1           val=   3.63202
 179 k  0.7071478080336 bend  13    1   12      val=   6.12873
       -0.7070657519589 bend  16    1   12
 180 k  1.0000000000000 outp   1   16   13   12 val=  -3.91933
 181 k  1.0000000000000 stre  12   13           val=   2.57738
 182 k  1.0000000000000 stre  13   14           val=   2.79002
 183 k  1.0000000000000 stre  14   15           val=   2.89574
 184 k  1.0000000000000 stre  15   16           val=   2.77880
 185 k  1.0000000000000 stre  16   12           val=   2.58515
 186 k -0.5116672736017 bend  12   14   13      val=  -3.91516
        0.1954395075848 bend  13   15   14
        0.1954395075849 bend  14   16   15
       -0.5116672736017 bend  15   12   16
        0.6324555320337 bend  16   13   12
 187 k  0.3717480344602 bend  12   14   13      val=  -0.23738
       -0.6015009550075 bend  13   15   14
        0.6015009550075 bend  14   16   15
       -0.3717480344602 bend  15   12   16
 188 k -0.5116672736017 tors  14   15   16   12 val= -12.69695
        0.1954395075848 tors  15   16   12   13
        0.1954395075849 tors  16   12   13   14
       -0.5116672736017 tors  12   13   14   15
        0.6324555320337 tors  13   14   15   16
 189 k  0.3717480344602 tors  14   15   16   12 val=   0.44898
       -0.6015009550075 tors  15   16   12   13
        0.6015009550075 tors  16   12   13   14
       -0.3717480344602 tors  12   13   14   15
       189 non zero eigenvalues  of BmBt
           1          10.935758982    1    0
         1
           2          10.701318767    2    0
         2
           3          10.675926425    3    0
         3
           4           6.469670535    4    0
         4
           5           6.024170815    5    0
         5
           6           5.649196054    6    0
         6
           7           5.628005155    7    0
         7
           8           5.576726346    8    0
         8
           9           5.534033735    9    0
         9
          10           5.507363862   10    0
        10
          11           5.101167890   11    0
        11
          12           4.479902761   12    0
        12
          13           4.474423046   13    0
        13
          14           4.440359525   14    0
        14
          15           4.408738917   15    0
        15
          16           4.385893792   16    0
        16
          17           4.364225837   17    0
        17
          18           4.121523819   18    0
        18
          19           4.013836549   19    0
        19
          20           3.910150775   20    0
        20
          21           3.814989984   21    0
        21
          22           3.803128869   22    0
        22
          23           3.797751774   23    0
        23
          24           3.778775936   24    0
        24
          25           3.774407766   25    0
        25
          26           3.745262939   26    0
        26
          27           3.736922280   27    0
        27
          28           3.714347066   28    0
        28
          29           3.692624996   29    0
        29
          30           3.642799822   30    0
        30
          31           3.554343293   31    0
        31
          32           3.514259429   32    0
        32
          33           3.441197803   33    0
        33
          34           3.277760236   34    0
        34
          35           3.199283737   35    0
        35
          36           3.162006163   36    0
        36
          37           3.144473453   37    0
        37
          38           3.122572202   38    0
        38
          39           3.115731630   39    0
        39
          40           3.111090922   40    0
        40
          41           3.100089004   41    0
        41
          42           3.089817673   42    0
        42
          43           3.081958325   43    0
        43
          44           3.074803988   44    0
        44
          45           3.061788588   45    0
        45
          46           3.053091310   46    0
        46
          47           3.025623327   47    0
        47
          48           2.978848125   48    0
        48
          49           2.834984281   49    0
        49
          50           2.825026276   50    0
        50
          51           2.818503863   51    0
        51
          52           2.777075234   52    0
        52
          53           2.756224795   53    0
        53
          54           2.688218525   54    0
        54
          55           2.580678129   55    0
        55
          56           2.481448481   56    0
        56
          57           2.406194287   57    0
        57
          58           2.283997355   58    0
        58
          59           2.108169435   59    0
        59
          60           1.946279437   60    0
        60
          61           1.915930748   61    0
        61
          62           1.905955192   62    0
        62
          63           1.805401120   63    0
        63
          64           1.766703557   64    0
        64
          65           1.760834636   65    0
        65
          66           1.732246550   66    0
        66
          67           1.698757773   67    0
        67
          68           1.628051390   68    0
        68
          69           1.627502199   69    0
        69
          70           1.599346503   70    0
        70
          71           1.543763256   71    0
        71
          72           1.517326742   72    0
        72
          73           1.470866012   73    0
        73
          74           1.437485316   74    0
        74
          75           1.422619437   75    0
        75
          76           1.333567652   76    0
        76
          77           1.324135900   77    0
        77
          78           1.245624902   78    0
        78
          79           1.152372308   79    0
        79
          80           1.064951104   80    0
        80
          81           1.030624164   81    0
        81
          82           1.015563510   82    0
        82
          83           1.003832868   83    0
        83
          84           1.002575815   84    0
        84
          85           0.940952784   85    0
        85
          86           0.874514338   86    0
        86
          87           0.862696640   87    0
        87
          88           0.852129692   88    0
        88
          89           0.822803576   89    0
        89
          90           0.804792008   90    0
        90
          91           0.792052144   91    0
        91
          92           0.785563957   92    0
        92
          93           0.773502931   93    0
        93
          94           0.760290069   94    0
        94
          95           0.753580312   95    0
        95
          96           0.722585109   96    0
        96
          97           0.695929254   97    0
        97
          98           0.685719779   98    0
        98
          99           0.684632762   99    0
        99
         100           0.681157894  100    0
       100
         101           0.680231319  101    0
       101
         102           0.680063088  102    0
       102
         103           0.679108816  103    0
       103
         104           0.678937374  104    0
       104
         105           0.678823653  105    0
       105
         106           0.678597063  106    0
       106
         107           0.678144295  107    0
       107
         108           0.678028977  108    0
       108
         109           0.674092981  109    0
       109
         110           0.576154510  110    0
       110
         111           0.559997618  111    0
       111
         112           0.547785533  112    0
       112
         113           0.529231250  113    0
       113
         114           0.527532685  114    0
       114
         115           0.514463661  115    0
       115
         116           0.504208634  116    0
       116
         117           0.480715953  117    0
       117
         118           0.413271364  118    0
       118
         119           0.410980596  119    0
       119
         120           0.403223035  120    0
       120
         121           0.392555063  121    0
       121
         122           0.387725597  122    0
       122
         123           0.384064678  123    0
       123
         124           0.377303604  124    0
       124
         125           0.375025181  125    0
       125
         126           0.366706851  126    0
       126
         127           0.366578142  127    0
       127
         128           0.355335426  128    0
       128
         129           0.354399219  129    0
       129
         130           0.353427049  130    0
       130
         131           0.345291017  131    0
       131
         132           0.322098091  132    0
       132
         133           0.319255088  133    0
       133
         134           0.298813882  134    0
       134
         135           0.297485837  135    0
       135
         136           0.286677244  136    0
       136
         137           0.285380791  137    0
       137
         138           0.278775539  138    0
       138
         139           0.263036676  139    0
       139
         140           0.259221941  140    0
       140
         141           0.255483265  141    0
       141
         142           0.253289927  142    0
       142
         143           0.252283281  143    0
       143
         144           0.239733473  144    0
       144
         145           0.232018616  145    0
       145
         146           0.209985573  146    0
       146
         147           0.182906710  147    0
       147
         148           0.181817762  148    0
       148
         149           0.173007570  149    0
       149
         150           0.163011593  150    0
       150
         151           0.160491638  151    0
       151
         152           0.159193802  152    0
       152
         153           0.141855285  153    0
       153
         154           0.133927108  154    0
       154
         155           0.125162742  155    0
       155
         156           0.124663439  156    0
       156
         157           0.116428447  157    0
       157
         158           0.110629724  158    0
       158
         159           0.108277592  159    0
       159
         160           0.107040529  160    0
       160
         161           0.087956212  161    0
       161
         162           0.076481100  162    0
       162
         163           0.063073175  163    0
       163
         164           0.060862339  164    0
       164
         165           0.059891262  165    0
       165
         166           0.049429373  166    0
       166
         167           0.044517523  167    0
       167
         168           0.042437430  168    0
       168
         169           0.040467959  169    0
       169
         170           0.034279283  170    0
       170
         171           0.033546159  171    0
       171
         172           0.032896799  172    0
       172
         173           0.029760344  173    0
       173
         174           0.026852275  174    0
       174
         175           0.026056390  175    0
       175
         176           0.025846282  176    0
       176
         177           0.025427049  177    0
       177
         178           0.013161958  178    0
       178
         179           0.011939888  179    0
       179
         180           0.011186803  180    0
       180
         181           0.010651242  181    0
       181
         182           0.008830874  182    0
       182
         183           0.007300810  183    0
       183
         184           0.003989986  184    0
       184
         185           0.003231768  185    0
       185
         186           0.002048594  186    0
       186
         187           0.001172795  187    0
       187
         188           0.000564257  188    0
       188
         189           0.000525076  189    0
       189
$end
