$coord
    0.07205226597862     -2.03419341713545      0.07751830118766      n
    0.11493843105459     -4.22201562952592      0.16996032254878      c
    0.16888490115479     -6.97497793524001      0.28627196678250      c
   -1.75867226452483     -7.72119368334658      0.31922763201542      h
    1.15473469516538     -7.59335401837564      1.99481033075491      h
    1.15224691417146     -7.73536027237639     -1.36545932928925      h
$user-defined bonds
$redundant
     number_of_atoms             6
     degrees_of_freedom         12
     internal_coordinates       12
     frozen_coordinates          0
# definitions of redundant internals
   1 k  1.0000000000000 stre   1    2           val=   2.19019
   2 k  1.0000000000000 linc   1    3    2    4 val=   0.00037
   3 k  1.0000000000000 linp   1    3    2    4 val=   0.00019
   4 k  1.0000000000000 stre   3    2           val=   2.75595
   5 k  1.0000000000000 stre   3    4           val=   2.06722
   6 k  1.0000000000000 stre   3    6           val=   2.06722
   7 k  1.0000000000000 stre   3    5           val=   2.06722
   8 k -0.4020190812520 bend   4    2    3      val=   1.06581
       -0.4020027572413 bend   6    2    3
        0.4144219779898 bend   6    4    3
       -0.4020279531464 bend   5    2    3
        0.4143530378241 bend   5    4    3
        0.4143838203569 bend   5    6    3
   9 k  0.1110502341122 bend   4    2    3      val=   0.00130
       -0.4368052867236 bend   6    2    3
       -0.4868294487749 bend   6    4    3
        0.3257065431757 bend   5    2    3
        0.6528675634134 bend   5    4    3
       -0.1659676690645 bend   5    6    3
  10 k -0.4402397152935 bend   4    2    3      val=  -0.00007
        0.1239392578196 bend   6    2    3
       -0.4727576729744 bend   6    4    3
        0.3162864749716 bend   5    2    3
       -0.1852355477340 bend   5    4    3
        0.6580113173031 bend   5    6    3
  11 k  0.5753451090617 bend   4    2    3      val=  -0.00047
       -0.5993171730515 bend   6    2    3
        0.0160434917098 bend   6    4    3
        0.0239772091346 bend   5    2    3
       -0.4009833152266 bend   5    4    3
        0.3849376732540 bend   5    6    3
  12 k -0.3598599499763 bend   4    2    3      val=   0.00084
       -0.3183275857753 bend   6    2    3
        0.4537340632958 bend   6    4    3
        0.6782075965904 bend   5    2    3
       -0.2129820572572 bend   5    4    3
       -0.2407630859498 bend   5    6    3
        12 non zero eigenvalues  of BmBt
           1           3.695022307    1    0
         1
           2           3.308323507    2    0
         2
           3           3.308270568    3    0
         3
           4           2.095663147    4    0
         4
           5           1.072676593    5    0
         5
           6           1.072628974    6    0
         6
           7           0.890463188    7    0
         7
           8           0.686952128    8    0
         8
           9           0.686948543    9    0
         9
          10           0.414764207   10    0
        10
          11           0.271957602   11    0
        11
          12           0.271947283   12    0
        12
$end
