$coord
   -8.07802383244947     -1.15200575560194     -1.03776589506136      c
   -8.00586555296137      1.39899782389870     -1.10036989125304      c
   -5.48440319244757      2.09985244338057     -0.99805573857048      n
   -3.93684006409766      0.01322670318961     -0.86135739112684      c
   -5.60149843802470     -1.99193506444541     -0.88150237968610      n
   -9.67331426431779     -2.40738769168302     -1.09370445133113      h
   -9.52843222827497      2.73815121322359     -1.20974640128061      h
    8.01104324034438     -1.56951642622207     -0.83410746178706      c
    3.94230457355640     -0.16237392015796     -0.83269913419741      c
    5.48910976308192     -2.24331666285823     -0.62154061927559      n
    9.68003974122708      2.18553532175412     -1.45307292278254      h
    0.01056897542490     -0.45087722054489     -5.34012790683226      cl
    5.60778279716660      1.81160830352969     -1.18137662422226      n
    9.53307594392268     -2.90879183440700     -0.71870056739088      h
    0.00259520621204     -0.06719169335609     -0.74409103902589      pd
   -0.00475299613146      0.25973995370242      3.12290709432545      c
   -2.18938148932453     -0.15481244997469      4.58634444136900      c
   -2.19915137007505      0.06900726937395      7.21457048902223      c
   -0.01893267276597      0.73650851666684      8.54883052243771      c
    2.17187328909833      1.14982380573317      7.13102103619699      c
    2.17484729276260      0.91576376582939      4.50388781102765      c
   -3.95462559874369     -0.65475026452805      3.67130504080119      h
   -3.94749824565306     -0.28164342977960      8.24443348987333      h
    3.92059778294309      1.65313367159390      8.09485280774384      h
    3.94881814534394      1.23255777840013      3.52610638868009      h
   -0.04108085099986      1.04640883485174     11.38376490331004      c
   -0.47933021757742      3.00276063115017     11.92012976909706      h
    1.80041774663726      0.58006997105047     12.20478184851371      h
   -1.46819411779118     -0.16880559064280     12.26037508321154      h
   -4.97744405110024     -4.77232084335962     -0.97162595815517      c
   -7.36442780662617     -6.32194514247629     -0.40054518172530      c
   -3.00927008333385     -5.38902139474920      1.04691077510632      c
   -4.04418589122313     -5.40103303210336     -3.64193121460644      c
   -8.21147733637655     -5.79006850017917      1.41086678347820      h
   -8.78382065798108     -6.16762647448504     -1.89694474434722      h
   -6.80303731640495     -8.30762969837840     -0.28472644524134      h
   -2.38703487543904     -7.34612420113241      0.81008663358899      h
   -3.79393711583017     -5.16147021522925      2.94508371184075      h
   -1.37780684283793     -4.13696322043714      0.87259934467455      h
   -5.55067143188892     -5.05442233927773     -5.01837015052672      h
   -3.51469720328563     -7.39968438070291     -3.73520933004144      h
   -2.42760085936752     -4.22936833096516     -4.16607027347878      h
   -4.67960076488146      4.83123529402408     -1.00381135768700      c
   -2.80109897939602      5.24060521151698     -3.16165959747720      c
   -3.56553825701973      5.48045594955036      1.58944170792066      c
   -6.98729857198042      6.52633092707933     -1.47066489957642      c
   -2.12709751017882      7.19593154550635     -3.12235907935876      h
   -1.19478523620358      3.95984699938340     -2.99635599593769      h
   -3.69959679363907      4.86911153170589     -4.98556667304385      h
   -5.00099381482699      5.25814985574438      3.06291602196513      h
   -2.91648556728845      7.44489234677339      1.58779720036004      h
   -1.98384131954809      4.24558439332946      2.05080982073610      h
   -8.37268766400839      6.40617145416683      0.06142329741127      h
   -7.90978929451740      6.09715298887218     -3.27176081499967      h
   -6.31525352858065      8.47881876254554     -1.55235024522923      h
    4.68263920899665     -4.93741079032563     -0.17512389645668      c
    2.80385034718106     -5.69702527901677     -2.23532370058226      c
    6.98915363348188     -6.68794850070095     -0.35445430800786      c
    2.13159008002718     -7.61989175639406     -1.87522065365329      h
    1.19640924617676     -4.40766940114214     -2.28000580204429      h
    3.70031369845329     -5.62844865160316     -4.09636545899528      h
    2.91277076293284     -7.08213474321923      2.81250153207622      h
    1.98702088128998     -3.84837995203866      2.73785315926581      h
    8.37457277987003     -6.31691956526105      1.13676079628993      h
    3.56640469120611     -5.14605446416381      2.48915789947158      c
    7.91196181261333     -6.56296929629289     -2.20162648223734      h
    6.31591414827153     -8.62664029385781     -0.11232324263960      h
    5.00167968490618     -4.68600639850095      3.90660395922431      h
    8.08420465049030      0.95683119109292     -1.19309138502269      c
    4.07177716844052      4.71979468862502     -4.47535842893327      c
    5.58561125004534      4.14782860597254     -5.76590906043530      h
    2.45491955987240      3.48054674218391     -4.80858534316251      h
    4.98648873764385      4.53907740684324     -1.73172554238891      c
    8.20599487662880      5.93130258761992      0.47383307149337      h
    3.00447039769297      5.47934738699539      0.14285870613973      c
    3.77330289651786      5.56463386951318      2.05914271567057      h
    3.54870044635894      6.67656230748094     -4.90092211037778      h
    6.80979183378897      8.13991382690937     -1.61653836058852      h
    1.37166686507115      4.21714127577051      0.16206208881661      h
    2.38803532296963      7.37166425768963     -0.41630182140802      h
    7.37078058001203      6.16203338006369     -1.40525972846291      c
    8.79965885413421      5.76773729791593     -2.84760210629757      h
$user-defined bonds
$end
