$coord
    0.15110382596451      1.46772581320832     -0.12921765288486      cr
    5.89647213603180      2.05791789262934      0.05463178212023      o
    3.73730342504164      1.79950336079474     -0.02635660184412      c
   -0.12642708093096      4.82079675575193      0.95481479589790      c
   -0.29768902332522      6.88950699044599      1.62314533929315      o
   -3.44530781098072      1.25885764182782     -0.19212772582392      c
   -5.62025279478440      1.19119639274069     -0.21121925282082      o
    0.15596504584867      0.35116011499707      3.30052083467016      c
    0.15341163733711     -0.25651471954531      5.39002427189335      o
    0.14756137773080      2.57112236706144     -3.56314953614237      c
    0.14016272111518      3.30268950151038     -5.61255665726097      o
    1.16909924492624     -1.59549509880171     -1.12096452158594      h
   -0.35039811220399     -1.70981374462076     -1.15635614869492      h
$user-defined bonds
$redundant
     number_of_atoms            13
     degrees_of_freedom         33
     internal_coordinates       33
     frozen_coordinates          0
# definitions of redundant internals
   1 k  1.0000000000000 stre   2    3           val=   2.17609
   2 k  1.0000000000000 linc   2    1    3   10 val=   0.01752
   3 k  1.0000000000000 linp   2    1    3   10 val=  -1.61634
   4 k  1.0000000000000 stre   5    4           val=   2.18072
   5 k  1.0000000000000 linc   5    1    4    6 val=   0.00124
   6 k  1.0000000000000 linp   5    1    4    6 val=   0.01185
   7 k  1.0000000000000 stre   7    6           val=   2.17608
   8 k  1.0000000000000 linc   7    1    6    4 val=   1.62018
   9 k  1.0000000000000 linp   7    1    6    4 val=  -0.00006
  10 k  1.0000000000000 stre   9    8           val=   2.17607
  11 k  1.0000000000000 linc   9    1    8    6 val=   0.06317
  12 k  1.0000000000000 linp   9    1    8    6 val=   1.82166
  13 k  1.0000000000000 stre  11   10           val=   2.17608
  14 k  1.0000000000000 linc  11    1   10    4 val=   1.83668
  15 k  1.0000000000000 linp  11    1   10    4 val=  -0.00555
  16 k  0.5000000000000 tors   3    1   12   13 val=  45.01086
        0.5000000000000 tors   8    1   12   13
        0.5000000000000 tors  10    1   12   13
        0.5000000000000 tors   6    1   12   13
  17 k  1.0000000000000 stre   1    4           val=   3.53486
  18 k  1.0000000000000 stre   1    3           val=   3.60298
  19 k  1.0000000000000 stre   1    8           val=   3.60692
  20 k  1.0000000000000 stre   1   10           val=   3.60685
  21 k  1.0000000000000 stre   1    6           val=   3.60302
  22 k  0.2587982351362 bend   3    4    1      val=   3.50873
       -0.0928668313618 bend   8    4    1
        0.3578868707909 bend   8    3    1
       -0.1148193668706 bend  10    4    1
        0.3168684206260 bend  10    3    1
       -0.4308419864196 bend   6    4    1
       -0.3355981952180 bend   6    8    1
       -0.3391889796925 bend   6   10    1
        0.3760684456978 bend  12    3    1
        0.2151037851929 bend  12    8    1
        0.2000988036327 bend  12   10    1
       -0.2041821601673 bend  12    6    1
  23 k  0.3809640939906 bend   3    4    1      val=   0.14430
        0.1513572442466 bend   8    4    1
       -0.0731063162697 bend   8    3    1
        0.4489833872762 bend  10    4    1
        0.2284807079507 bend  10    3    1
        0.2464094693462 bend   6    4    1
       -0.2083274766070 bend   6    8    1
        0.0512380141146 bend   6   10    1
       -0.0767447115935 bend  12    3    1
       -0.3738032216490 bend  12    8    1
       -0.1412071631079 bend  12   10    1
       -0.5481988087371 bend  12    6    1
  24 k  0.1448532518674 bend   3    4    1      val=  -0.27660
        0.4834808484285 bend   8    4    1
        0.3801288977500 bend   8    3    1
       -0.2160259799932 bend  10    4    1
       -0.3373100588223 bend  10    3    1
        0.1122926645953 bend   6    4    1
        0.2701545099893 bend   6    8    1
       -0.3136544731920 bend   6   10    1
       -0.0390698305010 bend  12    3    1
        0.1777722316156 bend  12    8    1
       -0.4158847955483 bend  12   10    1
       -0.2241845543451 bend  12    6    1
  25 k  0.1312898591996 bend   3    4    1      val=   0.89506
        0.2594606694196 bend   8    4    1
       -0.3971605153477 bend   8    3    1
       -0.2268331718766 bend  10    4    1
        0.4091186245057 bend  10    3    1
       -0.0958106152689 bend   6    4    1
        0.4372722991862 bend   6    8    1
       -0.4494162326281 bend   6   10    1
       -0.1196595190706 bend  12    3    1
       -0.2532464009509 bend  12    8    1
        0.2272074222779 bend  12   10    1
        0.0802389029277 bend  12    6    1
  26 k  0.5654575895198 bend   3    4    1      val=   4.92643
       -0.0034849016392 bend   8    4    1
        0.0821754235846 bend   8    3    1
        0.1160298167180 bend  10    4    1
       -0.0965581277531 bend  10    3    1
       -0.4140937394734 bend   6    4    1
       -0.0865140411584 bend   6    8    1
        0.1003597622094 bend   6   10    1
       -0.5426384046383 bend  12    3    1
        0.0075631463951 bend  12    8    1
       -0.1149402777794 bend  12   10    1
        0.3923660104847 bend  12    6    1
  27 k -0.0038139961471 bend   3    4    1      val=   0.13063
       -0.4895184835419 bend   8    4    1
       -0.1071284937995 bend   8    3    1
        0.4792303014232 bend  10    4    1
        0.1125806422203 bend  10    3    1
        0.0061474607000 bend   6    4    1
        0.3570920577721 bend   6    8    1
       -0.3625160611726 bend   6   10    1
        0.0101806568685 bend  12    3    1
        0.3571546776407 bend  12    8    1
       -0.3462167507487 bend  12   10    1
       -0.0067036614347 bend  12    6    1
  28 k -0.0893222078447 bend   3    4    1      val=   8.51625
       -0.1034682159869 bend   8    4    1
        0.2623421341396 bend   8    3    1
       -0.1181613875170 bend  10    4    1
        0.2638348285553 bend  10    3    1
        0.5451211687504 bend   6    4    1
       -0.2735853393167 bend   6    8    1
       -0.2658727726367 bend   6   10    1
       -0.5327089769676 bend  12    3    1
        0.2274715187431 bend  12    8    1
        0.2117364665037 bend  12   10    1
        0.0766336146585 bend  12    6    1
  29 k -0.4114456035543 bend   3    4    1      val=   9.22778
        0.3460416033488 bend   8    4    1
        0.2645118299819 bend   8    3    1
        0.4060885191552 bend  10    4    1
        0.1897406165174 bend  10    3    1
       -0.1105837874897 bend   6    4    1
       -0.1943443079797 bend   6    8    1
       -0.2365549321672 bend   6   10    1
        0.0898935045922 bend  12    3    1
       -0.3009107271569 bend  12    8    1
       -0.2137133808011 bend  12   10    1
        0.4356989693233 bend  12    6    1
  30 k  0.0515899115389 bend   3    4    1      val=   0.30403
       -0.2725920665739 bend   8    4    1
        0.3856562485103 bend   8    3    1
        0.2052467449238 bend  10    4    1
       -0.4246268457723 bend  10    3    1
        0.0314372343261 bend   6    4    1
        0.2685641423960 bend   6    8    1
       -0.2323423591063 bend   6   10    1
       -0.0104173748388 bend  12    3    1
       -0.4356681516466 bend  12    8    1
        0.4833275972317 bend  12   10    1
       -0.0353316201080 bend  12    6    1
  31 k  1.0000000000000 stre  12   13           val=   1.52420
  32 k  1.0000000000000 bend   1   13   12      val=  76.95738
  33 k  1.0000000000000 stre   1   12           val=   3.37686
        33 non zero eigenvalues  of BmBt
           1           4.491830157    1    0
         1
           2           4.199057982    2    0
         2
           3           3.770767502    3    0
         3
           4           3.474413649    4    0
         4
           5           2.617679858    5    0
         5
           6           2.616950353    6    0
         6
           7           2.337077778    7    0
         7
           8           2.151684277    8    0
         8
           9           1.835911319    9    0
         9
          10           1.834503999   10    0
        10
          11           1.209589688   11    0
        11
          12           0.994144233   12    0
        12
          13           0.956924550   13    0
        13
          14           0.938910953   14    0
        14
          15           0.852297364   15    0
        15
          16           0.814235784   16    0
        16
          17           0.805223586   17    0
        17
          18           0.724127126   18    0
        18
          19           0.702268676   19    0
        19
          20           0.698192851   20    0
        20
          21           0.639782490   21    0
        21
          22           0.381768632   22    0
        22
          23           0.381346879   23    0
        23
          24           0.316976342   24    0
        24
          25           0.118073816   25    0
        25
          26           0.111213605   26    0
        26
          27           0.076133254   27    0
        27
          28           0.070445727   28    0
        28
          29           0.068459349   29    0
        29
          30           0.063347959   30    0
        30
          31           0.044015032   31    0
        31
          32           0.041612838   32    0
        32
          33           0.034404860   33    0
        33
$end
