$coord
    0.81960185387967     -2.51542363681400     -1.69621172517329      ru
   -2.00522030097727     -5.78319483253676     -2.04060606797698      cl
   -1.43167027915726      0.52172116357819      0.10493420123338      p
    3.48656656604992     -0.25696049429833     -4.27085879735329      cl
    2.58143713464762     -3.10312170015388      1.19378105887698      c
    2.30208562600087     -2.09213709112384      2.98929104703666      h
    4.50831221436734     -5.18298067153344      1.27661373930677      c
   -4.00365036217105      1.65679878369262     -2.00319832113410      c
    0.65134323768048      3.31122199923500      0.75996081668750      c
   -5.39017876744139      4.11759328480860     -1.27337036202045      c
   -2.92842321958204      2.04584145008177     -3.74357491726788      h
   -7.01427083683997      5.00999706724691     -3.50856591252480      c
   -6.62613601183631      3.76230544887375      0.34479059610084      h
   -4.06700278541351      5.60010043118560     -0.71282647509622      h
   -8.94915747499013      2.98451153557863     -4.25646048391470      c
   -7.97604092855402      6.77711905488307     -3.01074685418895      h
   -5.77874878134462      5.42670737810985     -5.12512418191518      h
   -7.65584843683268      0.45172756182797     -4.81689554468662      c
  -10.29443417371649      2.73077778454622     -2.69322133638042      h
  -10.04835739178356      3.61132499937105     -5.89720514045135      h
   -5.96230673479806     -0.40425041993376     -2.62227303476353      c
   -9.07094106089416     -1.00774799568764     -5.21607751144628      h
   -6.48693726215231      0.63700382198610     -6.52362670806711      h
   -7.12879432077385     -0.75161352311126     -0.94016938546332      h
   -5.03110707309532     -2.18895040217457     -3.08275448458237      h
   -2.71098848843529     -0.36667311560491      3.28156785046752      c
    0.08749149588941      4.98900455995033      3.07136615309643      c
    2.45383764685997      2.35177765588423      1.14267170112532      h
    2.31866616240278      6.79515297941085      3.52690751386135      c
   -1.63559020010281      6.09607749088370      2.74380783316668      h
   -0.22839000741190      3.84901811757343      4.76835022842626      h
    2.86620272321714      8.43001016361886      1.19772269995348      c
    1.92135190330327      7.98878623657529      5.17434651821209      h
    4.00306857236582      5.66924518498428      3.98351501835075      h
    3.29469765718068      6.78770260444280     -1.15016793587710      c
    1.25371650272222      9.69862917327794      0.86548445722743      h
    4.51599371788774      9.63408673829229      1.54680286060536      h
    1.07007678812019      4.98087046952699     -1.59111100088184      c
    3.56155946296419      7.98049548153681     -2.82349433060369      h
    5.03028839469486      5.67806307252525     -0.91574211191669      h
   -0.63810570339261      6.09204724053826     -1.96558641494517      h
    1.43724807408861      3.80703009739315     -3.24765241590139      h
   -3.45725356806170     -3.16276997929298      3.55517523077077      c
   -1.06182778361327     -0.05028076090373      4.51448599169184      h
   -4.06784034899376     -3.78704502018716      6.32093969947343      c
   -5.10097902855727     -3.55795669174947      2.35687944713830      h
   -1.94020893111281     -4.37975529687997      2.86938236033219      h
   -6.14858047403415     -2.07671708477413      7.38624002601730      c
   -4.61939995549125     -5.77812720189439      6.47266756420678      h
   -2.34326150116043     -3.55385268674276      7.45829646355933      h
   -5.46171664090066      0.71484084913736      7.03745413653368      c
   -7.92834965529968     -2.46541185491691      6.38794718189078      h
   -6.47828600673301     -2.49466994093372      9.38874870716450      h
   -4.88424639998685      1.30890454079546      4.25574179969610      c
   -7.00187671129333      1.93212387365856      7.70201012316125      h
   -3.79326908859960      1.17055121290150      8.18906174341143      h
   -6.57567327865438      0.91470077693484      3.12401423233223      h
   -4.45560589730499      3.31516387478278      4.03488792978373      h
    7.02362115037557     -4.47622918947601      2.58236032756738      c
    3.64252922607486     -6.75877941552775      2.33130387598592      h
    4.88876147005901     -5.90673233217939     -0.63117108552434      h
    8.62599895068149     -2.51690976062415      1.16445528213386      c
    6.62153962018869     -3.78968422625561      4.50080410516924      h
    8.12071011956149     -6.22139612771315      2.79746815453946      h
    7.57358578362489      0.18865660947330      1.33256328112431      c
   10.54824072424632     -2.53091788882234      1.94074964212799      h
    8.78239178429832     -3.06483116673207     -0.83043220434916      h
    9.13526873268855      2.07203095302029     -0.09274691758475      c
    5.65894771091150      0.18306164692915      0.52617722800986      h
    7.42216340834636      0.75563742457133      3.32306362235767      h
   10.28917229948053      4.06592705751384      0.93109023213556      c
    9.29419049339344      1.73932453545997     -2.12023873408938      h
   11.39515589118182      5.37407676960669     -0.20027154119868      h
   10.15979892365688      4.46335282357648      2.94540144962367      h
$user-defined bonds
$end
