$coord
    0.00280795794827     -0.17137143009562      0.00200547097021      c
    0.03496206447835     -0.24532343894466      2.07257775417577      h
    1.96562809955758     -0.24547745759227     -0.65798569281970      h
   -0.96135740184747     -1.87153963150303     -0.67960726302433      h
   -1.30940671036962      2.23728420058514     -0.92595158715458      c
   -1.36630658176113      2.23728373991822     -2.99959580281492      h
   -3.28345999337417      2.23728424496748     -0.28852125828096      h
    0.00280773699421      4.64594036916098      0.00200439768923      c
   -0.96135779679681      6.34610817639873     -0.67960907268182      h
    0.03496186355309      4.71989328703397      2.07257664699027      h
    1.96562785961773      4.72004628207101     -0.65798683204916      h
$user-defined bonds
$redundant
     number_of_atoms            11
     degrees_of_freedom         27
     internal_coordinates       27
     frozen_coordinates          0
# definitions of redundant internals
   1 k  0.5773502691896 tors   3    1    5    8 val=  59.99498
        0.5773502691896 tors   2    1    5    8
        0.5773502691896 tors   4    1    5    8
   2 k  1.0000000000000 stre   1    3           val=   2.07213
   3 k  1.0000000000000 stre   1    2           val=   2.07214
   4 k  1.0000000000000 stre   1    4           val=   2.06997
   5 k  0.4082418220690 bend   2    3    1      val=  -1.66410
        0.4082549985650 bend   4    3    1
        0.4082487884697 bend   4    2    1
       -0.4082493304023 bend   5    3    1
       -0.4082505635043 bend   5    2    1
       -0.4082442396384 bend   5    4    1
   6 k  0.6886579038456 bend   2    3    1      val=  -0.20124
       -0.3443176116489 bend   4    3    1
       -0.3443278195703 bend   4    2    1
        0.2193302220496 bend   5    3    1
        0.2193227798157 bend   5    2    1
       -0.4386636506470 bend   5    4    1
   7 k  0.0000089244650 bend   2    3    1      val=  -0.00002
       -0.6379796382064 bend   4    3    1
        0.6379772385561 bend   4    2    1
       -0.3049319713833 bend   5    3    1
        0.3049319875810 bend   5    2    1
       -0.0000041172750 bend   5    4    1
   8 k -0.4386600214825 bend   2    3    1      val=  -0.12683
        0.2193280330902 bend   4    3    1
        0.2193322271798 bend   4    2    1
        0.3443291144963 bend   5    3    1
        0.3443255872530 bend   5    2    1
       -0.6886532686681 bend   5    4    1
   9 k -0.0000007372959 bend   2    3    1      val=   0.00020
        0.3049318751856 bend   4    3    1
       -0.3049320838095 bend   4    2    1
       -0.6379762760230 bend   5    3    1
        0.6379806007899 bend   5    2    1
       -0.0000025592224 bend   5    4    1
  10 k  1.0000000000000 stre   5    7           val=   2.07442
  11 k  1.0000000000000 stre   5    6           val=   2.07442
  12 k  0.0000000002741 bend   6    7    5      val=  -0.00000
       -0.5000002199237 bend   8    7    5
       -0.4999997801574 bend   8    6    5
        0.5000002198425 bend   1    7    5
        0.4999997800762 bend   1    6    5
  13 k  0.0000007590587 bend   6    7    5      val=   0.00021
       -0.5000000242208 bend   8    7    5
        0.4999999761251 bend   8    6    5
       -0.5000000238746 bend   1    7    5
        0.4999999757789 bend   1    6    5
  14 k -0.8944271582021 bend   6    7    5      val=   1.55681
        0.2236064801908 bend   8    7    5
        0.2236071806226 bend   8    6    5
        0.2236064804724 bend   1    7    5
        0.2236071809041 bend   1    6    5
  15 k  0.4999997799437 bend   8    7    5      val=   0.00000
       -0.5000002197100 bend   8    6    5
       -0.4999997802899 bend   1    7    5
        0.5000002200562 bend   1    6    5
  16 k  0.5773502691896 tors  11    8    5    1 val=  60.00503
        0.5773502691896 tors  10    8    5    1
        0.5773502691896 tors   9    8    5    1
  17 k  1.0000000000000 stre   8   11           val=   2.07213
  18 k  1.0000000000000 stre   8   10           val=   2.07214
  19 k  1.0000000000000 stre   8    9           val=   2.06997
  20 k -0.4082482809036 bend  10   11    8      val=   1.66417
       -0.4082489012703 bend   9   11    8
       -0.4082476110716 bend   9   10    8
        0.4082483458646 bend   5   11    8
        0.4082486270501 bend   5   10    8
        0.4082479766218 bend   5    9    8
  21 k -0.6886544254683 bend  10   11    8      val=   0.20132
        0.3443256648797 bend   9   11    8
        0.3443285974494 bend   9   10    8
       -0.2193304356704 bend   5   11    8
       -0.2193284560206 bend   5   10    8
        0.4386592346399 bend   5    9    8
  22 k  0.0000023210871 bend  10   11    8      val=  -0.00012
       -0.6379787638996 bend   9   11    8
        0.6379778253863 bend   9   10    8
       -0.3049321412971 bend   5   11    8
        0.3049324192765 bend   5   10    8
       -0.0000011216528 bend   5    9    8
  23 k -0.4386589649923 bend  10   11    8      val=  -0.12691
        0.2193292634030 bend   9   11    8
        0.2193301675856 bend   9   10    8
        0.3443274076996 bend   5   11    8
        0.3443266829931 bend   5   10    8
       -0.6886545112897 bend   5    9    8
  24 k -0.0000001315560 bend  10   11    8      val=   0.00016
        0.3049322534681 bend   9   11    8
       -0.3049323071080 bend   9   10    8
       -0.6379778466100 bend   5   11    8
        0.6379787426797 bend   5   10    8
       -0.0000005569949 bend   5    9    8
  25 k  1.0000000000000 stre   5    8           val=   2.89562
  26 k  1.0000000000000 stre   5    1           val=   2.89562
  27 k  1.0000000000000 bend   1    8    5      val= 112.57363
        27 non zero eigenvalues  of BmBt
           1           6.179540053    1    0
         1
           2           4.066363844    2    0
         2
           3           3.925402559    3    0
         3
           4           3.473387688    4    0
         4
           5           3.241126941    5    0
         5
           6           3.157295778    6    0
         6
           7           2.682942041    7    0
         7
           8           2.307726764    8    0
         8
           9           1.858305579    9    0
         9
          10           0.898109016   10    0
        10
          11           0.875300575   11    0
        11
          12           0.804909424   12    0
        12
          13           0.793365965   13    0
        13
          14           0.721622125   14    0
        14
          15           0.712098149   15    0
        15
          16           0.707131889   16    0
        16
          17           0.681307069   17    0
        17
          18           0.477953698   18    0
        18
          19           0.464861720   19    0
        19
          20           0.344113362   20    0
        20
          21           0.319340766   21    0
        21
          22           0.257121370   22    0
        22
          23           0.251044334   23    0
        23
          24           0.246114000   24    0
        24
          25           0.242022247   25    0
        25
          26           0.161940644   26    0
        26
          27           0.057330346   27    0
        27
$end
