$coord
    0.00144463394475      0.06869027774256     -2.63682117730593      c
    0.00145004597669     -2.24919733444507     -1.37789747469524      c
    0.00144434346849     -2.31788817811806      1.25891707199132      c
    0.00145118411242     -0.06868679523285      2.63681927361386      c
    0.00144376554141      2.24919910977759      1.37789716101752      c
    0.00145122936766      2.31789069059286     -1.25892073417654      c
    0.00148958223683      0.12216433908366     -4.68944534328141      h
    0.00150506070720     -4.00006538783482     -2.45053774843423      h
    0.00148862481522     -4.12222625685316      2.23893820343482      h
    0.00151333166366     -0.12217056460567      4.68944272206909      h
    0.00148180572283      4.00007135319876      2.45053222460986      h
    0.00151289044285      4.12223329769420     -2.23893551784310      h
$user-defined bonds
$redundant
     number_of_atoms            12
     degrees_of_freedom         30
     internal_coordinates       30
     frozen_coordinates          0
# definitions of redundant internals
   1 k  1.0000000000000 stre    1    7           val=   2.05332
   2 k  0.7071067811865 bend    2    7    1      val=   0.00006
       -0.7071067811865 bend    6    7    1
   3 k  1.0000000000000 outp    7    6    2    1 val=   0.00152
   4 k  1.0000000000000 stre    2    8           val=   2.05331
   5 k -0.7071067811865 bend    1    8    2      val=   0.00085
        0.7071067811866 bend    3    8    2
   6 k  1.0000000000000 outp    8    3    1    2 val=  -0.00129
   7 k  1.0000000000000 stre    3    9           val=   2.05331
   8 k  0.7071067811866 bend    2    9    3      val=   0.00080
       -0.7071067811865 bend    4    9    3
   9 k  1.0000000000000 outp    9    4    2    3 val=  -0.00151
  10 k  1.0000000000000 stre    4   10           val=   2.05332
  11 k  0.7071067811865 bend    5   10    4      val=   0.00032
       -0.7071067811865 bend    3   10    4
  12 k  1.0000000000000 outp   10    3    5    4 val=   0.00142
  13 k  1.0000000000000 stre    5   11           val=   2.05331
  14 k -0.7071067811865 bend    4   11    5      val=   0.00065
        0.7071067811865 bend    6   11    5
  15 k  1.0000000000000 outp   11    6    4    5 val=  -0.00138
  16 k  1.0000000000000 stre    6   12           val=   2.05331
  17 k -0.7071067811865 bend    1   12    6      val=   0.00058
        0.7071067811865 bend    5   12    6
  18 k  1.0000000000000 outp   12    5    1    6 val=   0.00142
  19 k  1.0000000000000 stre    1    2           val=   2.63771
  20 k  1.0000000000000 stre    2    3           val=   2.63771
  21 k  1.0000000000000 stre    3    4           val=   2.63771
  22 k  1.0000000000000 stre    4    5           val=   2.63770
  23 k  1.0000000000000 stre    5    6           val=   2.63771
  24 k  1.0000000000000 stre    6    1           val=   2.63771
  25 k -0.5000000000000 bend    1    3    2      val=  -0.00021
       -0.5000000000000 bend    2    4    3
        1.0000000000000 bend    3    5    4
       -0.5000000000000 bend    4    6    5
       -0.5000000000000 bend    5    1    6
        1.0000000000000 bend    6    2    1
  26 k  0.8660254037844 bend    1    3    2      val=   0.00001
       -0.8660254037844 bend    2    4    3
        0.8660254037844 bend    4    6    5
       -0.8660254037844 bend    5    1    6
  27 k -1.0000000000000 bend    1    3    2      val=   0.00001
        1.0000000000000 bend    2    4    3
       -1.0000000000000 bend    3    5    4
        1.0000000000000 bend    4    6    5
       -1.0000000000000 bend    5    1    6
        1.0000000000000 bend    6    2    1
  28 k -0.5000000000000 tors    2    3    4    5 val=   0.00003
       -0.5000000000000 tors    3    4    5    6
        1.0000000000000 tors    4    5    6    1
       -0.5000000000000 tors    5    6    1    2
       -0.5000000000000 tors    6    1    2    3
        1.0000000000000 tors    1    2    3    4
  29 k  0.8660254037844 tors    2    3    4    5 val=   0.00003
       -0.8660254037844 tors    3    4    5    6
        0.8660254037844 tors    5    6    1    2
       -0.8660254037844 tors    6    1    2    3
  30 k -1.0000000000000 tors    2    3    4    5 val=  -0.00049
        1.0000000000000 tors    3    4    5    6
       -1.0000000000000 tors    4    5    6    1
        1.0000000000000 tors    5    6    1    2
       -1.0000000000000 tors    6    1    2    3
        1.0000000000000 tors    1    2    3    4
        30 non zero eigenvalues  of BmBt
           1          11.001421656    1    0
         1
           2           5.067831409    2    0
         2
           3           5.067772275    3    0
         3
           4           4.367551674    4    0
         4
           5           4.367537448    5    0
         5
           6           3.547594412    6    0
         6
           7           3.494416882    7    0
         7
           8           3.494412182    8    0
         8
           9           3.182868522    9    0
         9
          10           2.618033988   10    0
        10
          11           1.974749499   11    0
        11
          12           1.888888980   12    0
        12
          13           1.888874642   13    0
        13
          14           1.572680736   14    0
        14
          15           1.572667534   15    0
        15
          16           0.987376950   16    0
        16
          17           0.987372549   17    0
        17
          18           0.541887205   18    0
        18
          19           0.474371991   19    0
        19
          20           0.401149569   20    0
        20
          21           0.381966010   21    0
        21
          22           0.356027092   22    0
        22
          23           0.356024542   23    0
        23
          24           0.278563402   24    0
        24
          25           0.278562061   25    0
        25
          26           0.258957075   26    0
        26
          27           0.258956292   27    0
        27
          28           0.148740014   28    0
        28
          29           0.107630829   29    0
        29
          30           0.107630365   30    0
        30
$end
