$coord
    0.03948480828526      0.09176936866202      0.95197452537409      fe
    0.26692444646020      0.20410051584072      6.53811195621526      o
    0.17838613214368      0.16030794482624      4.37037486702604      c
   -0.09897169755359      0.02310066164268     -2.46646998220472      c
   -0.18715192348180     -0.02061805958830     -4.63422241885437      o
   -3.13934900874352      1.34096403025689      1.05519692499373      c
   -5.16393866022849      2.13665794142406      1.12079520342569      o
    2.70732099385000      2.22164467798095      0.80219600140557      c
    4.40631132854093      3.57841164228019      0.70718228640493      o
    0.54972605155839     -3.28665627225502      0.99889118098609      c
    0.87461119416893     -5.43839142807044      1.02887435822770      o
$user-defined bonds
$redundant
     number_of_atoms            11
     degrees_of_freedom         27
     internal_coordinates       27
     frozen_coordinates          0
# definitions of redundant internals
   1 k  1.0000000000000 stre   2    3           val=   2.16999
   2 k  1.0000000000000 linc   2    1    3    8 val=   0.01482
   3 k  1.0000000000000 linp   2    1    3    8 val=   0.00070
   4 k  1.0000000000000 stre   5    4           val=   2.16999
   5 k  1.0000000000000 linc   5    1    4    6 val=   0.00766
   6 k  1.0000000000000 linp   5    1    4    6 val=   0.00792
   7 k  1.0000000000000 stre   7    6           val=   2.17633
   8 k  1.0000000000000 linc   7    1    6    4 val=   0.00374
   9 k  1.0000000000000 linp   7    1    6    4 val=   0.00222
  10 k  1.0000000000000 stre   9    8           val=   2.17633
  11 k  1.0000000000000 linc   9    1    8    4 val=  -0.00997
  12 k  1.0000000000000 linp   9    1    8    4 val=  -0.00777
  13 k  1.0000000000000 stre  11   10           val=   2.17633
  14 k  1.0000000000000 linc  11    1   10    4 val=  -0.00258
  15 k  1.0000000000000 linp  11    1   10    4 val=   0.00245
  16 k  1.0000000000000 stre   1   10           val=   3.41706
  17 k  1.0000000000000 stre   1    8           val=   3.41704
  18 k  1.0000000000000 stre   1    6           val=   3.41703
  19 k  1.0000000000000 stre   1    4           val=   3.42194
  20 k  1.0000000000000 stre   1    3           val=   3.42191
  21 k  0.6528884190960 bend   8   10    1      val=   0.00670
       -0.1640971513775 bend   6   10    1
       -0.4887912625607 bend   6    8    1
        0.2303366890330 bend   4   10    1
        0.0771272296492 bend   4    8    1
       -0.3080540305192 bend   4    6    1
        0.2306599513170 bend   3   10    1
        0.0777391540187 bend   3    8    1
       -0.3078045873085 bend   3    6    1
  22 k -0.1873633505097 bend   8   10    1      val=   0.00776
        0.6589707248465 bend   6   10    1
       -0.4716073734382 bend   6    8    1
        0.2226983476362 bend   4   10    1
       -0.3111046311007 bend   4    8    1
        0.0884003580228 bend   4    6    1
        0.2225132209254 bend   3   10    1
       -0.3109314952261 bend   3    8    1
        0.0886185474881 bend   3    6    1
  23 k -0.0001830468515 bend   8   10    1      val=  -0.00106
        0.0000207721758 bend   6   10    1
        0.0001795777094 bend   6    8    1
       -0.4085085506519 bend   4   10    1
       -0.4080345189019 bend   4    8    1
       -0.4082014805105 bend   4    6    1
        0.4080313851310 bend   3   10    1
        0.4079931978375 bend   3    8    1
        0.4087199772685 bend   3    6    1
  24 k -0.0000450345242 bend   8   10    1      val=  -0.01298
       -0.0000638886065 bend   6   10    1
        0.0001089358264 bend   6    8    1
        0.3676285940439 bend   4   10    1
       -0.5694324636194 bend   4    8    1
        0.2013527792534 bend   4    6    1
       -0.3678436289298 bend   3   10    1
        0.5694547006128 bend   3    8    1
       -0.2011599739847 bend   3    6    1
  25 k -0.0000159896008 bend   8   10    1      val=  -0.00609
        0.0000739205048 bend   6   10    1
       -0.0000579232693 bend   6    8    1
       -0.4450476482903 bend   4   10    1
       -0.0963455928486 bend   4    8    1
        0.5410802106575 bend   4    6    1
        0.4450888266736 bend   3   10    1
        0.0960972594738 bend   3    8    1
       -0.5408729676567 bend   3    6    1
  26 k  0.1548799667593 bend   8   10    1      val=   0.03141
       -0.4464001535958 bend   6   10    1
        0.2915201875441 bend   6    8    1
        0.3090220130106 bend   4   10    1
       -0.4726983940536 bend   4    8    1
        0.1641133937444 bend   4    6    1
        0.3089513039582 bend   3   10    1
       -0.4727061327158 bend   3    8    1
        0.1642604657966 bend   3    6    1
  27 k  0.4258056964465 bend   8   10    1      val=   0.02616
       -0.0788875743856 bend   6   10    1
       -0.3469181289184 bend   6    8    1
       -0.3676059470422 bend   4   10    1
       -0.0833215901859 bend   4    8    1
        0.4515430413343 bend   4    6    1
       -0.3678396303762 bend   3   10    1
       -0.0836913149663 bend   3    8    1
        0.4514821187640 bend   3    6    1
        27 non zero eigenvalues  of BmBt
           1           4.072984436    1    0
         1
           2           3.747117814    2    0
         2
           3           3.745816806    3    0
         3
           4           2.618033877    4    0
         4
           5           2.618033820    5    0
         5
           6           1.889516528    6    0
         6
           7           1.889313559    7    0
         7
           8           1.838448407    8    0
         8
           9           1.016744330    9    0
         9
          10           1.016650102   10    0
        10
          11           0.930145451   11    0
        11
          12           0.929761357   12    0
        12
          13           0.782338611   13    0
        13
          14           0.782210179   14    0
        14
          15           0.781401274   15    0
        15
          16           0.734811668   16    0
        16
          17           0.682771499   17    0
        17
          18           0.682588432   18    0
        18
          19           0.381965947   19    0
        19
          20           0.381965910   20    0
        20
          21           0.092995689   21    0
        21
          22           0.092902082   22    0
        22
          23           0.072667480   23    0
        23
          24           0.062507947   24    0
        24
          25           0.062484452   25    0
        25
          26           0.039070105   26    0
        26
          27           0.039023550   27    0
        27
$end
