$coord
   -1.49851888896189     -1.43633746857167     -0.04382958490217      pt
    2.77430698309038     -1.70647562173576      0.17273550477564      p
   -0.94808044795867      2.80976947114450      0.16366273349191      p
   -2.02752073691498     -5.39293341131107     -0.32577829682226      c
   -5.49167407700657     -1.20430477730134     -0.16348170076495      c
    4.13203821646306      1.50944837930278     -0.26429061784256      c
    2.40487896573195      3.47709377832916      0.99443109119889      c
   -3.74044245264157     -5.95792222259983      0.69086618433576      h
   -0.44694019045210     -6.53141985172148      0.38797701567953      h
   -2.29534502174616     -5.86477929739953     -2.32997224032381      h
   -6.21427532239247     -1.56799563019256      1.74868845792029      h
   -6.25303944362878     -2.66712190086910     -1.41551972043492      h
   -6.23592621010362      0.62978191527237     -0.78478567108777      h
    4.21330321259180      1.83915069485526     -2.30898556715569      h
    6.06930940333984      1.61869046214180      0.46261275438711      h
    2.54041440819932      3.32594975980291      3.05719809198075      h
    2.94328454158883      5.40909596835362      0.47414733002739      h
   -1.40622943953158      4.59926396454120     -2.78117378119729      c
   -3.36938556887571      4.37712107730524     -3.38889545091173      h
   -0.19284959424543      3.80835706525987     -4.25516546677612      h
   -0.98233866557420      6.61145414765500     -2.53898928737958      h
   -2.72473562949336      4.72048411865423      2.44947086825537      c
   -2.16722028878400      6.71352953519970      2.39768374411472      h
   -2.41613289229984      3.96235901738708      4.34667799403979      h
   -4.73947999704421      4.56146829589977      2.01547203500084      h
    4.55028901095359     -3.62960790458727     -2.10316567992674      c
    3.97796478664302     -5.60389344954804     -1.88554507385643      h
    6.59571205901812     -3.47373784933464     -1.82441060320609      h
    4.06304077218629     -3.02867648952660     -4.01911612647684      h
    4.13447444905448     -2.73647033116465      3.20157835366561      c
    3.43376942132016     -1.51520847845774      4.71419078294089      h
    6.20441671576247     -2.69184144583296      3.17647716229009      h
    3.49172026071186     -4.66184087395016      3.59197133996038      h
$user-defined bonds
$redundant
     number_of_atoms            33
     degrees_of_freedom         93
     internal_coordinates       93
     frozen_coordinates          0
# definitions of redundant internals
   1 k  0.4082482904639 tors   8    4    1    2 val= 113.00338
        0.4082482904639 tors   8    4    1    5
        0.4082482904639 tors   9    4    1    2
        0.4082482904639 tors   9    4    1    5
        0.4082482904639 tors  10    4    1    2
        0.4082482904639 tors  10    4    1    5
   2 k  1.0000000000000 stre   4    8           val=   2.07048
   3 k  1.0000000000000 stre   4    9           val=   2.07457
   4 k  1.0000000000000 stre   4   10           val=   2.07633
   5 k  0.4504574473729 bend   9    8    4      val=   2.29056
        0.3886706367571 bend  10    8    4
        0.4262096949366 bend  10    9    4
       -0.3951946875315 bend   1    8    4
       -0.3905753961915 bend   1    9    4
       -0.3945130403521 bend   1   10    4
   6 k -0.2579292604091 bend   9    8    4      val=   2.06773
        0.7564585238895 bend  10    8    4
       -0.4260935189866 bend  10    9    4
        0.2093926239077 bend   1    8    4
       -0.3470064252999 bend   1    9    4
        0.1242118399792 bend   1   10    4
   7 k -0.6932980655244 bend   9    8    4      val=   1.34489
        0.1165255337986 bend  10    8    4
        0.6187241677463 bend  10    9    4
       -0.2317891353313 bend   1    8    4
       -0.0370241859095 bend   1    9    4
        0.2604668941725 bend   1   10    4
   8 k  0.0665921512922 bend   9    8    4      val=  -1.59077
       -0.3321641837718 bend  10    8    4
        0.2526215009403 bend  10    9    4
        0.5702528837856 bend   1    8    4
       -0.6913853431223 bend   1    9    4
        0.1349547091364 bend   1   10    4
   9 k  0.2810168796841 bend   9    8    4      val=  -0.93668
       -0.1079968070164 bend  10    8    4
       -0.1826403872615 bend  10    9    4
       -0.4933451212933 bend   1    8    4
       -0.2471229865810 bend   1    9    4
        0.7560089369493 bend   1   10    4
  10 k  0.4082482904639 tors  12    5    1    3 val= 112.38752
        0.4082482904639 tors  12    5    1    4
        0.4082482904639 tors  13    5    1    3
        0.4082482904639 tors  13    5    1    4
        0.4082482904639 tors  11    5    1    3
        0.4082482904639 tors  11    5    1    4
  11 k  1.0000000000000 stre   5   12           val=   2.07053
  12 k  1.0000000000000 stre   5   13           val=   2.07456
  13 k  1.0000000000000 stre   5   11           val=   2.07625
  14 k  0.4513860600051 bend  13   12    5      val=   2.22430
        0.3871319324486 bend  11   12    5
        0.4259862080910 bend  11   13    5
       -0.3952363691560 bend   1   12    5
       -0.3907939392049 bend   1   13    5
       -0.3949475304456 bend   1   11    5
  15 k -0.2583385837541 bend  13   12    5      val=   2.13362
        0.7572803578650 bend  11   12    5
       -0.4241066057263 bend  11   13    5
        0.2084902190865 bend   1   12    5
       -0.3476279290992 bend   1   13    5
        0.1249314779010 bend   1   11    5
  16 k -0.6926181059483 bend  13   12    5      val=   1.35596
        0.1153183711504 bend  11   12    5
        0.6204869558290 bend  11   13    5
       -0.2315180493280 bend   1   12    5
       -0.0368836659235 bend   1   13    5
        0.2588759514849 bend   1   11    5
  17 k  0.0687627269776 bend  13   12    5      val=  -1.61643
       -0.3333559853940 bend  11   12    5
        0.2507857407006 bend  11   13    5
        0.5672937264543 bend   1   12    5
       -0.6926926846202 bend   1   13    5
        0.1400237809842 bend   1   11    5
  18 k  0.2797529523971 bend  13   12    5      val=  -0.90109
       -0.1060501385228 bend  11   12    5
       -0.1832331611646 bend  11   13    5
       -0.4974145983628 bend   1   12    5
       -0.2421694347937 bend   1   13    5
        0.7555461233977 bend   1   11    5
  19 k  1.0000000000000 stre   6   15           val=   2.07204
  20 k  1.0000000000000 stre   6   14           val=   2.07270
  21 k  0.1308345941826 bend  14   15    6      val=   1.25633
       -0.5259429745416 bend   7   15    6
       -0.5077471870473 bend   7   14    6
        0.4963132169706 bend   2   15    6
        0.4495912379054 bend   2   14    6
  22 k  0.1796595038775 bend  14   15    6      val=   2.05413
       -0.6014680615565 bend   7   15    6
        0.5648344755305 bend   7   14    6
       -0.4143714389096 bend   2   15    6
        0.3394362376974 bend   2   14    6
  23 k  0.8717345772174 bend  14   15    6      val=  -0.23224
       -0.0407726914712 bend   7   15    6
       -0.2551577415090 bend   7   14    6
       -0.2066892647034 bend   2   15    6
       -0.3613730611408 bend   2   14    6
  24 k  0.0134158726472 bend  14   15    6      val=  -1.01363
        0.3659726990283 bend   7   15    6
       -0.4036448143183 bend   7   14    6
       -0.5784467718175 bend   2   15    6
        0.6069219010506 bend   2   14    6
  25 k  1.0000000000000 stre   7   17           val=   2.07201
  26 k  1.0000000000000 stre   7   16           val=   2.07273
  27 k  0.1307942931437 bend  16   17    7      val=   1.24420
       -0.5251841449344 bend   6   17    7
       -0.5086370590229 bend   6   16    7
        0.4958801990282 bend   3   17    7
        0.4499618174810 bend   3   16    7
  28 k  0.1726033483623 bend  16   17    7      val=   1.92712
       -0.6017655254887 bend   6   17    7
        0.5656115529122 bend   6   16    7
       -0.4134131961533 bend   3   17    7
        0.3424316529266 bend   3   16    7
  29 k  0.8728953618542 bend  16   17    7      val=  -0.27132
       -0.0456577546118 bend   6   17    7
       -0.2507472926999 bend   6   16    7
       -0.2097654697123 bend   3   17    7
       -0.3592955602527 bend   3   16    7
  30 k  0.0134438384831 bend  16   17    7      val=  -1.04405
        0.3668254131140 bend   6   17    7
       -0.4037769903326 bend   6   16    7
       -0.5789472522206 bend   3   17    7
        0.6058404086265 bend   3   16    7
  31 k  0.3333333333333 tors  20   18    3    1 val=  59.08453
        0.3333333333333 tors  20   18    3    7
        0.3333333333333 tors  20   18    3   22
        0.3333333333333 tors  19   18    3    1
        0.3333333333333 tors  19   18    3    7
        0.3333333333333 tors  19   18    3   22
        0.3333333333333 tors  21   18    3    1
        0.3333333333333 tors  21   18    3    7
        0.3333333333333 tors  21   18    3   22
  32 k  1.0000000000000 stre  18   20           val=   2.06651
  33 k  1.0000000000000 stre  18   19           val=   2.06704
  34 k  1.0000000000000 stre  18   21           val=   2.07057
  35 k  0.3451885599431 bend  19   20   18      val=   0.36683
        0.4481292944511 bend  21   20   18
        0.4360515146515 bend  21   19   18
       -0.4114302133214 bend   3   20   18
       -0.4127308206460 bend   3   19   18
       -0.3876370975081 bend   3   21   18
  36 k  0.7630327474431 bend  19   20   18      val=   1.71231
       -0.2557277729067 bend  21   20   18
       -0.3841363759799 bend  21   19   18
        0.1914982682248 bend   3   20   18
        0.1292638518971 bend   3   19   18
       -0.3891565841691 bend   3   21   18
  37 k  0.0833738480943 bend  19   20   18      val=   0.49222
       -0.6738058558884 bend  21   20   18
        0.6170107367375 bend  21   19   18
       -0.2676543189509 bend   3   20   18
        0.2920395376897 bend   3   19   18
       -0.0375005966352 bend   3   21   18
  38 k -0.3727461274425 bend  19   20   18      val=  -0.16225
        0.1547090351448 bend  21   20   18
        0.2018473215048 bend  21   19   18
        0.4174393878962 bend   3   20   18
        0.3273446842860 bend   3   19   18
       -0.7176161319431 bend   3   21   18
  39 k -0.0241831473269 bend  19   20   18      val=  -0.12531
        0.2911687091617 bend  21   20   18
       -0.2700100755010 bend  21   19   18
       -0.6182927589034 bend   3   20   18
        0.6758263051147 bend   3   19   18
       -0.0519941046772 bend   3   21   18
  40 k  0.3333333333333 tors  24   22    3    1 val=  59.58652
        0.3333333333333 tors  24   22    3    7
        0.3333333333333 tors  24   22    3   18
        0.3333333333333 tors  25   22    3    1
        0.3333333333333 tors  25   22    3    7
        0.3333333333333 tors  25   22    3   18
        0.3333333333333 tors  23   22    3    1
        0.3333333333333 tors  23   22    3    7
        0.3333333333333 tors  23   22    3   18
  41 k  1.0000000000000 stre  22   24           val=   2.06625
  42 k  1.0000000000000 stre  22   25           val=   2.06708
  43 k  1.0000000000000 stre  22   23           val=   2.07020
  44 k  0.3424078594847 bend  25   24   22      val=   0.25312
        0.4511843727359 bend  23   24   22
        0.4337533668653 bend  23   25   22
       -0.4115795923113 bend   3   24   22
       -0.4138560852115 bend   3   25   22
       -0.3877794685402 bend   3   23   22
  45 k  0.7623515204192 bend  25   24   22      val=   1.87004
       -0.2468433835840 bend  23   24   22
       -0.3890350847479 bend  23   25   22
        0.1953789995195 bend   3   24   22
        0.1256037236148 bend   3   25   22
       -0.3906289253134 bend   3   23   22
  46 k  0.0940048843081 bend  25   24   22      val=   0.62227
       -0.6754965000325 bend  23   24   22
        0.6155980995748 bend  23   25   22
       -0.2650179075461 bend   3   24   22
        0.2896408838940 bend   3   25   22
       -0.0421924996522 bend   3   23   22
  47 k -0.3718077765403 bend  25   24   22      val=  -0.33384
        0.1317445302797 bend  23   24   22
        0.2225976402655 bend  23   25   22
        0.4628970354308 bend   3   24   22
        0.2748417743458 bend   3   25   22
       -0.7106623532013 bend   3   23   22
  48 k -0.0518694089200 bend  25   24   22      val=  -0.01954
        0.2993444262363 bend  23   24   22
       -0.2522677621326 bend  23   25   22
       -0.5848853210666 bend   3   24   22
        0.7004558087655 bend   3   25   22
       -0.1064625579988 bend   3   23   22
  49 k  0.3333333333333 tors  29   26    2    1 val=  59.58025
        0.3333333333333 tors  29   26    2    6
        0.3333333333333 tors  29   26    2   30
        0.3333333333333 tors  27   26    2    1
        0.3333333333333 tors  27   26    2    6
        0.3333333333333 tors  27   26    2   30
        0.3333333333333 tors  28   26    2    1
        0.3333333333333 tors  28   26    2    6
        0.3333333333333 tors  28   26    2   30
  50 k  1.0000000000000 stre  26   29           val=   2.06625
  51 k  1.0000000000000 stre  26   27           val=   2.06706
  52 k  1.0000000000000 stre  26   28           val=   2.07021
  53 k  0.3425609627323 bend  27   29   26      val=   0.26262
        0.4497549840324 bend  28   29   26
        0.4351931600715 bend  28   27   26
       -0.4116896338019 bend   2   29   26
       -0.4136255434662 bend   2   27   26
       -0.3878207186178 bend   2   28   26
  54 k  0.7638630001463 bend  27   29   26      val=   1.88991
       -0.2579915802868 bend  28   29   26
       -0.3786854068165 bend  28   27   26
        0.1902725052328 bend   2   29   26
        0.1311958744618 bend   2   27   26
       -0.3913247250679 bend   2   28   26
  55 k  0.0796657998533 bend  27   29   26      val=   0.50048
       -0.6721676099537 bend  28   29   26
        0.6211710511059 bend  28   27   26
       -0.2674425133075 bend   2   29   26
        0.2884155177328 bend   2   27   26
       -0.0357991750948 bend   2   28   26
  56 k -0.3727746365706 bend  27   29   26      val=  -0.33091
        0.1377696327871 bend  28   29   26
        0.2172939072321 bend  28   27   26
        0.4525358079590 bend   2   29   26
        0.2872534158120 bend   2   27   26
       -0.7124175560094 bend   2   28   26
  57 k -0.0457287889328 bend  27   29   26      val=  -0.03128
        0.2974739575813 bend  28   29   26
       -0.2558405209204 bend  28   27   26
       -0.5936120312783 bend   2   29   26
        0.6948756582307 bend   2   27   26
       -0.0934683165509 bend   2   28   26
  58 k  0.3333333333333 tors  31   30    2    1 val=  59.09306
        0.3333333333333 tors  31   30    2    6
        0.3333333333333 tors  31   30    2   26
        0.3333333333333 tors  33   30    2    1
        0.3333333333333 tors  33   30    2    6
        0.3333333333333 tors  33   30    2   26
        0.3333333333333 tors  32   30    2    1
        0.3333333333333 tors  32   30    2    6
        0.3333333333333 tors  32   30    2   26
  59 k  1.0000000000000 stre  30   31           val=   2.06651
  60 k  1.0000000000000 stre  30   33           val=   2.06702
  61 k  1.0000000000000 stre  30   32           val=   2.07058
  62 k  0.3411991949222 bend  33   31   30      val=   0.30703
        0.4481703733583 bend  32   31   30
        0.4388577794920 bend  32   33   30
       -0.4121899458352 bend   2   31   30
       -0.4132564988727 bend   2   33   30
       -0.3865860704935 bend   2   32   30
  63 k  0.7668263682615 bend  33   31   30      val=   1.84500
       -0.2725779731666 bend  32   31   30
       -0.3634401742648 bend  32   33   30
        0.1813306393450 bend   2   31   30
        0.1375461531388 bend   2   33   30
       -0.3921607632146 bend   2   32   30
  64 k  0.0592984593153 bend  33   31   30      val=   0.32564
       -0.6670766557868 bend  32   31   30
        0.6277677669060 bend  32   33   30
       -0.2715400867933 bend   2   31   30
        0.2880143283339 bend   2   33   30
       -0.0267167887214 bend   2   32   30
  65 k -0.3739258875818 bend  33   31   30      val=  -0.12952
        0.1599176100800 bend  32   31   30
        0.1969990901842 bend  32   33   30
        0.4090677082047 bend   2   31   30
        0.3370995379034 bend   2   33   30
       -0.7175128282466 bend   2   32   30
  66 k -0.0195834888341 bend  33   31   30      val=  -0.13869
        0.2886695662417 bend  32   31   30
       -0.2713779467784 bend  32   33   30
       -0.6252089993781 bend   2   31   30
        0.6708609471561 bend   2   33   30
       -0.0412271169339 bend   2   32   30
  67 k  1.0000000000000 stre   1    5           val=   4.00168
  68 k  1.0000000000000 stre   1    4           val=   4.00175
  69 k  0.0032400251807 bend   4    5    1      val=   0.00553
        0.7054825300560 bend   2    4    1
       -0.7087199037861 bend   3    5    1
  70 k  0.8164947697183 bend   4    5    1      val=  -4.27955
       -0.4110456427611 bend   2    4    1
       -0.4054352853290 bend   3    5    1
  71 k -0.5010996091838 outp   5    2    4    1 val=  -0.02980
       -0.5018708041516 outp   4    5    3    1
       -0.4989336139370 outp   5    3    2    1
       -0.4980864648831 outp   4    3    2    1
  72 k  0.4988751967078 outp   5    2    4    1 val=  -1.22655
       -0.4980986212991 outp   4    5    3    1
        0.5010770428009 outp   5    3    2    1
       -0.5019393377167 outp   4    3    2    1
  73 k  1.0000000000000 stre   3   22           val=   3.46875
  74 k  1.0000000000000 stre   3   18           val=   3.47624
  75 k  0.2155026066585 bend  18   22    3      val=   4.65075
       -0.5318723600935 bend   1   22    3
       -0.4249386321478 bend   1   18    3
        0.4652965336472 bend   7   22    3
        0.5230647319178 bend   7   18    3
  76 k -0.0025610959800 bend  18   22    3      val=   0.51542
       -0.4755169957013 bend   1   22    3
        0.5696306176267 bend   1   18    3
       -0.5105375970320 bend   7   22    3
        0.4344529307827 bend   7   18    3
  77 k -0.8641828617919 bend  18   22    3      val=   7.14124
        0.1244979717487 bend   1   22    3
        0.1609521273111 bend   1   18    3
        0.3357681919093 bend   7   22    3
        0.3147099782842 bend   7   18    3
  78 k -0.0173583744260 bend  18   22    3      val=   1.93534
        0.4702420814252 bend   1   22    3
       -0.4756794112605 bend   1   18    3
       -0.5034189287633 bend   7   22    3
        0.5466896300094 bend   7   18    3
  79 k  1.0000000000000 stre   2   26           val=   3.46876
  80 k  1.0000000000000 stre   2   30           val=   3.47632
  81 k  0.2151173544001 bend  30   26    2      val=   4.58091
       -0.5333211952025 bend   1   26    2
       -0.4236224272680 bend   1   30    2
        0.4628865375254 bend   6   26    2
        0.5249505872718 bend   6   30    2
  82 k -0.0034917715997 bend  30   26    2      val=   0.50971
       -0.4730649798816 bend   1   26    2
        0.5705185323833 bend   1   30    2
       -0.5127527275054 bend   6   26    2
        0.4333481013962 bend   6   30    2
  83 k -0.8644388760282 bend  30   26    2      val=   7.06884
        0.1235440224859 bend   1   26    2
        0.1614773520539 bend   1   30    2
        0.3364378032136 bend   6   26    2
        0.3133958733959 bend   6   30    2
  84 k -0.0188640895464 bend  30   26    2      val=   1.99578
        0.4717856759269 bend   1   26    2
       -0.4754934837373 bend   1   30    2
       -0.5024442574436 bend   6   26    2
        0.5463681334056 bend   6   30    2
  85 k  1.0000000000000 stre   1    2           val=   4.28683
  86 k  1.0000000000000 stre   2    6           val=   3.51804
  87 k  1.0000000000000 stre   6    7           val=   2.90501
  88 k  1.0000000000000 stre   7    3           val=   3.51821
  89 k  1.0000000000000 stre   3    1           val=   4.28666
  90 k -0.5116672736017 bend   1    6    2      val=  -6.82617
        0.1954395075848 bend   2    7    6
        0.1954395075849 bend   6    3    7
       -0.5116672736017 bend   7    1    3
        0.6324555320337 bend   3    2    1
  91 k  0.3717480344602 bend   1    6    2      val=  -0.01131
       -0.6015009550075 bend   2    7    6
        0.6015009550075 bend   6    3    7
       -0.3717480344602 bend   7    1    3
  92 k -0.5116672736017 tors   6    7    3    1 val= -34.03217
        0.1954395075848 tors   7    3    1    2
        0.1954395075849 tors   3    1    2    6
       -0.5116672736017 tors   1    2    6    7
        0.6324555320337 tors   2    6    7    3
  93 k  0.3717480344602 tors   6    7    3    1 val=  -0.16488
       -0.6015009550075 tors   7    3    1    2
        0.6015009550075 tors   3    1    2    6
       -0.3717480344602 tors   1    2    6    7
        93 non zero eigenvalues  of BmBt
           1           4.906519562    1    0
         1
           2           4.189380179    2    0
         2
           3           4.154320986    3    0
         3
           4           4.131660231    4    0
         4
           5           3.873055489    5    0
         5
           6           3.647917839    6    0
         6
           7           3.525165697    7    0
         7
           8           3.521039535    8    0
         8
           9           3.513359490    9    0
         9
          10           3.348181028   10    0
        10
          11           3.245844476   11    0
        11
          12           3.238645182   12    0
        12
          13           3.205492120   13    0
        13
          14           3.162328942   14    0
        14
          15           3.112317234   15    0
        15
          16           3.106987746   16    0
        16
          17           3.102286580   17    0
        17
          18           3.080909010   18    0
        18
          19           3.044695898   19    0
        19
          20           3.044368459   20    0
        20
          21           2.964832515   21    0
        21
          22           2.911235570   22    0
        22
          23           2.721526372   23    0
        23
          24           2.346702538   24    0
        24
          25           2.332289974   25    0
        25
          26           2.228826879   26    0
        26
          27           2.044756661   27    0
        27
          28           1.578314320   28    0
        28
          29           1.382740479   29    0
        29
          30           1.312443113   30    0
        30
          31           1.199951158   31    0
        31
          32           1.149526568   32    0
        32
          33           1.120238088   33    0
        33
          34           0.873322661   34    0
        34
          35           0.871056040   35    0
        35
          36           0.863293142   36    0
        36
          37           0.862286014   37    0
        37
          38           0.855715884   38    0
        38
          39           0.848583924   39    0
        39
          40           0.817494204   40    0
        40
          41           0.778560590   41    0
        41
          42           0.761925367   42    0
        42
          43           0.735405285   43    0
        43
          44           0.731160945   44    0
        44
          45           0.711000243   45    0
        45
          46           0.697186636   46    0
        46
          47           0.695691352   47    0
        47
          48           0.695528824   48    0
        48
          49           0.692640358   49    0
        49
          50           0.692404503   50    0
        50
          51           0.684544516   51    0
        51
          52           0.681019073   52    0
        52
          53           0.675144567   53    0
        53
          54           0.673811247   54    0
        54
          55           0.671922058   55    0
        55
          56           0.669848819   56    0
        56
          57           0.655838737   57    0
        57
          58           0.564219671   58    0
        58
          59           0.513222071   59    0
        59
          60           0.512996688   60    0
        60
          61           0.358374041   61    0
        61
          62           0.342861590   62    0
        62
          63           0.337949712   63    0
        63
          64           0.331008842   64    0
        64
          65           0.330524337   65    0
        65
          66           0.327492186   66    0
        66
          67           0.316205748   67    0
        67
          68           0.313627925   68    0
        68
          69           0.309545248   69    0
        69
          70           0.307604830   70    0
        70
          71           0.298148630   71    0
        71
          72           0.293174772   72    0
        72
          73           0.280149815   73    0
        73
          74           0.266008543   74    0
        74
          75           0.257742511   75    0
        75
          76           0.223965443   76    0
        76
          77           0.144312770   77    0
        77
          78           0.143492667   78    0
        78
          79           0.128209062   79    0
        79
          80           0.079313003   80    0
        80
          81           0.066467892   81    0
        81
          82           0.065768023   82    0
        82
          83           0.050290911   83    0
        83
          84           0.045252566   84    0
        84
          85           0.040309868   85    0
        85
          86           0.037450501   86    0
        86
          87           0.027783573   87    0
        87
          88           0.022284317   88    0
        88
          89           0.022067466   89    0
        89
          90           0.018967771   90    0
        90
          91           0.013314204   91    0
        91
          92           0.012999537   92    0
        92
          93           0.005117601   93    0
        93
$end
