Mn     0 
S   21   1.00
 12210500.0000000            0.0000580        
 1828157.0000000             0.0001650        
 416030.3000000              0.0004380        
 117843.6000000              0.0010700        
  38448.1400000              0.0025760        
  13881.7100000              0.0062270        
   5415.0020000              0.0152550        
   2246.4600000              0.0369930        
    980.1463000              0.0847020        
    445.8952000              0.1707500        
    210.0558000              0.2743970        
    101.8046000              0.2920430        
     50.0112600              0.1562220        
     22.9393900              0.0570620        
     11.5226400              0.0808350        
      5.7763380              0.0554240        
      2.6259590              0.0066290        
      1.2603220             -0.0002790        
      0.5771300             -0.0000720        
      0.1365820             -0.0000030        
      0.0635350              0.0000180        
S   21   1.00
 12210500.0000000           -0.0000280        
 1828157.0000000            -0.0000790        
 416030.3000000             -0.0002090        
 117843.6000000             -0.0005120        
  38448.1400000             -0.0012360        
  13881.7100000             -0.0030000        
   5415.0020000             -0.0073920        
   2246.4600000             -0.0181990        
    980.1463000             -0.0427750        
    445.8952000             -0.0916740        
    210.0558000             -0.1657000        
    101.8046000             -0.2259060        
     50.0112600             -0.1460020        
     22.9393900              0.2013410        
     11.5226400              0.5511090        
      5.7763380              0.3649400        
      2.6259590              0.0468620        
      1.2603220             -0.0049100        
      0.5771300             -0.0008110        
      0.1365820             -0.0002310        
      0.0635350              0.0002610        
S   21   1.00
 12210500.0000000            0.0000070        
 1828157.0000000             0.0000190        
 416030.3000000              0.0000510        
 117843.6000000              0.0001250        
  38448.1400000              0.0003020        
  13881.7100000              0.0007350        
   5415.0020000              0.0018160        
   2246.4600000              0.0045200        
    980.1463000              0.0107630        
    445.8952000              0.0239650        
    210.0558000              0.0458380        
    101.8046000              0.0701710        
     50.0112600              0.0489920        
     22.9393900             -0.0969430        
     11.5226400             -0.3667830        
      5.7763380             -0.3506890        
      2.6259590              0.2826890        
      1.2603220              0.6877440        
      0.5771300              0.3208270        
      0.1365820              0.0142970        
      0.0635350             -0.0039610        
S   21   1.00
 12210500.0000000           -0.0000020        
 1828157.0000000            -0.0000040        
 416030.3000000             -0.0000110        
 117843.6000000             -0.0000280        
  38448.1400000             -0.0000670        
  13881.7100000             -0.0001640        
   5415.0020000             -0.0004050        
   2246.4600000             -0.0010090        
    980.1463000             -0.0023990        
    445.8952000             -0.0053570        
    210.0558000             -0.0102290        
    101.8046000             -0.0157930        
     50.0112600             -0.0109470        
     22.9393900              0.0218960        
     11.5226400              0.0881540        
      5.7763380              0.0858360        
      2.6259590             -0.0805790        
      1.2603220             -0.2334220        
      0.5771300             -0.2180350        
      0.1365820              0.3213000        
      0.0635350              0.5871860        
S   21   1.00
 12210500.0000000           -0.0000030        
 1828157.0000000            -0.0000090        
 416030.3000000             -0.0000230        
 117843.6000000             -0.0000570        
  38448.1400000             -0.0001340        
  13881.7100000             -0.0003410        
   5415.0020000             -0.0007900        
   2246.4600000             -0.0021450        
    980.1463000             -0.0045600        
    445.8952000             -0.0117340        
    210.0558000             -0.0185180        
    101.8046000             -0.0375870        
     50.0112600             -0.0109190        
     22.9393900              0.0172930        
     11.5226400              0.2491810        
      5.7763380              0.0803670        
      2.6259590             -0.0187700        
      1.2603220             -1.0968980        
      0.5771300              0.5280050        
      0.1365820              1.8057720        
      0.0635350             -1.1683710        
S   21   1.00
 12210500.0000000           -0.0000050        
 1828157.0000000            -0.0000140        
 416030.3000000             -0.0000370        
 117843.6000000             -0.0000910        
  38448.1400000             -0.0002130        
  13881.7100000             -0.0005440        
   5415.0020000             -0.0012540        
   2246.4600000             -0.0034240        
    980.1463000             -0.0072400        
    445.8952000             -0.0187740        
    210.0558000             -0.0294560        
    101.8046000             -0.0606780        
     50.0112600             -0.0172460        
     22.9393900              0.0278370        
     11.5226400              0.4339450        
      5.7763380              0.1645920        
      2.6259590             -0.4097160        
      1.2603220             -1.9645600        
      0.5771300              2.8395490        
      0.1365820             -0.9662380        
      0.0635350             -1.1393420        
S   21   1.00
 12210500.0000000           -0.0000060        
 1828157.0000000            -0.0000160        
 416030.3000000             -0.0000440        
 117843.6000000             -0.0001040        
  38448.1400000             -0.0002660        
  13881.7100000             -0.0005870        
   5415.0020000             -0.0016770        
   2246.4600000             -0.0034070        
    980.1463000             -0.0105060        
    445.8952000             -0.0167510        
    210.0558000             -0.0495550        
    101.8046000             -0.0381420        
     50.0112600             -0.0951520        
     22.9393900              0.2112910        
     11.5226400              0.2315620        
      5.7763380              0.8752810        
      2.6259590             -2.9729550        
      1.2603220              1.9405330        
      0.5771300              0.8065440        
      0.1365820             -3.8652740        
      0.0635350              5.3654950        
S   1   1.00
      0.0285210              1.0000000        
P   17   1.00
  35005.1200000              0.0000480        
   8279.4620000              0.0001870        
   2688.4650000              0.0007950        
   1029.4900000              0.0030450        
    438.0708000              0.0106220        
    200.6153000              0.0323120        
     97.0076900              0.0841060        
     48.8705200              0.1778670        
     25.2928100              0.2896740        
     13.3538200              0.3295160        
      7.1317860              0.2101060        
      3.7643650              0.0543090        
      1.9462650              0.0009210        
      0.9854550             -0.0025450        
      0.4818650             -0.0013860        
      0.18822219            -0.0001010        
      0.07753957            -0.0000060        
P   17   1.00
  35005.1200000             -0.0000170        
   8279.4620000             -0.0000650        
   2688.4650000             -0.0002760        
   1029.4900000             -0.0010630        
    438.0708000             -0.0037280        
    200.6153000             -0.0114960        
     97.0076900             -0.0306030        
     48.8705200             -0.0670670        
     25.2928100             -0.1137030        
     13.3538200             -0.1370730        
      7.1317860             -0.0467790        
      3.7643650              0.1938100        
      1.9462650              0.4032800        
      0.9854550              0.3802000        
      0.4818650              0.1659910        
      0.18822219             0.0176060        
      0.07753957            -0.0009790        
P   17   1.00
  35005.1200000             -0.0000040        
   8279.4620000             -0.0000150        
   2688.4650000             -0.0000640        
   1029.4900000             -0.0002440        
    438.0708000             -0.0008620        
    200.6153000             -0.0026400        
     97.0076900             -0.0071040        
     48.8705200             -0.0154490        
     25.2928100             -0.0266700        
     13.3538200             -0.0317120        
      7.1317860             -0.0106380        
      3.7643650              0.0556750        
      1.9462650              0.1103720        
      0.9854550              0.1279880        
      0.4818650             -0.0059250        
      0.18822219            -0.3403060        
      0.07753957            -0.5399780        
P   17   1.00
  35005.1200000              0.0000050        
   8279.4620000              0.0000200        
   2688.4650000              0.0000870        
   1029.4900000              0.0003310        
    438.0708000              0.0011680        
    200.6153000              0.0035830        
     97.0076900              0.0096140        
     48.8705200              0.0209630        
     25.2928100              0.0360950        
     13.3538200              0.0432600        
      7.1317860              0.0145930        
      3.7643650             -0.0739170        
      1.9462650             -0.1508130        
      0.9854550             -0.1784340        
      0.4818650              0.0078630        
      0.18822219             0.5895700        
      0.07753957             0.4812390        
P   17   1.00
  35005.1200000              0.0000110        
   8279.4620000              0.0000420        
   2688.4650000              0.0001890        
   1029.4900000              0.0006700        
    438.0708000              0.0025720        
    200.6153000              0.0072120        
     97.0076900              0.0213320        
     48.8705200              0.0415820        
     25.2928100              0.0832960        
     13.3538200              0.0812140        
      7.1317860              0.0663900        
      3.7643650             -0.2544520        
      1.9462650             -0.3788380        
      0.9854550             -0.3911210        
      0.4818650              1.1724280        
      0.18822219             0.3433290        
      0.07753957            -0.8913400        
P   17   1.00
  35005.1200000             -0.0000150        
   8279.4620000             -0.0000600        
   2688.4650000             -0.0002330        
   1029.4900000             -0.0009920        
    438.0708000             -0.0031070        
    200.6153000             -0.0108160        
     97.0076900             -0.0253500        
     48.8705200             -0.0647510        
     25.2928100             -0.0906570        
     13.3538200             -0.1700890        
      7.1317860             -0.0386240        
      3.7643650              0.4446210        
      1.9462650              1.0592000        
      0.9854550             -1.5463780        
      0.4818650             -0.4568530        
      0.18822219             1.7988000        
      0.07753957            -1.0962300        
P   1   1.00
      0.03154945             1.0000000        
D   10   1.00
    313.1090000              0.0003590        
     92.5276000              0.0031830        
     35.4191000              0.0160470        
     15.1577000              0.0537480        
      6.9096400              0.1349810        
      3.2725600              0.2407980        
      1.5493600              0.3099540        
      0.7170940              0.3033480        
      0.3193100              0.2162990        
      0.1341570              0.0917180        
D   10   1.00
    313.1090000             -0.0003660        
     92.5276000             -0.0032550        
     35.4191000             -0.0164410        
     15.1577000             -0.0558650        
      6.9096400             -0.1438070        
      3.2725600             -0.2453650        
      1.5493600             -0.2370140        
      0.7170940              0.0168210        
      0.3193100              0.3826800        
      0.1341570              0.4703680        
D   10   1.00
    313.1090000             -0.0005780        
     92.5276000             -0.0051700        
     35.4191000             -0.0263440        
     15.1577000             -0.0919750        
      6.9096400             -0.2428130        
      3.2725600             -0.3418720        
      1.5493600             -0.0269540        
      0.7170940              0.6038520        
      0.3193100              0.3360190        
      0.1341570             -0.5511860        
D   10   1.00
    313.1090000             -0.0007350        
     92.5276000             -0.0066420        
     35.4191000             -0.0338840        
     15.1577000             -0.1226080        
      6.9096400             -0.3500800        
      3.2725600             -0.3191570        
      1.5493600              0.7228530        
      0.7170940              0.4559420        
      0.3193100             -1.0589930        
      0.1341570              0.1545530        
D   1   1.00
      0.0514000              1.0000000        
F   1   1.00
      4.4261000              1.0000000        
F   1   1.00
      1.2989000              1.0000000        
F   1   1.00
      0.3812000              1.0000000        
G   1   1.00
      3.1273000              1.0000000        
G   1   1.00
      0.8520000              1.0000000        
H   1   1.00
      1.9660000              1.0000000        
****
Zn     0 
S   21   1.00
      0.1785293E+08          0.0000790        
 2673038.0000000             0.0002200        
 608324.4000000              0.0005730        
 172317.6000000              0.0013640        
  56222.6900000              0.0031790        
  20299.8500000              0.0073820        
   7918.8710000              0.0173430        
   3285.3400000              0.0406290        
   1433.5240000              0.0911280        
    652.2889000              0.1824150        
    307.4360000              0.2944610        
    149.1466000              0.3208580        
     73.4510800              0.1763940        
     33.9256200              0.0269500        
     17.1894700             -0.0014620        
      8.6665950              0.0009880        
      3.9725050             -0.0004540        
      1.8946650              0.0001670        
      0.8593850             -0.0000670        
      0.1952560              0.0000210        
      0.0858540             -0.0000150        
S   21   1.00
      0.1785293E+08         -0.0000250        
 2673038.0000000            -0.0000690        
 608324.4000000             -0.0001810        
 172317.6000000             -0.0004320        
  56222.6900000             -0.0010080        
  20299.8500000             -0.0023580        
   7918.8710000             -0.0055880        
   3285.3400000             -0.0133770        
   1433.5240000             -0.0311060        
    652.2889000             -0.0675820        
    307.4360000             -0.1266200        
    149.1466000             -0.1842860        
     73.4510800             -0.1210030        
     33.9256200              0.2220190        
     17.1894700              0.5609470        
      8.6665950              0.3524860        
      3.9725050              0.0454330        
      1.8946650              0.0000520        
      0.8593850              0.0010090        
      0.1952560             -0.0001180        
      0.0858540              0.0000890        
S   21   1.00
      0.1785293E+08          0.0000090        
 2673038.0000000             0.0000260        
 608324.4000000              0.0000690        
 172317.6000000              0.0001640        
  56222.6900000              0.0003820        
  20299.8500000              0.0008950        
   7918.8710000              0.0021220        
   3285.3400000              0.0051030        
   1433.5240000              0.0118880        
    652.2889000              0.0261860        
    307.4360000              0.0498050        
    149.1466000              0.0759660        
     73.4510800              0.0517660        
     33.9256200             -0.1129780        
     17.1894700             -0.4012980        
      8.6665950             -0.3347370        
      3.9725050              0.3331000        
      1.8946650              0.6889720        
      0.8593850              0.2848640        
      0.1952560              0.0082440        
      0.0858540             -0.0030930        
S   21   1.00
      0.1785293E+08         -0.0000020        
 2673038.0000000            -0.0000050        
 608324.4000000             -0.0000140        
 172317.6000000             -0.0000330        
  56222.6900000             -0.0000770        
  20299.8500000             -0.0001820        
   7918.8710000             -0.0004290        
   3285.3400000             -0.0010360        
   1433.5240000             -0.0024050        
    652.2889000             -0.0053370        
    307.4360000             -0.0100900        
    149.1466000             -0.0156710        
     73.4510800             -0.0104000        
     33.9256200              0.0231260        
     17.1894700              0.0899450        
      8.6665950              0.0735120        
      3.9725050             -0.0850030        
      1.8946650             -0.2289690        
      0.8593850             -0.1810930        
      0.1952560              0.3479990        
      0.0858540              0.5700400        
S   21   1.00
      0.1785293E+08         -0.0000050        
 2673038.0000000            -0.0000150        
 608324.4000000             -0.0000390        
 172317.6000000             -0.0000930        
  56222.6900000             -0.0002130        
  20299.8500000             -0.0005170        
   7918.8710000             -0.0011580        
   3285.3400000             -0.0030170        
   1433.5240000             -0.0063280        
    652.2889000             -0.0159920        
    307.4360000             -0.0253830        
    149.1466000             -0.0508780        
     73.4510800             -0.0147930        
     33.9256200              0.0305570        
     17.1894700              0.3475700        
      8.6665950              0.1094030        
      3.9725050             -0.2208400        
      1.8946650             -1.3044110        
      0.8593850              1.0663570        
      0.1952560              1.4271740        
      0.0858540             -1.2613610        
S   21   1.00
      0.1785293E+08          0.0000070        
 2673038.0000000             0.0000210        
 608324.4000000              0.0000540        
 172317.6000000              0.0001270        
  56222.6900000              0.0002990        
  20299.8500000              0.0006950        
   7918.8710000              0.0016700        
   3285.3400000              0.0039400        
   1433.5240000              0.0094460        
    652.2889000              0.0201520        
    307.4360000              0.0404710        
    149.1466000              0.0582110        
     73.4510800              0.0480920        
     33.9256200             -0.1061780        
     17.1894700             -0.3822290        
      8.6665950             -0.5135870        
      3.9725050              1.5357960        
      1.8946650              0.6749030        
      0.8593850             -2.5422360        
      0.1952560              2.3368240        
      0.0858540             -0.9072220        
S   21   1.00
      0.1785293E+08         -0.0000100        
 2673038.0000000            -0.0000280        
 608324.4000000             -0.0000730        
 172317.6000000             -0.0001710        
  56222.6900000             -0.0004140        
  20299.8500000             -0.0009140        
   7918.8710000             -0.0023740        
   3285.3400000             -0.0050120        
   1433.5240000             -0.0139070        
    652.2889000             -0.0245170        
    307.4360000             -0.0633700        
    149.1466000             -0.0618520        
     73.4510800             -0.1068480        
     33.9256200              0.2254310        
     17.1894700              0.5674800        
      8.6665950              1.0107520        
      3.9725050             -5.5611700        
      1.8946650              6.9915000        
      0.8593850             -3.5424600        
      0.1952560              0.0395280        
      0.0858540              1.6266830        
S   1   1.00
      0.0367810              1.0000000        
P   17   1.00
  52867.9300000              0.0000630        
  12511.7900000              0.0002210        
   4065.2860000              0.0008710        
   1557.5950000              0.0031550        
    663.2892000              0.0107140        
    304.1561000              0.0322280        
    147.3680000              0.0837700        
     74.4546900              0.1778440        
     38.7149300              0.2905790        
     20.5702200              0.3275000        
     11.0542500              0.2059230        
      5.8746610              0.0549140        
      3.0529360              0.0049090        
      1.5472250              0.0009730        
      0.7541510              0.0001840        
      0.2655530              0.0000500        
      0.1019080             -0.0000120        
P   17   1.00
  52867.9300000             -0.0000240        
  12511.7900000             -0.0000830        
   4065.2860000             -0.0003270        
   1557.5950000             -0.0011910        
    663.2892000             -0.0040650        
    304.1561000             -0.0124020        
    147.3680000             -0.0329760        
     74.4546900             -0.0726830        
     38.7149300             -0.1239840        
     20.5702200             -0.1462900        
     11.0542500             -0.0402280        
      5.8746610              0.2098190        
      3.0529360              0.4113650        
      1.5472250              0.3688220        
      0.7541510              0.1542010        
      0.2655530              0.0141420        
      0.1019080             -0.0015040        
P   17   1.00
  52867.9300000              0.0000040        
  12511.7900000              0.0000150        
   4065.2860000              0.0000610        
   1557.5950000              0.0002180        
    663.2892000              0.0007550        
    304.1561000              0.0022760        
    147.3680000              0.0061530        
     74.4546900              0.0133900        
     38.7149300              0.0234670        
     20.5702200              0.0268920        
     11.0542500              0.0074420        
      5.8746610             -0.0497760        
      3.0529360             -0.0890630        
      1.5472250             -0.1028810        
      0.7541510              0.0042210        
      0.2655530              0.3049800        
      0.1019080              0.5410500        
P   17   1.00
  52867.9300000              0.0000080        
  12511.7900000              0.0000270        
   4065.2860000              0.0001090        
   1557.5950000              0.0003850        
    663.2892000              0.0013540        
    304.1561000              0.0040080        
    147.3680000              0.0110550        
     74.4546900              0.0234910        
     38.7149300              0.0425770        
     20.5702200              0.0468610        
     11.0542500              0.0177220        
      5.8746610             -0.1003030        
      3.0529360             -0.1633930        
      1.5472250             -0.1893930        
      0.7541510              0.1172440        
      0.2655530              0.6469500        
      0.1019080              0.3799520        
P   17   1.00
  52867.9300000              0.0000170        
  12511.7900000              0.0000580        
   4065.2860000              0.0002460        
   1557.5950000              0.0008210        
    663.2892000              0.0030900        
    304.1561000              0.0085000        
    147.3680000              0.0254170        
     74.4546900              0.0492100        
     38.7149300              0.1006690        
     20.5702200              0.0965090        
     11.0542500              0.0819270        
      5.8746610             -0.3834010        
      3.0529360             -0.4182030        
      1.5472250             -0.1677070        
      0.7541510              1.1948090        
      0.2655530             -0.0019210        
      0.1019080             -0.7337660        
P   17   1.00
  52867.9300000             -0.0000220        
  12511.7900000             -0.0000800        
   4065.2860000             -0.0002860        
   1557.5950000             -0.0011850        
    663.2892000             -0.0034930        
    304.1561000             -0.0125320        
    147.3680000             -0.0281370        
     74.4546900             -0.0760000        
     38.7149300             -0.0985060        
     20.5702200             -0.2143670        
     11.0542500             -0.0265110        
      5.8746610              0.7728880        
      3.0529360              0.6874980        
      1.5472250             -1.8748440        
      0.7541510              0.3864500        
      0.2655530              1.2436150        
      0.1019080             -1.0725970        
P   1   1.00
      0.0386230              1.0000000        
D   10   1.00
    690.0847000              0.0002080        
    202.3066000              0.0018800        
     77.4459400              0.0103150        
     33.6837800              0.0379340        
     15.6699800              0.1028900        
      7.6224700              0.2026810        
      3.7499780              0.2845300        
      1.8181510              0.3024300        
      0.8555970              0.2489250        
      0.3838420              0.1422960        
D   10   1.00
    690.0847000             -0.0002900        
    202.3066000             -0.0026300        
     77.4459400             -0.0145340        
     33.6837800             -0.0539330        
     15.6699800             -0.1524270        
      7.6224700             -0.3000970        
      3.7499780             -0.3103010        
      1.8181510              0.0218570        
      0.8555970              0.3961220        
      0.3838420              0.3968090        
D   10   1.00
    690.0847000             -0.0003220        
    202.3066000             -0.0029800        
     77.4459400             -0.0163530        
     33.6837800             -0.0616730        
     15.6699800             -0.1858900        
      7.6224700             -0.3750080        
      3.7499780             -0.0401820        
      1.8181510              0.6109590        
      0.8555970              0.3386520        
      0.3838420             -0.4891340        
D   10   1.00
    690.0847000              0.0004570        
    202.3066000              0.0037910        
     77.4459400              0.0230360        
     33.6837800              0.0812020        
     15.6699800              0.2937930        
      7.6224700              0.4477370        
      3.7499780             -0.6033540        
      1.8181510             -0.6904040        
      0.8555970              0.9760680        
      0.3838420              0.2286070        
D   1   1.00
      0.1579520              1.0000000        
F   1   1.00
      8.6408000              1.0000000        
F   1   1.00
      2.6947000              1.0000000        
F   1   1.00
      0.8403000              1.0000000        
G   1   1.00
      6.8215000              1.0000000        
G   1   1.00
      2.0378000              1.0000000        
H   1   1.00
      4.3396000              1.0000000        
