$coord
   -0.28731507181305     -0.59496091659475     -0.81975955891455      ru
    0.55061218738849      3.30155902112808      0.85608403417005      p
   -0.42342853060487     -3.26769144913596      2.61777011386020      p
    3.82578962837755     -1.88493621460374     -1.65668633059572      p
   -4.63457134491968     -0.12230816102212     -0.65895084001357      p
    0.32796925625421     -3.53812854042614     -5.30089401832148      h
   -1.04761908428037     -2.20271863872679     -4.53885130107826      c
   -0.52027250295639      0.48909020044534     -4.75518439491014      c
    1.23353093891718      1.08410977600667     -5.64138407795566      h
    3.77210500935980      4.68402936996013      0.76743807454354      c
   -0.18456781034946      4.17104316499346      4.17895793296981      c
   -1.07670340201934      5.94451589082781     -0.77370785984781      c
   -1.17677598022569     -6.67239672803021      2.14301236659806      c
    2.40233092064857     -3.69319919984550      4.66456995303545      c
   -2.64295900409268     -2.68696640956804      5.28238169990443      c
    5.25327091352861     -1.01807505356179     -4.72954790640209      c
    6.58721496966986     -1.05261546635823      0.34000990501944      c
    4.30391560579333     -5.34477128355486     -1.87421350174332      c
   -6.25679592047308      1.35011734900340     -3.38579913710646      c
   -6.25661278659033      1.69657740125825      1.85561610319272      c
   -6.51468979557151     -3.06890428902169     -0.54081040113207      c
   -2.96538488278297     -2.86526076868336     -4.91242020643019      h
   -2.05434886646086      1.75940971994239     -5.25342947379322      h
    4.54531191628028      4.51567107047474     -1.14254781822954      h
    5.00901872477089      3.67021503144853      2.07303084925031      h
    3.73500120705416      6.68513649735806      1.30487232408079      h
    0.95470178266070      2.99423386309812      5.44289781288969      h
   -2.17527936583447      3.79804160221946      4.58065763634831      h
    0.21972992733414      6.16693010759252      4.57114470752427      h
   -0.53224683382756      5.90982387220719     -2.76708626463185      h
   -0.58727519327799      7.78442510060618      0.04600982472666      h
   -3.12447857852251      5.69251263218405     -0.67639752922037      h
   -1.17341008845442     -7.73123925495736      3.92600923502313      h
    0.20171369628636     -7.50621479116502      0.85223847448500      h
   -3.03357491128357     -6.83991998863320      1.25533572569643      h
    1.98474078220575     -4.97528876889506      6.23696589541960      h
    2.96865814041883     -1.85579510641156      5.42619835225383      h
    3.98905690313554     -4.46660241694184      3.59566252176381      h
   -2.37448528188344     -4.09800175287709      6.77473828101137      h
   -4.60488131971841     -2.77949013319851      4.64850420195208      h
   -2.29803077807080     -0.80568044308398      6.06454177727008      h
    7.14679705520465     -1.84214418448235     -4.86897313096784      h
    5.39550123131765      1.03756951140290     -4.88509550025911      h
    4.09800046915528     -1.71719025407197     -6.29157351281818      h
    8.14809702536156     -2.36758830131794     -0.00975304589713      h
    6.10118048985683     -1.09214812335235      2.34184106659196      h
    7.21490346248442      0.85326432767817     -0.14149347241296      h
    6.18803712948713     -5.79408917522634     -2.60755756458054      h
    2.86551729199451     -6.13788081529098     -3.12562068729597      h
    4.09385899817780     -6.21589636920823     -0.01482453388787      h
   -8.30058569630804      1.33743891564095     -3.06075260959857      h
   -5.84435820378363      0.30531014608303     -5.11841263564344      h
   -5.62058958051960      3.29983230268491     -3.62952228589823      h
   -8.31120754272822      1.51314465597078      1.67403199339873      h
   -5.75610347599956      3.69418884830494      1.69153033693241      h
   -5.68321117518669      1.04057214113207      3.72325619142627      h
   -8.53847183189773     -2.67755677902886     -0.74164325027263      h
   -6.20274539380027     -4.05439623754883      1.24513339576832      h
   -5.89427683088687     -4.30442877482750     -2.07549701224791      h
$user-defined bonds
$redundant
     number_of_atoms            59
     degrees_of_freedom        171
     internal_coordinates      171
     frozen_coordinates          0
# definitions of redundant internals
   1 k  1.0000000000000 stre   7    6           val=   2.06307
   2 k  1.0000000000000 stre   7   22           val=   2.06309
   3 k -0.0037603848034 bend  22    6    7      val=   0.10266
        0.5754039159686 bend   8    6    7
       -0.5740725417769 bend   8   22    7
        0.4138256278451 bend   1    6    7
       -0.4099820233993 bend   1   22    7
   4 k -0.7817156528697 bend  22    6    7      val=  27.47915
        0.3903521429565 bend   8    6    7
        0.3948643493700 bend   8   22    7
        0.1987820691900 bend   1    6    7
        0.2027650786327 bend   1   22    7
   5 k -0.1513412384226 bend  22    6    7      val=   4.79328
       -0.4329576180613 bend   8    6    7
       -0.4305717212130 bend   8   22    7
        0.5487659451506 bend   1    6    7
        0.5505519601727 bend   1   22    7
   6 k  0.0002501582320 bend  22    6    7      val=   0.21148
       -0.4113673685507 bend   8    6    7
        0.4124509977892 bend   8   22    7
        0.5752434576791 bend   1    6    7
       -0.5742438195860 bend   1   22    7
   7 k  1.0000000000000 stre   8   23           val=   2.05313
   8 k  1.0000000000000 stre   8    9           val=   2.05310
   9 k -0.0078092383538 bend   9   23    8      val=   0.16820
        0.5856042988477 bend   7   23    8
       -0.5774684202182 bend   7    9    8
        0.4035758503848 bend   1   23    8
       -0.4008283642712 bend   1    9    8
  10 k -0.7818569388359 bend   9   23    8      val=  25.67825
        0.4003863160016 bend   7   23    8
        0.4116805015852 bend   7    9    8
        0.1674566904047 bend   1   23    8
        0.1756927619630 bend   1    9    8
  11 k -0.1667388606174 bend   9   23    8      val=   8.86350
       -0.4019177467356 bend   7   23    8
       -0.4009122613900 bend   7    9    8
        0.5712766581458 bend   1   23    8
        0.5688344361446 bend   1    9    8
  12 k  0.0000728519250 bend   9   23    8      val=   0.11540
        0.4015179227115 bend   7   23    8
       -0.4029280224335 bend   7    9    8
       -0.5804478285097 bend   1   23    8
        0.5826771658048 bend   1    9    8
  13 k  0.3333333333333 tors  25   10    2    1 val=  52.76443
        0.3333333333333 tors  25   10    2   11
        0.3333333333333 tors  25   10    2   12
        0.3333333333333 tors  24   10    2    1
        0.3333333333333 tors  24   10    2   11
        0.3333333333333 tors  24   10    2   12
        0.3333333333333 tors  26   10    2    1
        0.3333333333333 tors  26   10    2   11
        0.3333333333333 tors  26   10    2   12
  14 k  1.0000000000000 stre  10   25           val=   2.06455
  15 k  1.0000000000000 stre  10   24           val=   2.06742
  16 k  1.0000000000000 stre  10   26           val=   2.07235
  17 k  0.3889517846862 bend  24   25   10      val=   0.53449
        0.4215592696313 bend  26   25   10
        0.4271648833191 bend  26   24   10
       -0.4082212156119 bend   2   25   10
       -0.4042821116728 bend   2   24   10
       -0.3980525934372 bend   2   26   10
  18 k  0.7492377094483 bend  24   25   10      val=   1.16872
       -0.3909710015843 bend  26   25   10
       -0.3091977901047 bend  26   24   10
        0.1535111353083 bend   2   25   10
        0.1881146315200 bend   2   24   10
       -0.3622547087337 bend   2   26   10
  19 k  0.0489771109164 bend  24   25   10      val=   0.00096
        0.6245912998801 bend  26   25   10
       -0.6650828449209 bend  26   24   10
        0.2951860971926 bend   2   25   10
       -0.2782360652755 bend   2   24   10
       -0.0245279456245 bend   2   26   10
  20 k  0.2898709280424 bend  24   25   10      val=   0.42688
       -0.3105206218769 bend  26   25   10
        0.0278309949103 bend  26   24   10
        0.0803179655684 bend   2   25   10
       -0.6795479381298 bend   2   24   10
        0.5920649021668 bend   2   26   10
  21 k -0.2109130399402 bend  24   25   10      val=   0.04644
       -0.1278392739119 bend  26   25   10
        0.3364227745711 bend  26   24   10
        0.7403412212148 bend   2   25   10
       -0.3049227333829 bend   2   24   10
       -0.4300110803400 bend   2   26   10
  22 k  0.3333333333333 tors  28   11    2    1 val=  62.11082
        0.3333333333333 tors  28   11    2   10
        0.3333333333333 tors  28   11    2   12
        0.3333333333333 tors  27   11    2    1
        0.3333333333333 tors  27   11    2   10
        0.3333333333333 tors  27   11    2   12
        0.3333333333333 tors  29   11    2    1
        0.3333333333333 tors  29   11    2   10
        0.3333333333333 tors  29   11    2   12
  23 k  1.0000000000000 stre  11   28           val=   2.06481
  24 k  1.0000000000000 stre  11   27           val=   2.06890
  25 k  1.0000000000000 stre  11   29           val=   2.07384
  26 k  0.3597494497778 bend  27   28   11      val=   0.75651
        0.4468255691268 bend  29   28   11
        0.4324213234183 bend  29   27   11
       -0.4085911064833 bend   2   28   11
       -0.4070608526583 bend   2   27   11
       -0.3889650538906 bend   2   29   11
  27 k  0.7541132032817 bend  27   28   11      val=   1.97148
       -0.2381140523261 bend  29   28   11
       -0.4117690332164 bend  29   27   11
        0.2103878643235 bend   2   28   11
        0.1216126170981 bend   2   27   11
       -0.3821106592508 bend   2   29   11
  28 k  0.1139258555227 bend  27   28   11      val=   0.84057
       -0.6846439292687 bend  29   28   11
        0.6029333996088 bend  29   27   11
       -0.2578981497314 bend   2   28   11
        0.2933333105241 bend   2   27   11
       -0.0468936935770 bend   2   29   11
  29 k -0.3639547640528 bend  27   28   11      val=  -0.28410
        0.1032397635324 bend  29   28   11
        0.2470069792865 bend  29   27   11
        0.5103118496902 bend   2   28   11
        0.2112726154408 bend   2   27   11
       -0.7005795680459 bend   2   29   11
  30 k -0.0821678807184 bend  27   28   11      val=  -0.37593
        0.3067586505120 bend  29   28   11
       -0.2327489229015 bend  29   27   11
       -0.5413486603778 bend   2   28   11
        0.7230974527396 bend   2   27   11
       -0.1704324216549 bend   2   29   11
  31 k  0.3333333333333 tors  32   12    2    1 val=  60.21560
        0.3333333333333 tors  32   12    2   10
        0.3333333333333 tors  32   12    2   11
        0.3333333333333 tors  30   12    2    1
        0.3333333333333 tors  30   12    2   10
        0.3333333333333 tors  30   12    2   11
        0.3333333333333 tors  31   12    2    1
        0.3333333333333 tors  31   12    2   10
        0.3333333333333 tors  31   12    2   11
  32 k  1.0000000000000 stre  12   32           val=   2.06552
  33 k  1.0000000000000 stre  12   30           val=   2.06669
  34 k  1.0000000000000 stre  12   31           val=   2.07286
  35 k  0.3579624694020 bend  30   32   12      val=   0.71045
        0.4418486161010 bend  31   32   12
        0.4376190428389 bend  31   30   12
       -0.4115693048343 bend   2   32   12
       -0.4063394554827 bend   2   30   12
       -0.3880994698918 bend   2   31   12
  36 k  0.7392955277212 bend  30   32   12      val=   1.42893
       -0.1652335658719 bend  31   32   12
       -0.4716151316123 bend  31   30   12
        0.2358952371523 bend   2   32   12
        0.0835214234266 bend   2   30   12
       -0.3756284972585 bend   2   31   12
  37 k  0.1921155037327 bend  30   32   12      val=   1.23837
       -0.7074348381081 bend  31   32   12
        0.5515716835205 bend  31   30   12
       -0.2351900997628 bend   2   32   12
        0.3104456880740 bend   2   30   12
       -0.0818862181605 bend   2   31   12
  38 k -0.3643141716059 bend  30   32   12      val=  -0.29154
        0.2121673689211 bend  31   32   12
        0.1384489325227 bend  31   30   12
        0.2630464984732 bend   2   32   12
        0.4740050101675 bend   2   30   12
       -0.7135950357119 bend   2   31   12
  39 k -0.0653375905957 bend  30   32   12      val=   0.90173
       -0.2460155979160 bend  31   32   12
        0.3156553681789 bend  31   30   12
        0.6948078926920 bend   2   32   12
       -0.5836792920860 bend   2   30   12
       -0.1101339621548 bend   2   31   12
  40 k  0.3333333333333 tors  35   13    3    1 val=  59.85462
        0.3333333333333 tors  35   13    3   14
        0.3333333333333 tors  35   13    3   15
        0.3333333333333 tors  34   13    3    1
        0.3333333333333 tors  34   13    3   14
        0.3333333333333 tors  34   13    3   15
        0.3333333333333 tors  33   13    3    1
        0.3333333333333 tors  33   13    3   14
        0.3333333333333 tors  33   13    3   15
  41 k  1.0000000000000 stre  13   35           val=   2.06488
  42 k  1.0000000000000 stre  13   34           val=   2.06436
  43 k  1.0000000000000 stre  13   33           val=   2.07370
  44 k  0.3417597413342 bend  34   35   13      val=   0.61495
        0.4471814524799 bend  33   35   13
        0.4459491319082 bend  33   34   13
       -0.4108015969566 bend   3   35   13
       -0.4110877943943 bend   3   34   13
       -0.3828932915964 bend   3   33   13
  45 k  0.7706993406678 bend  34   35   13      val=   2.08169
       -0.3149857505362 bend  33   35   13
       -0.3180056300672 bend  33   34   13
        0.1604184922773 bend   3   35   13
        0.1590749820537 bend   3   34   13
       -0.3932429019308 bend   3   33   13
  46 k  0.0021975452993 bend  34   35   13      val=   0.06273
       -0.6503803054854 bend  33   35   13
        0.6497130288659 bend  33   34   13
       -0.2782797235321 bend   3   35   13
        0.2782674726513 bend   3   34   13
       -0.0011037610520 bend   3   33   13
  47 k -0.3742331305188 bend  34   35   13      val=   0.05624
        0.1749561138375 bend  33   35   13
        0.1835914309239 bend  33   34   13
        0.3836372630787 bend   3   35   13
        0.3640177737088 bend   3   34   13
       -0.7182949391064 bend   3   33   13
  48 k -0.0056425425366 bend  34   35   13      val=   0.08429
        0.2809399806120 bend  33   35   13
       -0.2755419266392 bend  33   34   13
       -0.6441767344050 bend   3   35   13
        0.6557726276865 bend   3   34   13
       -0.0107764233316 bend   3   33   13
  49 k  0.3333333333333 tors  38   14    3    1 val=  58.49988
        0.3333333333333 tors  38   14    3   13
        0.3333333333333 tors  38   14    3   15
        0.3333333333333 tors  37   14    3    1
        0.3333333333333 tors  37   14    3   13
        0.3333333333333 tors  37   14    3   15
        0.3333333333333 tors  36   14    3    1
        0.3333333333333 tors  36   14    3   13
        0.3333333333333 tors  36   14    3   15
  50 k  1.0000000000000 stre  14   38           val=   2.06359
  51 k  1.0000000000000 stre  14   37           val=   2.06806
  52 k  1.0000000000000 stre  14   36           val=   2.07137
  53 k  0.4053894671748 bend  37   38   14      val=   1.14991
        0.4288232213708 bend  36   38   14
        0.4130682623973 bend  36   37   14
       -0.4041239451237 bend   3   38   14
       -0.4005164185583 bend   3   37   14
       -0.3967556814461 bend   3   36   14
  54 k  0.6765317608570 bend  37   38   14      val=  -0.12054
       -0.0797843141574 bend  36   38   14
       -0.5852426700681 bend  36   37   14
        0.2882864753003 bend   3   38   14
        0.0323375557251 bend   3   37   14
       -0.3305683704567 bend   3   36   14
  55 k  0.3094614727306 bend  37   38   14      val=   0.98430
       -0.7304993729758 bend  36   38   14
        0.4495505733482 bend  36   37   14
       -0.2039437831294 bend   3   38   14
        0.3310051501045 bend   3   37   14
       -0.1317234561753 bend   3   36   14
  56 k -0.3252869298507 bend  37   38   14      val=   0.36873
        0.0350372511528 bend  36   38   14
        0.2940035359593 bend  36   37   14
        0.5914610638695 bend   3   38   14
        0.0794974152669 bend   3   37   14
       -0.6711011071631 bend   3   36   14
  57 k  0.1348918176872 bend  37   38   14      val=   0.75114
       -0.3298540012569 bend  36   38   14
        0.2035794411981 bend  36   37   14
        0.4341949832812 bend   3   38   14
       -0.7431683541615 bend   3   37   14
        0.3012166336105 bend   3   36   14
  58 k  0.3333333333333 tors  40   15    3    1 val=  62.29761
        0.3333333333333 tors  40   15    3   13
        0.3333333333333 tors  40   15    3   14
        0.3333333333333 tors  41   15    3    1
        0.3333333333333 tors  41   15    3   13
        0.3333333333333 tors  41   15    3   14
        0.3333333333333 tors  39   15    3    1
        0.3333333333333 tors  39   15    3   13
        0.3333333333333 tors  39   15    3   14
  59 k  1.0000000000000 stre  15   40           val=   2.06386
  60 k  1.0000000000000 stre  15   41           val=   2.06639
  61 k  1.0000000000000 stre  15   39           val=   2.07129
  62 k  0.4011344670569 bend  41   40   15      val=   0.94990
        0.4267128509546 bend  39   40   15
        0.4170932328223 bend  39   41   15
       -0.4058125014266 bend   3   40   15
       -0.4007588890000 bend   3   41   15
       -0.3971763385152 bend   3   39   15
  63 k  0.6898661412246 bend  41   40   15      val=   0.32200
       -0.1022015881431 bend  39   40   15
       -0.5656017833093 bend  39   41   15
        0.2787796101688 bend   3   40   15
        0.0453089063498 bend   3   41   15
       -0.3375843557538 bend   3   39   15
  64 k  0.2832678369256 bend  41   40   15      val=   1.18470
       -0.7290417342343 bend  39   40   15
        0.4711918505968 bend  39   41   15
       -0.2100230033330 bend   3   40   15
        0.3285004320780 bend   3   41   15
       -0.1192204950286 bend   3   39   15
  65 k -0.3542260832445 bend  41   40   15      val=   0.03831
        0.1677958676635 bend  39   40   15
        0.1841390721086 bend  39   41   15
        0.3609855536846 bend   3   40   15
        0.3779963225846 bend   3   41   15
       -0.7343496721664 bend   3   39   15
  66 k -0.0105472898843 bend  41   40   15      val=   0.91935
       -0.2835696336213 bend  39   40   15
        0.3031271556296 bend  39   41   15
        0.6411026079400 bend   3   40   15
       -0.6454283779021 bend   3   41   15
       -0.0007747096891 bend   3   39   15
  67 k  0.3333333333333 tors  44   16    4    1 val=  59.49014
        0.3333333333333 tors  44   16    4   17
        0.3333333333333 tors  44   16    4   18
        0.3333333333333 tors  43   16    4    1
        0.3333333333333 tors  43   16    4   17
        0.3333333333333 tors  43   16    4   18
        0.3333333333333 tors  42   16    4    1
        0.3333333333333 tors  42   16    4   17
        0.3333333333333 tors  42   16    4   18
  68 k  1.0000000000000 stre  16   44           val=   2.06478
  69 k  1.0000000000000 stre  16   43           val=   2.06642
  70 k  1.0000000000000 stre  16   42           val=   2.06978
  71 k  0.3987317732490 bend  43   44   16      val=   0.50715
        0.4216271346241 bend  42   44   16
        0.4159781039804 bend  42   43   16
       -0.4072101612469 bend   4   44   16
       -0.4062904157816 bend   4   43   16
       -0.3991412431466 bend   4   42   16
  72 k  0.7178354511116 bend  43   44   16      val=   0.23532
       -0.1729694235026 bend  42   44   16
       -0.5227513292075 bend  42   43   16
        0.2454145898649 bend   4   44   16
        0.0773902100605 bend   4   43   16
       -0.3395693242043 bend   4   42   16
  73 k  0.2094002409647 bend  43   44   16      val=   0.32438
       -0.7157854747065 bend  42   44   16
        0.5201114434301 bend  42   43   16
       -0.2403342519066 bend   4   44   16
        0.3270404242189 bend   4   43   16
       -0.0925785503418 bend   4   42   16
  74 k -0.3363744456893 bend  43   44   16      val=   0.66030
        0.0946206579731 bend  42   44   16
        0.2433099263011 bend  42   43   16
        0.5115064438101 bend   4   44   16
        0.2085493320398 bend   4   43   16
       -0.7166364330550 bend   4   42   16
  75 k -0.0801044237741 bend  43   44   16      val=  -0.10523
        0.3251157329704 bend  42   44   16
       -0.2476496697534 bend  42   43   16
       -0.5340182630972 bend   4   44   16
        0.7142078816777 bend   4   43   16
       -0.1768736242805 bend   4   42   16
  76 k  0.3333333333333 tors  46   17    4    1 val=  79.87426
        0.3333333333333 tors  46   17    4   16
        0.3333333333333 tors  46   17    4   18
        0.3333333333333 tors  47   17    4    1
        0.3333333333333 tors  47   17    4   16
        0.3333333333333 tors  47   17    4   18
        0.3333333333333 tors  45   17    4    1
        0.3333333333333 tors  45   17    4   16
        0.3333333333333 tors  45   17    4   18
  77 k  1.0000000000000 stre  17   46           val=   2.06037
  78 k  1.0000000000000 stre  17   47           val=   2.06354
  79 k  1.0000000000000 stre  17   45           val=   2.07071
  80 k  0.4039159343892 bend  47   46   17      val=   0.98718
        0.4469540521368 bend  45   46   17
        0.3916228595892 bend  45   47   17
       -0.3996387718289 bend   4   46   17
       -0.4080261084751 bend   4   47   17
       -0.3968867293396 bend   4   45   17
  81 k -0.6141911865158 bend  47   46   17      val=   0.50582
       -0.0229914722536 bend  45   46   17
        0.6534597391870 bend  45   47   17
       -0.3232160648616 bend   4   46   17
        0.0180562846713 bend   4   47   17
        0.3007262773202 bend   4   45   17
  82 k  0.4237977375280 bend  47   46   17      val=   1.18115
       -0.7236857775603 bend  45   46   17
        0.3654487049387 bend  45   47   17
       -0.1671840629475 bend   4   46   17
        0.3190363445018 bend   4   47   17
       -0.1827208720019 bend   4   45   17
  83 k  0.2617544023236 bend  47   46   17      val=  -0.33810
        0.0776552365245 bend  45   46   17
       -0.3482689443229 bend  45   47   17
       -0.6972979437832 bend   4   46   17
        0.1699022930902 bend   4   47   17
        0.5376540039125 bend   4   45   17
  84 k -0.2274933396543 bend  47   46   17      val=   0.02318
        0.3183083707265 bend  45   46   17
       -0.0957750705743 bend  45   47   17
       -0.2134989922394 bend   4   46   17
        0.7324760230421 bend   4   47   17
       -0.5056191782123 bend   4   45   17
  85 k  0.3333333333333 tors  50   18    4    1 val=  52.27732
        0.3333333333333 tors  50   18    4   16
        0.3333333333333 tors  50   18    4   17
        0.3333333333333 tors  49   18    4    1
        0.3333333333333 tors  49   18    4   16
        0.3333333333333 tors  49   18    4   17
        0.3333333333333 tors  48   18    4    1
        0.3333333333333 tors  48   18    4   16
        0.3333333333333 tors  48   18    4   17
  86 k  1.0000000000000 stre  18   50           val=   2.06405
  87 k  1.0000000000000 stre  18   49           val=   2.06495
  88 k  1.0000000000000 stre  18   48           val=   2.07113
  89 k  0.3862659500114 bend  49   50   18      val=   0.79164
        0.4203933739920 bend  48   50   18
        0.4328724727135 bend  48   49   18
       -0.4103831752154 bend   4   50   18
       -0.4030170360164 bend   4   49   18
       -0.3947814173856 bend   4   48   18
  90 k  0.7357660324808 bend  49   50   18      val=   0.61885
       -0.2059098018841 bend  48   50   18
       -0.4749721951363 bend  48   49   18
        0.2294961158081 bend   4   50   18
        0.0976256334673 bend   4   49   18
       -0.3584015643130 bend   4   48   18
  91 k  0.1586516604566 bend  49   50   18      val=   0.56724
       -0.7078022460170 bend  48   50   18
        0.5514338798532 bend  48   49   18
       -0.2461798429385 bend   4   50   18
        0.3233210345520 bend   4   49   18
       -0.0680095645094 bend   4   48   18
  92 k -0.3075134904474 bend  49   50   18      val=  -0.62480
        0.2932529153968 bend  48   50   18
        0.0085311828653 bend  48   49   18
       -0.0006394816843 bend   4   50   18
        0.6440426310326 bend   4   49   18
       -0.6360613808422 bend   4   48   18
  93 k -0.1805594431401 bend  49   50   18      val=   0.75192
       -0.1641315860242 bend  48   50   18
        0.3464388191240 bend  48   49   18
        0.7418277787582 bend   4   50   18
       -0.3728943995084 bend   4   49   18
       -0.3620505048250 bend   4   48   18
  94 k  0.3333333333333 tors  52   19    5    1 val=  59.61386
        0.3333333333333 tors  52   19    5   20
        0.3333333333333 tors  52   19    5   21
        0.3333333333333 tors  53   19    5    1
        0.3333333333333 tors  53   19    5   20
        0.3333333333333 tors  53   19    5   21
        0.3333333333333 tors  51   19    5    1
        0.3333333333333 tors  51   19    5   20
        0.3333333333333 tors  51   19    5   21
  95 k  1.0000000000000 stre  19   52           val=   2.06487
  96 k  1.0000000000000 stre  19   53           val=   2.06532
  97 k  1.0000000000000 stre  19   51           val=   2.06952
  98 k  0.3956618219523 bend  53   52   19      val=   0.55378
        0.4178153755807 bend  51   52   19
        0.4234645000887 bend  51   53   19
       -0.4079920714385 bend   5   52   19
       -0.4059749267385 bend   5   53   19
       -0.3978525860734 bend   5   51   19
  99 k  0.7476934451761 bend  53   52   19      val=   0.42712
       -0.3165176400192 bend  51   52   19
       -0.3994450421096 bend  51   53   19
        0.1851793687543 bend   5   52   19
        0.1470803198946 bend   5   53   19
       -0.3539643129172 bend   5   51   19
 100 k -0.0468155009194 bend  53   52   19      val=   0.01917
        0.6663211683238 bend  51   52   19
       -0.6156234519009 bend  51   53   19
        0.2832306110504 bend   5   52   19
       -0.3068972320927 bend   5   53   19
        0.0206563521629 bend   5   51   19
 101 k -0.3471096799019 bend  53   52   19      val=   0.68917
        0.1827897621288 bend  51   52   19
        0.1648245736406 bend  51   53   19
        0.3496810976673 bend   5   52   19
        0.3923119764498 bend   5   53   19
       -0.7367157362048 bend   5   51   19
 102 k -0.0112358801239 bend  53   52   19      val=   0.17103
       -0.2898014778239 bend  51   52   19
        0.3012875324806 bend  51   53   19
        0.6544973665962 bend   5   52   19
       -0.6294321377130 bend   5   53   19
       -0.0237289349403 bend   5   51   19
 103 k  0.3333333333333 tors  56   20    5    1 val=  65.98205
        0.3333333333333 tors  56   20    5   19
        0.3333333333333 tors  56   20    5   21
        0.3333333333333 tors  55   20    5    1
        0.3333333333333 tors  55   20    5   19
        0.3333333333333 tors  55   20    5   21
        0.3333333333333 tors  54   20    5    1
        0.3333333333333 tors  54   20    5   19
        0.3333333333333 tors  54   20    5   21
 104 k  1.0000000000000 stre  20   56           val=   2.06088
 105 k  1.0000000000000 stre  20   55           val=   2.06589
 106 k  1.0000000000000 stre  20   54           val=   2.07074
 107 k  0.4003579550707 bend  55   56   20      val=   1.00728
        0.4405742621074 bend  54   56   20
        0.4033701090613 bend  54   55   20
       -0.4021765965914 bend   5   56   20
       -0.4058504889010 bend   5   55   20
       -0.3955246494327 bend   5   54   20
 108 k  0.6849705654289 bend  55   56   20      val=  -0.04739
       -0.1013498942028 bend  54   56   20
       -0.5725439063348 bend  54   55   20
        0.2822720532132 bend   5   56   20
        0.0420353767039 bend   5   55   20
       -0.3336053264564 bend   5   54   20
 109 k  0.2970343729565 bend  55   56   20      val=   0.96482
       -0.7196112330947 bend  54   56   20
        0.4734295416511 bend  54   55   20
       -0.2190082049291 bend   5   56   20
        0.3245560557025 bend   5   55   20
       -0.1284270082918 bend   5   54   20
 110 k -0.2917636029126 bend  55   56   20      val=   0.29631
       -0.0308398165264 bend  54   56   20
        0.3283898365787 bend  54   55   20
        0.6646382405967 bend   5   56   20
       -0.0691583757896 bend   5   55   20
       -0.5996300102217 bend   5   54   20
 111 k -0.1958913720360 bend  55   56   20      val=   0.03014
        0.3316828407534 bend  54   56   20
       -0.1416713461688 bend  54   55   20
       -0.3072430376084 bend   5   56   20
        0.7455079378890 bend   5   55   20
       -0.4258660864308 bend   5   54   20
 112 k  0.3333333333333 tors  58   21    5    1 val=  65.65658
        0.3333333333333 tors  58   21    5   19
        0.3333333333333 tors  58   21    5   20
        0.3333333333333 tors  59   21    5    1
        0.3333333333333 tors  59   21    5   19
        0.3333333333333 tors  59   21    5   20
        0.3333333333333 tors  57   21    5    1
        0.3333333333333 tors  57   21    5   19
        0.3333333333333 tors  57   21    5   20
 113 k  1.0000000000000 stre  21   58           val=   2.06352
 114 k  1.0000000000000 stre  21   59           val=   2.06560
 115 k  1.0000000000000 stre  21   57           val=   2.07103
 116 k  0.3782132988454 bend  59   58   21      val=   0.63508
        0.4281632547303 bend  57   58   21
        0.4310661074513 bend  57   59   21
       -0.4110038212330 bend   5   58   21
       -0.4048867113092 bend   5   59   21
       -0.3936439365964 bend   5   57   21
 117 k  0.7330065957823 bend  59   58   21      val=   0.82621
       -0.1816168450190 bend  57   58   21
       -0.4855159008871 bend  57   59   21
        0.2369399592617 bend   5   58   21
        0.0863136182159 bend   5   59   21
       -0.3611099239100 bend   5   57   21
 118 k  0.1848461727527 bend  59   58   21      val=   0.81627
       -0.7104472645617 bend  57   58   21
        0.5434331437638 bend  57   59   21
       -0.2394814224084 bend   5   58   21
        0.3197021869997 bend   5   59   21
       -0.0788425957421 bend   5   57   21
 119 k -0.3370074813527 bend  59   58   21      val=  -0.42116
        0.2562623745141 bend  57   58   21
        0.0728781296892 bend  57   59   21
        0.1317411595152 bend   5   58   21
        0.5693537326256 bend   5   59   21
       -0.6884220545338 bend   5   57   21
 120 k -0.1254163146167 bend  59   58   21      val=   0.89662
       -0.2102303941451 bend  57   58   21
        0.3390714846190 bend  57   59   21
        0.7296059623678 bend   5   58   21
       -0.4841004324908 bend   5   59   21
       -0.2417154704677 bend   5   57   21
 121 k  0.2581988897472 tors  10    2    1    3 val=  73.09661
        0.2581988897472 tors  10    2    1    4
        0.2581988897472 tors  10    2    1    5
        0.2581988897472 tors  10    2    1    7
        0.2581988897472 tors  10    2    1    8
        0.2581988897472 tors  12    2    1    3
        0.2581988897472 tors  12    2    1    4
        0.2581988897472 tors  12    2    1    5
        0.2581988897472 tors  12    2    1    7
        0.2581988897472 tors  12    2    1    8
        0.2581988897472 tors  11    2    1    3
        0.2581988897472 tors  11    2    1    4
        0.2581988897472 tors  11    2    1    5
        0.2581988897472 tors  11    2    1    7
        0.2581988897472 tors  11    2    1    8
 122 k  1.0000000000000 stre   2   10           val=   3.50672
 123 k  1.0000000000000 stre   2   12           val=   3.50565
 124 k  1.0000000000000 stre   2   11           val=   3.51255
 125 k  0.4294453346099 bend  12   10    2      val=   2.72723
        0.4739218781322 bend  11   10    2
        0.4653800164664 bend  11   12    2
       -0.3592119110586 bend   1   10    2
       -0.3477353479525 bend   1   12    2
       -0.3527649770332 bend   1   11    2
 126 k  0.4930688191606 bend  12   10    2      val=   2.59383
       -0.1476586334569 bend  11   10    2
       -0.2814409888885 bend  11   12    2
        0.4237226782960 bend   1   10    2
        0.2470712653571 bend   1   12    2
       -0.6444268143422 bend   1   11    2
 127 k  0.0853022783722 bend  12   10    2      val=   3.26360
       -0.5039853386491 bend  11   10    2
        0.4614222244193 bend  11   12    2
       -0.4350462480302 bend   1   10    2
        0.5735787520015 bend   1   12    2
       -0.0869137956278 bend   1   11    2
 128 k  0.5047565514448 bend  12   10    2      val=   4.12743
       -0.5684263536463 bend  11   10    2
        0.1164694217876 bend  11   12    2
        0.1394595585862 bend   1   10    2
       -0.5074821266229 bend   1   12    2
        0.3627121458120 bend   1   11    2
 129 k  0.4523200821553 bend  12   10    2      val=  -0.99920
        0.1614651670951 bend  11   10    2
       -0.5994678175347 bend  11   12    2
       -0.5231893216424 bend   1   10    2
        0.2063979943580 bend   1   12    2
        0.3060174512646 bend   1   11    2
 130 k  0.2886751345948 tors  13    3    1    2 val=  74.48813
        0.2886751345948 tors  13    3    1    4
        0.2886751345948 tors  13    3    1    5
        0.2886751345948 tors  13    3    1    7
        0.2886751345948 tors  15    3    1    2
        0.2886751345948 tors  15    3    1    4
        0.2886751345948 tors  15    3    1    5
        0.2886751345948 tors  15    3    1    7
        0.2886751345948 tors  14    3    1    2
        0.2886751345948 tors  14    3    1    4
        0.2886751345948 tors  14    3    1    5
        0.2886751345948 tors  14    3    1    7
 131 k  1.0000000000000 stre   3   13           val=   3.51923
 132 k  1.0000000000000 stre   3   15           val=   3.51621
 133 k  1.0000000000000 stre   3   14           val=   3.51502
 134 k  0.4707705938466 bend  15   13    3      val=   2.61864
        0.4694942013530 bend  14   13    3
        0.4350992052952 bend  14   15    3
       -0.3389949814741 bend   1   13    3
       -0.3557018609650 bend   1   15    3
       -0.3566476034662 bend   1   14    3
 135 k -0.4684095126263 bend  15   13    3      val=   0.01502
        0.2825166860562 bend  14   13    3
        0.2042936276628 bend  14   15    3
       -0.2818591819626 bend   1   13    3
       -0.3862977313069 bend   1   15    3
        0.6560262407922 bend   1   14    3
 136 k -0.0293371200986 bend  15   13    3      val=   0.61629
       -0.3760174753559 bend  14   13    3
        0.4453220821392 bend  14   15    3
       -0.6089245448231 bend   1   13    3
        0.5344008167746 bend   1   15    3
        0.0553633499094 bend   1   14    3
 137 k  0.3036040353951 bend  15   13    3      val=   1.88801
        0.3510161031861 bend  14   13    3
       -0.6670272518971 bend  14   15    3
       -0.4663615757319 bend   1   13    3
        0.2644062164469 bend   1   15    3
        0.2286551193555 bend   1   14    3
 138 k  0.5872652344786 bend  15   13    3      val=   0.03051
       -0.5588877884933 bend  14   13    3
       -0.0281542207221 bend  14   15    3
       -0.0183774701094 bend   1   13    3
       -0.4024041260182 bend   1   15    3
        0.4239156897985 bend   1   14    3
 139 k  0.2886751345948 tors  16    4    1    2 val=  67.22765
        0.2886751345948 tors  16    4    1    3
        0.2886751345948 tors  16    4    1    7
        0.2886751345948 tors  16    4    1    8
        0.2886751345948 tors  18    4    1    2
        0.2886751345948 tors  18    4    1    3
        0.2886751345948 tors  18    4    1    7
        0.2886751345948 tors  18    4    1    8
        0.2886751345948 tors  17    4    1    2
        0.2886751345948 tors  17    4    1    3
        0.2886751345948 tors  17    4    1    7
        0.2886751345948 tors  17    4    1    8
 140 k  1.0000000000000 stre   4   16           val=   3.49737
 141 k  1.0000000000000 stre   4   18           val=   3.49948
 142 k  1.0000000000000 stre   4   17           val=   3.50785
 143 k  0.4361682004393 bend  18   16    4      val=   3.06778
        0.4579072792731 bend  17   16    4
        0.4741045213269 bend  17   18    4
       -0.3576750321972 bend   1   16    4
       -0.3444028457612 bend   1   18    4
       -0.3588291773894 bend   1   17    4
 144 k  0.5050559831820 bend  18   16    4      val=   2.59543
       -0.2232464328741 bend  17   16    4
       -0.2265777523590 bend  17   18    4
        0.3640504682099 bend   1   16    4
        0.3193315157986 bend   1   18    4
       -0.6397160665568 bend   1   17    4
 145 k  0.0103227248538 bend  18   16    4      val=   0.42393
       -0.4631442097092 bend  17   16    4
        0.4396969632007 bend  17   18    4
       -0.5284476887314 bend   1   16    4
        0.5592350172845 bend   1   18    4
       -0.0075298495206 bend   1   17    4
 146 k  0.1737601770707 bend  18   16    4      val=   2.77252
       -0.6026884662993 bend  17   16    4
        0.4441381367076 bend  17   18    4
        0.3661762134383 bend   1   16    4
       -0.5035413488841 bend   1   18    4
        0.1472291399556 bend   1   17    4
 147 k  0.6474998104146 bend  18   16    4      val=   2.67418
       -0.1522648680381 bend  17   16    4
       -0.4499521106795 bend  17   18    4
       -0.3563548886789 bend   1   16    4
       -0.1147745197016 bend   1   18    4
        0.4636167668574 bend   1   17    4
 148 k  0.2886751345948 tors  19    5    1    2 val=  83.76186
        0.2886751345948 tors  19    5    1    3
        0.2886751345948 tors  19    5    1    7
        0.2886751345948 tors  19    5    1    8
        0.2886751345948 tors  21    5    1    2
        0.2886751345948 tors  21    5    1    3
        0.2886751345948 tors  21    5    1    7
        0.2886751345948 tors  21    5    1    8
        0.2886751345948 tors  20    5    1    2
        0.2886751345948 tors  20    5    1    3
        0.2886751345948 tors  20    5    1    7
        0.2886751345948 tors  20    5    1    8
 149 k  1.0000000000000 stre   5   19           val=   3.49791
 150 k  1.0000000000000 stre   5   21           val=   3.49732
 151 k  1.0000000000000 stre   5   20           val=   3.50177
 152 k  0.4362627419703 bend  21   19    5      val=   2.98327
        0.4544240630813 bend  20   19    5
        0.4757039028282 bend  20   21    5
       -0.3578863865794 bend   1   19    5
       -0.3473909374808 bend   1   21    5
       -0.3579333157903 bend   1   20    5
 153 k  0.5087771531694 bend  21   19    5      val=   2.35002
       -0.2456628269257 bend  20   19    5
       -0.2125493623965 bend  20   21    5
        0.3274689196543 bend   1   19    5
        0.3471763439344 bend   1   21    5
       -0.6386321674464 bend   1   20    5
 154 k  0.0224957533592 bend  21   19    5      val=   0.57595
        0.4541492915424 bend  20   19    5
       -0.4513237252988 bend  20   21    5
        0.5465709183369 bend   1   19    5
       -0.5389229442685 bend   1   21    5
       -0.0192755914065 bend   1   20    5
 155 k  0.1343403156185 bend  21   19    5      val=   1.96093
       -0.5961215239903 bend  20   19    5
        0.4655314045775 bend  20   21    5
        0.3913167656931 bend   1   19    5
       -0.4937978343993 bend   1   21    5
        0.1136098904902 bend   1   20    5
 156 k  0.6509744124736 bend  21   19    5      val=   2.09638
       -0.1911327160173 bend  20   19    5
       -0.4179754401090 bend  20   21    5
       -0.3403198375970 bend   1   19    5
       -0.1460803665285 bend   1   21    5
        0.4773259528782 bend   1   20    5
 157 k  1.0000000000000 stre   1    2           val=   4.32359
 158 k  1.0000000000000 stre   1    3           val=   4.35645
 159 k  1.0000000000000 stre   1    5           val=   4.37583
 160 k  1.0000000000000 stre   1    4           val=   4.39114
 161 k -0.1282331954172 bend   3    2    1      val=  27.71222
        0.1939391843433 bend   5    2    1
       -0.2278890609867 bend   5    3    1
        0.1597057181802 bend   4    2    1
       -0.2631047115148 bend   4    3    1
        0.5424415944565 bend   8    2    1
        0.1622310677045 bend   8    5    1
        0.1084264189879 bend   8    4    1
        0.5430476376767 bend   7    2    1
       -0.4128699979518 bend   7    3    1
        0.0135172932530 bend   7    5    1
       -0.0376461198516 bend   7    4    1
 162 k  0.0145815049010 bend   3    2    1      val=  -0.04846
        0.3411512394717 bend   5    2    1
        0.3057023049842 bend   5    3    1
       -0.3839799823823 bend   4    2    1
       -0.2642507086980 bend   4    3    1
       -0.0299335628560 bend   8    2    1
        0.3854031832313 bend   8    5    1
       -0.4006095242323 bend   8    4    1
       -0.0130259532639 bend   7    2    1
        0.0409200063434 bend   7    3    1
        0.3688168371172 bend   7    5    1
       -0.3533987038415 bend   7    4    1
 163 k -0.5519552045214 bend   3    2    1      val=  17.45489
       -0.2395189668904 bend   5    2    1
       -0.1018699563015 bend   5    3    1
       -0.2430072242604 bend   4    2    1
       -0.0809560661228 bend   4    3    1
        0.0927379847036 bend   8    2    1
        0.2424036963401 bend   8    5    1
        0.2554079938317 bend   8    4    1
        0.0926364736861 bend   7    2    1
        0.4590040123161 bend   7    3    1
        0.3175652151365 bend   7    5    1
        0.3305831793308 bend   7    4    1
 164 k  0.0117291249390 bend   3    2    1      val=   0.20287
        0.3476902927859 bend   5    2    1
        0.4061868325794 bend   5    3    1
       -0.3505122154401 bend   4    2    1
       -0.4157759492078 bend   4    3    1
        0.0007702095694 bend   8    2    1
       -0.3117042960271 bend   8    5    1
        0.3218236390311 bend   8    4    1
        0.0063333508067 bend   7    2    1
       -0.0048950389806 bend   7    3    1
       -0.3251578727261 bend   7    5    1
        0.3342683965002 bend   7    4    1
 165 k  0.0274042335617 bend   3    2    1      val=   1.13011
       -0.4370953761673 bend   5    2    1
        0.4254956837981 bend   5    3    1
        0.4207298188204 bend   4    2    1
       -0.4654895868590 bend   4    3    1
       -0.0192659067356 bend   8    2    1
       -0.1645121298736 bend   8    5    1
        0.2113760968437 bend   8    4    1
       -0.0121895165989 bend   7    2    1
       -0.0059219249059 bend   7    3    1
        0.3039915713149 bend   7    5    1
       -0.2621948282703 bend   7    4    1
 166 k  0.4813148777015 bend   3    2    1      val=  -1.54096
       -0.0311680908380 bend   5    2    1
       -0.3651294360773 bend   5    3    1
       -0.0710109097899 bend   4    2    1
       -0.3071968330201 bend   4    3    1
       -0.2457134866918 bend   8    2    1
        0.3614172802225 bend   8    5    1
        0.3097592889182 bend   8    4    1
       -0.2467422729060 bend   7    2    1
       -0.2355194746339 bend   7    3    1
        0.2372072264701 bend   7    5    1
        0.2739813214121 bend   7    4    1
 167 k  0.0136617861744 bend   3    2    1      val=  -0.15956
        0.2436210255241 bend   5    2    1
       -0.2259024332026 bend   5    3    1
       -0.2532346692708 bend   4    2    1
        0.2214229177128 bend   4    3    1
       -0.0240170252435 bend   8    2    1
       -0.4535061261132 bend   8    5    1
        0.4592128110547 bend   8    4    1
        0.0220814035899 bend   7    2    1
       -0.0121095147047 bend   7    3    1
        0.4282437868181 bend   7    5    1
       -0.4184809870775 bend   7    4    1
 168 k -0.2091675211452 bend   3    2    1      val=   2.35450
        0.4836735539477 bend   5    2    1
       -0.2670280216257 bend   5    3    1
        0.4649099949904 bend   4    2    1
       -0.2772825204187 bend   4    3    1
       -0.1879029292156 bend   8    2    1
        0.1206032100387 bend   8    5    1
        0.1236909504501 bend   8    4    1
       -0.1869052382057 bend   7    2    1
        0.3975188461618 bend   7    3    1
       -0.2134059992369 bend   7    5    1
       -0.2330857341602 bend   7    4    1
 169 k  1.0000000000000 stre   1    8           val=   4.08864
 170 k  1.0000000000000 stre   8    7           val=   2.75150
 171 k  1.0000000000000 stre   7    1           val=   4.12245
       171 non zero eigenvalues  of BmBt
           1           5.140273243    1    0
         1
           2           4.752170537    2    0
         2
           3           4.272690646    3    0
         3
           4           4.036132735    4    0
         4
           5           3.924680156    5    0
         5
           6           3.818311275    6    0
         6
           7           3.802474016    7    0
         7
           8           3.766662625    8    0
         8
           9           3.724878108    9    0
         9
          10           3.680000895   10    0
        10
          11           3.673037316   11    0
        11
          12           3.660715535   12    0
        12
          13           3.644410103   13    0
        13
          14           3.633392844   14    0
        14
          15           3.577489319   15    0
        15
          16           3.534127634   16    0
        16
          17           3.516967334   17    0
        17
          18           3.485607150   18    0
        18
          19           3.321539308   19    0
        19
          20           3.288907384   20    0
        20
          21           3.263071569   21    0
        21
          22           3.255938354   22    0
        22
          23           3.254007990   23    0
        23
          24           3.249192803   24    0
        24
          25           3.244798512   25    0
        25
          26           3.241974314   26    0
        26
          27           3.192491584   27    0
        27
          28           3.185787088   28    0
        28
          29           3.135980689   29    0
        29
          30           3.123007415   30    0
        30
          31           3.113311923   31    0
        31
          32           3.104904628   32    0
        32
          33           3.099438353   33    0
        33
          34           3.093562369   34    0
        34
          35           3.091811046   35    0
        35
          36           3.075191623   36    0
        36
          37           3.070720388   37    0
        37
          38           3.064230955   38    0
        38
          39           3.061093905   39    0
        39
          40           3.054392636   40    0
        40
          41           3.028761756   41    0
        41
          42           2.659585239   42    0
        42
          43           2.641513223   43    0
        43
          44           1.895464194   44    0
        44
          45           1.815383234   45    0
        45
          46           1.545223048   46    0
        46
          47           1.509564382   47    0
        47
          48           1.487255882   48    0
        48
          49           1.471462656   49    0
        49
          50           1.441368818   50    0
        50
          51           1.424521293   51    0
        51
          52           1.416904347   52    0
        52
          53           1.398508338   53    0
        53
          54           1.387966332   54    0
        54
          55           1.256403253   55    0
        55
          56           1.236698968   56    0
        56
          57           1.162596039   57    0
        57
          58           0.891778648   58    0
        58
          59           0.874401078   59    0
        59
          60           0.873006816   60    0
        60
          61           0.870981953   61    0
        61
          62           0.870296151   62    0
        62
          63           0.869625763   63    0
        63
          64           0.855423280   64    0
        64
          65           0.853860443   65    0
        65
          66           0.852109909   66    0
        66
          67           0.851045319   67    0
        67
          68           0.849070946   68    0
        68
          69           0.847085814   69    0
        69
          70           0.846608324   70    0
        70
          71           0.843121188   71    0
        71
          72           0.830159998   72    0
        72
          73           0.829466841   73    0
        73
          74           0.827503086   74    0
        74
          75           0.824182921   75    0
        75
          76           0.815793875   76    0
        76
          77           0.814467427   77    0
        77
          78           0.811878777   78    0
        78
          79           0.810328922   79    0
        79
          80           0.808928783   80    0
        80
          81           0.741229609   81    0
        81
          82           0.719624938   82    0
        82
          83           0.713791579   83    0
        83
          84           0.695541936   84    0
        84
          85           0.695487593   85    0
        85
          86           0.694187434   86    0
        86
          87           0.693696078   87    0
        87
          88           0.693301892   88    0
        88
          89           0.692879301   89    0
        89
          90           0.692839118   90    0
        90
          91           0.692701362   91    0
        91
          92           0.692480807   92    0
        92
          93           0.692396211   93    0
        93
          94           0.692278377   94    0
        94
          95           0.689210981   95    0
        95
          96           0.679822454   96    0
        96
          97           0.678279612   97    0
        97
          98           0.677588385   98    0
        98
          99           0.674362424   99    0
        99
         100           0.673432952  100    0
       100
         101           0.672947504  101    0
       101
         102           0.671391225  102    0
       102
         103           0.669501201  103    0
       103
         104           0.667060171  104    0
       104
         105           0.665285080  105    0
       105
         106           0.642888171  106    0
       106
         107           0.635115735  107    0
       107
         108           0.623795251  108    0
       108
         109           0.384863641  109    0
       109
         110           0.354472118  110    0
       110
         111           0.353018738  111    0
       111
         112           0.352484029  112    0
       112
         113           0.349038085  113    0
       113
         114           0.346436252  114    0
       114
         115           0.344423135  115    0
       115
         116           0.343700950  116    0
       116
         117           0.343580343  117    0
       117
         118           0.341076244  118    0
       118
         119           0.340581576  119    0
       119
         120           0.340357913  120    0
       120
         121           0.338211837  121    0
       121
         122           0.309545284  122    0
       122
         123           0.298143501  123    0
       123
         124           0.297261659  124    0
       124
         125           0.296822343  125    0
       125
         126           0.296148400  126    0
       126
         127           0.294873673  127    0
       127
         128           0.294320292  128    0
       128
         129           0.293520949  129    0
       129
         130           0.292005808  130    0
       130
         131           0.291609698  131    0
       131
         132           0.282483393  132    0
       132
         133           0.269956405  133    0
       133
         134           0.262221263  134    0
       134
         135           0.207417720  135    0
       135
         136           0.196424314  136    0
       136
         137           0.171328853  137    0
       137
         138           0.119998656  138    0
       138
         139           0.119754951  139    0
       139
         140           0.101898136  140    0
       140
         141           0.091636784  141    0
       141
         142           0.086754145  142    0
       142
         143           0.078866416  143    0
       143
         144           0.078275941  144    0
       144
         145           0.073675680  145    0
       145
         146           0.060461949  146    0
       146
         147           0.056198645  147    0
       147
         148           0.054569142  148    0
       148
         149           0.052627967  149    0
       149
         150           0.046082898  150    0
       150
         151           0.040338399  151    0
       151
         152           0.038508972  152    0
       152
         153           0.037449359  153    0
       153
         154           0.034741539  154    0
       154
         155           0.030232870  155    0
       155
         156           0.029850134  156    0
       156
         157           0.029818002  157    0
       157
         158           0.029594167  158    0
       158
         159           0.028737826  159    0
       159
         160           0.028444768  160    0
       160
         161           0.027541466  161    0
       161
         162           0.027520363  162    0
       162
         163           0.025285013  163    0
       163
         164           0.015305737  164    0
       164
         165           0.011978754  165    0
       165
         166           0.010615909  166    0
       166
         167           0.006243456  167    0
       167
         168           0.004375473  168    0
       168
         169           0.003564434  169    0
       169
         170           0.003488148  170    0
       170
         171           0.002791351  171    0
       171
$end
