$coord
   -1.62732603422573      0.00109760950780      0.00580746719749      c
    2.45215675876575      0.00712527896618      0.03883443592314      i
   -2.23480869158830      1.96411825522459      0.00090805370958      h
   -2.24425115861931     -0.98177760239110      1.70164299501674      h
   -2.21671867033242     -0.98174975830745     -1.69980782484698      h
$user-defined bonds
$redundant
     number_of_atoms             5
     degrees_of_freedom          9
     internal_coordinates        9
     frozen_coordinates          0
# definitions of redundant internals
   1 k  1.0000000000000 stre   1    4           val=   2.05487
   2 k  1.0000000000000 stre   1    3           val=   2.05487
   3 k  1.0000000000000 stre   1    5           val=   2.05487
   4 k  1.0000000000000 stre   1    2           val=   4.07962
   5 k -0.3934593327823 bend   3    4    1      val=   1.47106
       -0.3938864498329 bend   5    4    1
       -0.3944160537655 bend   5    3    1
        0.4221888410626 bend   2    4    1
        0.4220789976767 bend   2    3    1
        0.4220012995467 bend   2    5    1
   6 k  0.7622908855297 bend   3    4    1      val=   0.01867
       -0.4854649272572 bend   5    4    1
       -0.2760454961104 bend   5    3    1
        0.0954875498853 bend   2    4    1
        0.1680273134607 bend   2    3    1
       -0.2639777340360 bend   2    5    1
   7 k  0.1211671280227 bend   3    4    1      val=   0.01214
        0.5998102054664 bend   5    4    1
       -0.7203053331338 bend   5    3    1
        0.2488642389356 bend   2    4    1
       -0.2073990082241 bend   2    3    1
       -0.0419370186206 bend   2    5    1
   8 k  0.1948365655354 bend   3    4    1      val=   0.00223
       -0.2555284364742 bend   5    4    1
        0.0607394314404 bend   5    3    1
        0.1760483225667 bend   2    4    1
       -0.7386339949820 bend   2    3    1
        0.5625668510765 bend   2    5    1
   9 k -0.1827725144569 bend   3    4    1      val=   0.00091
       -0.0770492981692 bend   5    4    1
        0.2597188910191 bend   5    3    1
        0.7513810618439 bend   2    4    1
       -0.2232563452901 bend   2    3    1
       -0.5280026661378 bend   2    5    1
         9 non zero eigenvalues  of BmBt
           1           3.225602616    1    0
         1
           2           3.074137670    2    0
         2
           3           3.073916480    3    0
         3
           4           1.000000000    4    0
         4
           5           0.718501416    5    0
         5
           6           0.718475121    6    0
         6
           7           0.676164832    7    0
         7
           8           0.392115402    8    0
         8
           9           0.392017564    9    0
         9
$end
