  species        Cr
#     global species definitions
    nucleus             24
    mass                51.9961
#
    l_hartree           6
#
    cut_pot             4.0          2.0  1.0
    basis_dep_cutoff    1e-4
#
    radial_base         50 7.0
    radial_multiplier   6
    angular_grids       specified
#      division   0.2623   50
#      division   0.5927  110
      division   0.9348  194
      division   1.1233  302
      division   1.2671  434
      division   1.4867  590
      division   1.7111  770
      division   1.9339  974
#      division   2.8695 1202
      outer_grid  974
#      outer_grid  434
################################################################################
#
#  Definition of "minimal" basis
#
################################################################################
#     valence basis states
    valence      4  s   2.
    valence      3  p   6.
    valence      3  d   4.
#     ion occupancy
    ion_occ      4  s   1.
    ion_occ      3  p   6.
    ion_occ      3  d   3.
#
#   For exact comparison with all GTO-based codes, one or more of
#   the following flags are needed:
#
    include_min_basis   .false.
    pure_gauss          .true.
#

# Cr awCVQZ
 gaussian 0 21
  11016640.0000000            0.0000540  
   1649423.0000000            0.0001540  
    375358.9000000            0.0004120  
    106323.6000000            0.0010120  
     34689.7600000            0.0024600  
     12524.8300000            0.0060080  
      4885.7520000            0.0148700  
      2026.9180000            0.0363090  
       884.3645000            0.0833080  
       402.3170000            0.1673620  
       189.5271000            0.2661030  
        91.8609500            0.2761380  
        45.1247600            0.1429680  
        20.6251200            0.0695690  
        10.3197300            0.1153580  
         5.1577230            0.0760500  
         2.3126280            0.0089700  
         1.1030790           -0.0002630  
         0.4980420            0.0000710  
         0.1182470           -0.0000110  
         0.0573560            0.0000400  
 gaussian 0 21
  11016640.0000000           -0.0000300  
   1649423.0000000           -0.0000860  
    375358.9000000           -0.0002280  
    106323.6000000           -0.0005620  
     34689.7600000           -0.0013670  
     12524.8300000           -0.0033520  
      4885.7520000           -0.0083390  
      2026.9180000           -0.0206480  
       884.3645000           -0.0485430  
       402.3170000           -0.1032880  
       189.5271000           -0.1836520  
        91.8609500           -0.2426780  
        45.1247600           -0.1497000  
        20.6251200            0.2061910  
        10.3197300            0.5462950  
         5.1577230            0.3519330  
         2.3126280            0.0434510  
         1.1030790           -0.0034870  
         0.4980420            0.0000520  
         0.1182470           -0.0001960  
         0.0573560            0.0002860  
 gaussian 0 21
  11016640.0000000            0.0000060  
   1649423.0000000            0.0000180  
    375358.9000000            0.0000490  
    106323.6000000            0.0001210  
     34689.7600000            0.0002940  
     12524.8300000            0.0007250  
      4885.7520000            0.0018090  
      2026.9180000            0.0045400  
       884.3645000            0.0108370  
       402.3170000            0.0241590  
       189.5271000            0.0459620  
        91.8609500            0.0698970  
        45.1247600            0.0466910  
        20.6251200           -0.0999290  
        10.3197300           -0.3685700  
         5.1577230           -0.3424530  
         2.3126280            0.2985130  
         1.1030790            0.6976530  
         0.4980420            0.2956920  
         0.1182470            0.0095900  
         0.0573560           -0.0010750  
 gaussian 0 21
  11016640.0000000           -0.0000010  
   1649423.0000000           -0.0000040  
    375358.9000000           -0.0000110  
    106323.6000000           -0.0000280  
     34689.7600000           -0.0000670  
     12524.8300000           -0.0001660  
      4885.7520000           -0.0004120  
      2026.9180000           -0.0010390  
       884.3645000           -0.0024630  
       402.3170000           -0.0055480  
       189.5271000           -0.0104380  
        91.8609500           -0.0162390  
        45.1247600           -0.0103850  
        20.6251200            0.0224250  
        10.3197300            0.0924750  
         5.1577230            0.0833650  
         2.3126280           -0.0821470  
         1.1030790           -0.2590250  
         0.4980420           -0.2041760  
         0.1182470            0.3777770  
         0.0573560            0.5588970  
 gaussian 0 21
  11016640.0000000           -0.0000030  
   1649423.0000000           -0.0000080  
    375358.9000000           -0.0000220  
    106323.6000000           -0.0000550  
     34689.7600000           -0.0001310  
     12524.8300000           -0.0003380  
      4885.7520000           -0.0007860  
      2026.9180000           -0.0021660  
       884.3645000           -0.0045870  
       402.3170000           -0.0119040  
       189.5271000           -0.0184920  
        91.8609500           -0.0378720  
        45.1247600           -0.0093630  
        20.6251200            0.0177020  
        10.3197300            0.2547990  
         5.1577230            0.0707240  
         2.3126280           -0.0257070  
         1.1030790           -1.1363580  
         0.4980420            0.6281400  
         0.1182470            1.8833370  
         0.0573560           -1.3929490  
 gaussian 0 21
  11016640.0000000           -0.0000050  
   1649423.0000000           -0.0000130  
    375358.9000000           -0.0000350  
    106323.6000000           -0.0000870  
     34689.7600000           -0.0002080  
     12524.8300000           -0.0005320  
      4885.7520000           -0.0012540  
      2026.9180000           -0.0033990  
       884.3645000           -0.0073610  
       402.3170000           -0.0186100  
       189.5271000           -0.0301280  
        91.8609500           -0.0587280  
        45.1247600           -0.0190270  
        20.6251200            0.0388480  
        10.3197300            0.4187920  
         5.1577230            0.1853590  
         2.3126280           -0.5215690  
         1.1030790           -1.8075870  
         0.4980420            2.8725050  
         0.1182470           -1.3448820  
         0.0573560           -0.7200920  
 gaussian 0 21
  11016640.0000000           -0.0000050  
   1649423.0000000           -0.0000150  
    375358.9000000           -0.0000420  
    106323.6000000           -0.0000990  
     34689.7600000           -0.0002590  
     12524.8300000           -0.0005660  
      4885.7520000           -0.0016830  
      2026.9180000           -0.0033080  
       884.3645000           -0.0107390  
       402.3170000           -0.0160340  
       189.5271000           -0.0511580  
        91.8609500           -0.0331430  
        45.1247600           -0.1014980  
        20.6251200            0.2332710  
        10.3197300            0.2014630  
         5.1577230            0.8803140  
         2.3126280           -3.1030870  
         1.1030790            2.3290390  
         0.4980420            0.4451650  
         0.1182470           -3.8882070  
         0.0573560            5.5615460  
 gaussian 0 1 0.0257600
 gaussian 0 1 4.7991000
 gaussian 0 1 1.4287000
 gaussian 0 1 0.0115700
 gaussian 1 17
     31539.8900000            0.0000460  
      7460.2340000            0.0001840  
      2422.6220000            0.0007930  
       927.7547000            0.0030740  
       394.8041000            0.0107650  
       180.8027000            0.0327480  
        87.4239300            0.0849950  
        44.0342700            0.1788510  
        22.7770400            0.2896740  
        12.0154700            0.3283500  
         6.4117510            0.2090050  
         3.3811360            0.0543940  
         1.7470540            0.0020050  
         0.8850040           -0.0014380  
         0.4330280           -0.0009110  
         0.1739620           -0.0000520  
         0.0728230           -0.0000120  
 gaussian 1 17
     31539.8900000           -0.0000160  
      7460.2340000           -0.0000640  
      2422.6220000           -0.0002750  
       927.7547000           -0.0010700  
       394.8041000           -0.0037650  
       180.8027000           -0.0116070  
        87.4239300           -0.0308030  
        44.0342700           -0.0671020  
        22.7770400           -0.1130240  
        12.0154700           -0.1359580  
         6.4117510           -0.0478150  
         3.3811360            0.1907310  
         1.7470540            0.4011900  
         0.8850040            0.3827710  
         0.4330280            0.1674310  
         0.1739620            0.0180400  
         0.0728230           -0.0006540  
 gaussian 1 17
     31539.8900000            0.0000040  
      7460.2340000            0.0000150  
      2422.6220000            0.0000650  
       927.7547000            0.0002520  
       394.8041000            0.0008930  
       180.8027000            0.0027370  
        87.4239300            0.0073310  
        44.0342700            0.0158860  
        22.7770400            0.0271800  
        12.0154700            0.0324270  
         6.4117510            0.0108710  
         3.3811360           -0.0565060  
         1.7470540           -0.1144660  
         0.8850040           -0.1329640  
         0.4330280            0.0047140  
         0.1739620            0.3440550  
         0.0728230            0.5412790  
 gaussian 1 17
     31539.8900000            0.0000050  
      7460.2340000            0.0000190  
      2422.6220000            0.0000830  
       927.7547000            0.0003250  
       394.8041000            0.0011440  
       180.8027000            0.0035350  
        87.4239300            0.0093750  
        44.0342700            0.0205310  
        22.7770400            0.0346480  
        12.0154700            0.0423890  
         6.4117510            0.0133730  
         3.3811360           -0.0684010  
         1.7470540           -0.1487620  
         0.8850040           -0.1732490  
         0.4330280           -0.0207630  
         0.1739620            0.5782720  
         0.0728230            0.5031920  
 gaussian 1 17
     31539.8900000            0.0000100  
      7460.2340000            0.0000390  
      2422.6220000            0.0001790  
       927.7547000            0.0006500  
       394.8041000            0.0024720  
       180.8027000            0.0070230  
        87.4239300            0.0204050  
        44.0342700            0.0402100  
        22.7770400            0.0784580  
        12.0154700            0.0794720  
         6.4117510            0.0588510  
         3.3811360           -0.2240270  
         1.7470540           -0.3702630  
         0.8850040           -0.4376700  
         0.4330280            1.1645370  
         0.1739620            0.4154860  
         0.0728230           -0.9143280  
 gaussian 1 17
     31539.8900000           -0.0000130  
      7460.2340000           -0.0000540  
      2422.6220000           -0.0002070  
       927.7547000           -0.0009320  
       394.8041000           -0.0027990  
       180.8027000           -0.0101970  
        87.4239300           -0.0225810  
        44.0342700           -0.0608530  
        22.7770400           -0.0779640  
        12.0154700           -0.1676820  
         6.4117510           -0.0107790  
         3.3811360            0.3109570  
         1.7470540            1.0976240  
         0.8850040           -1.2795560  
         0.4330280           -0.8569200  
         0.1739620            2.0411650  
         0.0728230           -1.1202710  
 gaussian 1 1 0.0299520
 gaussian 1 1 6.4552000
 gaussian 1 1 1.6531000
 gaussian 1 1 0.0123200
 gaussian 2 10
       281.3120000            0.0003470  
        83.1885000            0.0030700  
        31.8396000            0.0153950  
        13.6026000            0.0513190  
         6.1829800            0.1296680  
         2.9227000            0.2347810  
         1.3821600            0.3080430  
         0.6394600            0.3080560  
         0.2848980            0.2239250  
         0.1200450            0.0946790  
 gaussian 2 10
       281.3120000           -0.0003940  
        83.1885000           -0.0034940  
        31.8396000           -0.0175900  
        13.6026000           -0.0596210  
         6.1829800           -0.1545140  
         2.9227000           -0.2603230  
         1.3821600           -0.2500610  
         0.6394600            0.0227810  
         0.2848980            0.4192340  
         0.1200450            0.4520610  
 gaussian 2 10
       281.3120000           -0.0005630  
        83.1885000           -0.0050080  
        31.8396000           -0.0254920  
        13.6026000           -0.0881820  
         6.1829800           -0.2353990  
         2.9227000           -0.3396410  
         1.3821600           -0.0376150  
         0.6394600            0.6602460  
         0.2848980            0.2965440  
         0.1200450           -0.6557610  
 gaussian 2 10
       281.3120000            0.0007970  
        83.1885000            0.0076390  
        31.8396000            0.0369700  
        13.6026000            0.1424390  
         6.1829800            0.3758710  
         2.9227000            0.3231850  
         1.3821600           -0.8334330  
         0.6394600           -0.3730540  
         0.2848980            1.2135530  
         0.1200450           -0.4829450  
 gaussian 2 1 0.0462290
 gaussian 2 1 4.0848000
 gaussian 2 1 2.1405000
 gaussian 2 1 0.0178000
 gaussian 3 1 5.6633000
 gaussian 3 1 2.3365000
 gaussian 3 1 0.9639000
 gaussian 3 1 0.3142000
 gaussian 3 1 0.1024200
 gaussian 4 1 4.6690000
 gaussian 4 1 1.9538000
 gaussian 4 1 0.6848000
 gaussian 4 1 0.2400200
 gaussian 5 1 4.4133000
 gaussian 5 1 1.6472000
 gaussian 5 1 0.6147900
