  species        Ni
#     global species definitions
    nucleus             28
    mass                58.6934
#
    l_hartree           6
#
    cut_pot             4.0          2.0  1.0
    basis_dep_cutoff    1e-4
#
    radial_base         52 7.0
    radial_multiplier   6
    angular_grids       specified
#      division   0.2935   50
#      division   0.6132  110
      division   0.9287  194
      division   1.1299  302
      division   1.3700  434
      division   1.5675  590
      division   1.7612  770
      division   1.9438  974
#      division   2.5441 1202
      outer_grid  974
#      outer_grid  434
################################################################################
#
#  Definition of "minimal" basis
#
################################################################################
#     valence basis states
    valence      4  s   2.
    valence      3  p   6.
    valence      3  d   8.
#     ion occupancy
    ion_occ      4  s   1.
    ion_occ      3  p   6.
    ion_occ      3  d   7.
#
#   For exact comparison with all GTO-based codes, one or more of
#   the following flags are needed:
#
    include_min_basis   .false.
    pure_gauss          .true.
#

# Ni awCVQZ
 gaussian 0 19
  15503020.0000000            0.0000680  
   2321071.0000000            0.0001920  
    528180.2000000            0.0005030  
    149604.0000000            0.0012080  
     48809.0700000            0.0028490  
     17622.3900000            0.0067150  
      6874.2010000            0.0160260  
      2851.8570000            0.0380450  
      1244.3340000            0.0860160  
       566.1547000            0.1724730  
       266.7873000            0.2771470  
       129.3752000            0.2968780  
        63.6516100            0.1607220  
        29.3330200            0.0532090  
        14.8221200            0.0670780  
         7.4605130            0.0451040  
         3.4135760            0.0051630  
         1.6328840           -0.0001680  
         0.7435790           -0.0000810  
 gaussian 0 21
  15503020.0000000           -0.0000310  
   2321071.0000000           -0.0000870  
    528180.2000000           -0.0002280  
    149604.0000000           -0.0005490  
     48809.0700000           -0.0012970  
     17622.3900000           -0.0030720  
      6874.2010000           -0.0073790  
      2851.8570000           -0.0178050  
      1244.3340000           -0.0413840  
       566.1547000           -0.0884770  
       266.7873000           -0.1605330  
       129.3752000           -0.2211450  
        63.6516100           -0.1429300  
        29.3330200            0.2105090  
        14.8221200            0.5571780  
         7.4605130            0.3587470  
         3.4135760            0.0448050  
         1.6328840           -0.0047710  
         0.7435790           -0.0009710  
         0.1725920           -0.0002250  
         0.0774200            0.0001450  
 gaussian 0 21
  15503020.0000000            0.0000080  
   2321071.0000000            0.0000230  
    528180.2000000            0.0000600  
    149604.0000000            0.0001450  
     48809.0700000            0.0003430  
     17622.3900000            0.0008140  
      6874.2010000            0.0019600  
      2851.8570000            0.0047790  
      1244.3340000            0.0112410  
       566.1547000            0.0248800  
       266.7873000            0.0475220  
       129.3752000            0.0727080  
        63.6516100            0.0504870  
        29.3330200           -0.1049100  
        14.8221200           -0.3841580  
         7.4605130           -0.3405100  
         3.4135760            0.3128690  
         1.6328840            0.6787890  
         0.7435790            0.3074190  
         0.1725920            0.0146650  
         0.0774200           -0.0039540  
 gaussian 0 21
  15503020.0000000           -0.0000020  
   2321071.0000000           -0.0000050  
    528180.2000000           -0.0000130  
    149604.0000000           -0.0000310  
     48809.0700000           -0.0000730  
     17622.3900000           -0.0001730  
      6874.2010000           -0.0004150  
      2851.8570000           -0.0010130  
      1244.3340000           -0.0023810  
       566.1547000           -0.0052860  
       266.7873000           -0.0100820  
       129.3752000           -0.0155550  
        63.6516100           -0.0107280  
        29.3330200            0.0225870  
        14.8221200            0.0878230  
         7.4605130            0.0787500  
         3.4135760           -0.0841310  
         1.6328840           -0.2212350  
         0.7435790           -0.1943700  
         0.1725920            0.2958150  
         0.0774200            0.5768850  
 gaussian 0 21
  15503020.0000000           -0.0000040  
   2321071.0000000           -0.0000100  
    528180.2000000           -0.0000260  
    149604.0000000           -0.0000630  
     48809.0700000           -0.0001460  
     17622.3900000           -0.0003590  
      6874.2010000           -0.0008240  
      2851.8570000           -0.0021470  
      1244.3340000           -0.0046300  
       566.1547000           -0.0114660  
       266.7873000           -0.0188850  
       129.3752000           -0.0360910  
        63.6516100           -0.0131930  
        29.3330200            0.0249350  
        14.8221200            0.2351510  
         7.4605130            0.0995590  
         3.4135760           -0.0991250  
         1.6328840           -0.9520230  
         0.7435790            0.4790000  
         0.1725920            1.4997280  
         0.0774200           -0.6533590  
 gaussian 0 21
  15503020.0000000           -0.0000060  
   2321071.0000000           -0.0000170  
    528180.2000000           -0.0000450  
    149604.0000000           -0.0001080  
     48809.0700000           -0.0002530  
     17622.3900000           -0.0006140  
      6874.2010000           -0.0014330  
      2851.8570000           -0.0036470  
      1244.3340000           -0.0081260  
       566.1547000           -0.0193360  
       266.7873000           -0.0337780  
       129.3752000           -0.0597330  
        63.6516100           -0.0291950  
        29.3330200            0.0576720  
        14.8221200            0.3962980  
         7.4605130            0.3262820  
         3.4135760           -0.7659990  
         1.6328840           -1.5951110  
         0.7435790            2.6051560  
         0.1725920           -0.7647690  
         0.0774200           -1.1749130  
 gaussian 0 21
  15503020.0000000           -0.0000070  
   2321071.0000000           -0.0000190  
    528180.2000000           -0.0000500  
    149604.0000000           -0.0001170  
     48809.0700000           -0.0002940  
     17622.3900000           -0.0006290  
      6874.2010000           -0.0017690  
      2851.8570000           -0.0034530  
      1244.3340000           -0.0108110  
       566.1547000           -0.0163970  
       266.7873000           -0.0511320  
       129.3752000           -0.0347730  
        63.6516100           -0.1020090  
        29.3330200            0.2248130  
        14.8221200            0.1666290  
         7.4605130            1.1504080  
         3.4135760           -3.6677600  
         1.6328840            2.9089060  
         0.7435790            0.1233070  
         0.1725920           -3.2568870  
         0.0774200            4.6303440  
 gaussian 0 1 0.0337010
 gaussian 0 1 6.7511000
 gaussian 0 1 1.8578000
 gaussian 0 1 0.0146700
 gaussian 1 17
     45066.6200000            0.0000570  
     10662.6400000            0.0002080  
      3463.4310000            0.0008460  
      1326.6240000            0.0031340  
       564.7414000            0.0107650  
       258.8288000            0.0325410  
       125.3115000            0.0846200  
        63.2423300            0.1792530  
        32.8240600            0.2920770  
        17.3969200            0.3290800  
         9.3243940            0.2060500  
         4.9388390            0.0521800  
         2.5620250            0.0007930  
         1.2992940           -0.0024970  
         0.6346780           -0.0013400  
         0.2325994           -0.0000960  
         0.0915230            0.0000050  
 gaussian 1 17
     45066.6200000           -0.0000200  
     10662.6400000           -0.0000740  
      3463.4310000           -0.0003020  
      1326.6240000           -0.0011260  
       564.7414000           -0.0038860  
       258.8288000           -0.0119180  
       125.3115000           -0.0317080  
        63.2423300           -0.0697490  
        32.8240600           -0.1185830  
        17.3969200           -0.1405920  
         9.3243940           -0.0391820  
         4.9388390            0.2070370  
         2.5620250            0.4068660  
         1.2992940            0.3672130  
         0.6346780            0.1625320  
         0.2325994            0.0179490  
         0.0915230           -0.0016100  
 gaussian 1 17
     45066.6200000            0.0000040  
     10662.6400000            0.0000150  
      3463.4310000            0.0000620  
      1326.6240000            0.0002270  
       564.7414000            0.0007940  
       258.8288000            0.0024100  
       125.3115000            0.0065010  
        63.2423300            0.0141420  
        32.8240600            0.0246010  
        17.3969200            0.0284870  
         9.3243940            0.0079730  
         4.9388390           -0.0524750  
         2.5620250           -0.0961500  
         1.2992940           -0.1098910  
         0.6346780            0.0052770  
         0.2325994            0.3160560  
         0.0915230            0.5414170  
 gaussian 1 17
     45066.6200000            0.0000090  
     10662.6400000            0.0000310  
      3463.4310000            0.0001290  
      1326.6240000            0.0004670  
       564.7414000            0.0016690  
       258.8288000            0.0049420  
       125.3115000            0.0137030  
        63.2423300            0.0288820  
        32.8240600            0.0525090  
        17.3969200            0.0575250  
         9.3243940            0.0233410  
         4.9388390           -0.1314790  
         2.5620250           -0.2125180  
         1.2992940           -0.2149510  
         0.6346780            0.2264290  
         0.2325994            0.6390330  
         0.0915230            0.3129740  
 gaussian 1 17
     45066.6200000            0.0000150  
     10662.6400000            0.0000540  
      3463.4310000            0.0002330  
      1326.6240000            0.0008060  
       564.7414000            0.0030230  
       258.8288000            0.0085050  
       125.3115000            0.0249740  
        63.2423300            0.0493100  
        32.8240600            0.0977120  
        17.3969200            0.0978230  
         9.3243940            0.0747930  
         4.9388390           -0.3728930  
         2.5620250           -0.4521070  
         1.2992940           -0.0831810  
         0.6346780            1.1810810  
         0.2325994           -0.0996300  
         0.0915230           -0.7437020  
 gaussian 1 17
     45066.6200000            0.0000210  
     10662.6400000            0.0000770  
      3463.4310000            0.0003040  
      1326.6240000            0.0011710  
       564.7414000            0.0039020  
       258.8288000            0.0124890  
       125.3115000            0.0320120  
        63.2423300            0.0742030  
        32.8240600            0.1186720  
        17.3969200            0.1888440  
         9.3243940            0.1042450  
         4.9388390           -0.9857230  
         2.5620250           -0.5224120  
         1.2992940            2.0084850  
         0.6346780           -0.6516730  
         0.2325994           -1.0910670  
         0.0915230            1.0098080  
 gaussian 1 1 0.0355740
 gaussian 1 1 10.4540000
 gaussian 1 1 2.9156000
 gaussian 1 1 0.0138300
 gaussian 2 10
       432.2741887            0.0003510  
       127.4570298            0.0031160  
        48.8309642            0.0160110  
        21.0167466            0.0546140  
         9.6571026            0.1364950  
         4.6030529            0.2389110  
         2.1892443            0.3000020  
         1.0143931            0.2906960  
         0.4503525            0.2209770  
         0.1876531            0.1203230  
 gaussian 2 10
       432.2741887           -0.0003600  
       127.4570298           -0.0032190  
        48.8309642           -0.0165480  
        21.0167466           -0.0572710  
         9.6571026           -0.1468730  
         4.6030529           -0.2479010  
         2.1892443           -0.2234890  
         1.0143931            0.0132390  
         0.4503525            0.3104770  
         0.1876531            0.4522510  
 gaussian 2 10
       432.2741887            0.0005070  
       127.4570298            0.0045770  
        48.8309642            0.0235490  
        21.0167466            0.0831870  
         9.6571026            0.2210890  
         4.6030529            0.3398130  
         2.1892443            0.0390780  
         1.0143931           -0.5221520  
         0.4503525           -0.3950570  
         0.1876531            0.3656590  
 gaussian 2 10
       432.2741887           -0.0007300  
       127.4570298           -0.0062770  
        48.8309642           -0.0340630  
        21.0167466           -0.1184390  
         9.6571026           -0.3663900  
         4.6030529           -0.3205530  
         2.1892443            0.6939770  
         1.0143931            0.4623840  
         0.4503525           -0.8214790  
         0.1876531           -0.1860170  
 gaussian 2 1 0.07047793
 gaussian 2 1 6.8868000
 gaussian 2 1 3.5696000
 gaussian 2 1 0.0264700
 gaussian 3 1 10.2360000
 gaussian 3 1 4.3458000
 gaussian 3 1 1.8450000
 gaussian 3 1 0.6302000
 gaussian 3 1 0.2152600
 gaussian 4 1 8.4803000
 gaussian 4 1 3.7875000
 gaussian 4 1 1.5215000
 gaussian 4 1 0.6112100
 gaussian 5 1 7.5953000
 gaussian 5 1 3.1948000
 gaussian 5 1 1.3438200
