$coord
   -0.30203183147800     -0.90096099685868      0.58527446733318      ti
    3.32303855187550     -0.01376106494822     -0.60828405296621      c
   -2.20960692721196      2.35120389106048      1.64794885812724      c
   -2.15182791516108     -2.65195978336613     -2.13114603602623      c
   -0.47153964943860     -4.12525783290391      3.59885482516952      cl
   -2.76736641561221     -5.94259191348811     -0.16228521124071      al
   -3.97304431758048     -1.73116535548374     -2.63496200022998      h
   -0.97524486507568     -3.02138471182456     -3.83367816657216      h
   -4.12578713085591      1.88884866952393      2.36932230130313      h
   -1.12080514642714      3.34250077018389      3.14688093067159      h
   -2.38703126649682      3.61031944196831     -0.02557316475924      h
    4.37923945649406     -1.74532185038973     -1.14878605772112      h
    3.18689836705033      1.25862781807249     -2.27574112597463      h
    4.34914334296242      0.97754156001843      0.93421443900681      h
   -6.22885504063231     -6.32276527391372      1.19244320807092      c
   -0.49922807033273     -8.75685583249859     -1.10827217671002      c
    1.47122499211826     -8.10696279948441     -1.42057821917005      h
   -0.44112884186696    -10.24819298660899      0.36656101356983      h
   -1.13047909436693     -9.67844455909138     -2.88758957110796      h
   -6.31981638334013     -7.76101534525927      2.71736784126197      h
   -6.96876304724640     -4.52565607742870      1.98305504873428      h
   -7.57048747345633     -6.93265855048719     -0.30502715081307      h
$user-defined bonds
$end
