$coord
   -1.44730145641139      0.00000743420743      0.00008622196202      c
    1.44719379040890      0.00000841533557      0.00008461599185      c
   -2.19664679394003      1.92976732241719     -0.00015462245500      h
   -2.19668292039744     -0.96467363484084      1.67141497611995      h
   -2.19668703938091     -0.96509072126105     -1.67099978112222      h
    2.19657609063746      0.96466651433052     -1.67125673876840      h
    2.19657886541325      0.96512754423611      1.67115887345272      h
    2.19653860567017     -1.92975177942492      0.00035402681908      h
$user-defined bonds
$redundant
     number_of_atoms             8
     degrees_of_freedom         18
     internal_coordinates       18
     frozen_coordinates          0
# definitions of redundant internals
   1 k  0.3333333333333 tors   5    1    2    6 val=  59.99922
        0.3333333333333 tors   5    1    2    7
        0.3333333333333 tors   5    1    2    8
        0.3333333333333 tors   4    1    2    6
        0.3333333333333 tors   4    1    2    7
        0.3333333333333 tors   4    1    2    8
        0.3333333333333 tors   3    1    2    6
        0.3333333333333 tors   3    1    2    7
        0.3333333333333 tors   3    1    2    8
   2 k  1.0000000000000 stre   1    5           val=   2.07015
   3 k  1.0000000000000 stre   1    4           val=   2.07015
   4 k  1.0000000000000 stre   1    3           val=   2.07014
   5 k  0.4223781165376 bend   4    5    1      val=   2.05486
        0.4222526755488 bend   3    5    1
        0.4222388344571 bend   3    4    1
       -0.3936755069918 bend   2    5    1
       -0.3936992184991 bend   2    4    1
       -0.3937439420312 bend   2    3    1
   6 k -0.6038191248838 bend   4    5    1      val=   0.00215
        0.5708866434906 bend   3    5    1
        0.0330670641665 bend   3    4    1
       -0.0220683355630 bend   2    5    1
       -0.3812314668002 bend   2    4    1
        0.4032034613726 bend   2    3    1
   7 k  0.3105091988617 bend   4    5    1      val=   0.00137
        0.3676831357203 bend   3    5    1
       -0.6782625420135 bend   3    4    1
        0.4528928702886 bend   2    5    1
       -0.2454978392938 bend   2    4    1
       -0.2072967249486 bend   2    3    1
   8 k  0.1028085612646 bend   4    5    1      val=   0.00165
        0.3310397019921 bend   3    5    1
       -0.4338265960337 bend   3    4    1
       -0.6497343626686 bend   2    5    1
        0.4957486954744 bend   2    4    1
        0.1540002886769 bend   2    3    1
   9 k  0.4416039719281 bend   4    5    1      val=   0.00150
       -0.3098666058951 bend   3    5    1
       -0.1317450619178 bend   3    4    1
       -0.1973097490071 bend   2    5    1
       -0.4639946283494 bend   2    4    1
        0.6613544473264 bend   2    3    1
  10 k  1.0000000000000 stre   2    6           val=   2.07015
  11 k  1.0000000000000 stre   2    7           val=   2.07015
  12 k  1.0000000000000 stre   2    8           val=   2.07014
  13 k  0.4222936422557 bend   7    6    2      val=   2.05523
        0.4221478645099 bend   8    6    2
        0.4224321185451 bend   8    7    2
       -0.3937551577257 bend   1    6    2
       -0.3936421507750 bend   1    7    2
       -0.3937170282313 bend   1    8    2
  14 k  0.6653520065725 bend   7    6    2      val=   0.00224
       -0.4499597015065 bend   8    6    2
       -0.2154335432919 bend   8    7    2
        0.1438743461689 bend   1    6    2
        0.3005285614310 bend   1    7    2
       -0.4443130867683 bend   1    8    2
  15 k  0.1355362639313 bend   7    6    2      val=   0.00641
        0.5086530750826 bend   8    6    2
       -0.6438732525430 bend   8    7    2
        0.4298943186386 bend   1    6    2
       -0.3396119574942 bend   1    7    2
       -0.0904643474386 bend   1    8    2
  16 k  0.1915497274305 bend   7    6    2      val=   0.00288
       -0.4516909124574 bend   8    6    2
        0.2601276590272 bend   8    7    2
        0.3896635577412 bend   1    6    2
       -0.6764002779817 bend   1    7    2
        0.2868145711928 bend   1    8    2
  17 k  0.4110129116178 bend   7    6    2      val=  -0.00013
       -0.0396589161529 bend   8    6    2
       -0.3713135328193 bend   8    7    2
       -0.5561544740922 bend   1    6    2
       -0.0593371741622 bend   1    7    2
        0.6154617111632 bend   1    8    2
  18 k  1.0000000000000 stre   1    2           val=   2.89450
        18 non zero eigenvalues  of BmBt
           1           4.005595787    1    0
         1
           2           3.595852212    2    0
         2
           3           3.595667506    3    0
         3
           4           2.761518268    4    0
         4
           5           2.761355410    5    0
         5
           6           2.337472499    6    0
         6
           7           1.596970828    7    0
         7
           8           0.906784196    8    0
         8
           9           0.847658445    9    0
         9
          10           0.685471189   10    0
        10
          11           0.685460276   11    0
        11
          12           0.674885763   12    0
        12
          13           0.674870876   13    0
        13
          14           0.500824403   14    0
        14
          15           0.500814197   15    0
        15
          16           0.272750998   16    0
        16
          17           0.239623508   17    0
        17
          18           0.239607714   18    0
        18
$end
