$coord
    0.80822143966998     -2.10272506503890     -0.19273033715981      o
    3.23172611953799     -2.10451759508949     -0.17955629238113      c
    4.80745447563956      0.02955534549955     -0.10524757777401      c
    4.04391876000451      2.56982205686014     -0.02287692980816      c
    6.82663487006384     -0.32110233540895     -0.11156611812306      h
    4.41225060051410     -4.70536286472112     -0.25561691885558      c
    3.76760846164219     -5.79584687797172      1.38146538445231      h
    6.47426540173209     -4.62599052574684     -0.25472788274413      h
    3.76417035592750     -5.70105711645729     -1.95043653502723      h
    1.76177360391166      3.38513436697363      0.00599458391567      o
    6.03251459486386      4.62034874269048      0.04368849822755      c
    5.78185247659125      5.86787656630778     -1.58894553642783      h
    7.94702899492204      3.85055517401286      0.02798501498524      h
    5.76977287361844      5.77248158786245      1.74294283252495      h
   -1.36441442415805      1.10137276408170     -0.08281541824495      rh
   -3.68193754851444      4.10975394288859      1.18713548530149      c
   -4.34004040752431     -1.12452188377403      1.32521937017863      c
   -3.42717148082016      4.20236064394146     -1.46824886098946      c
   -2.45334653245347      5.35096057972264      2.27688036696068      h
   -4.57193349976040     -0.94687858180958     -1.32795800305389      c
   -3.46597033102181     -2.83711425594336      2.06468365646641      h
   -2.03331553319166      5.52055700758595     -2.21875527845563      h
   -3.84388056567507     -2.52881388611292     -2.42567254703097      h
   -6.05707877022934      3.19580576324624      2.53532591308309      c
   -7.71297089522046      3.54524884457004      1.34571013574418      h
   -6.33584607199689      4.30774928098883      4.25860724646692      h
   -5.39308368171164      3.32002876234826     -3.35532102111227      c
   -4.46338173264010      3.17998143833147     -5.20011702843000      h
   -6.90570299865574      4.73494372750306     -3.56342745570243      h
   -6.51119019620669      0.71568947071931     -2.65826801610649      c
   -8.17991745930378      0.93945397713707     -1.45624385103951      h
   -7.15943112991776     -0.23395186317428     -4.37921247381682      h
   -5.87261890106718      0.36739412574319      3.23030762976132      c
   -7.77064273284817     -0.45604850887832      3.46049363159609      h
   -4.92855660072188      0.18625516411218      5.06424092661882      h
$user-defined bonds
$redundant
     number_of_atoms            35
     degrees_of_freedom         99
     internal_coordinates      116
     frozen_coordinates          0
# definitions of redundant internals
   1 k  1.0000000000000 stre   3    5           val=   2.04941
   2 k  0.7071067812564 bend   2    5    3      val=  -0.00069
       -0.7071067811167 bend   4    5    3
   3 k  1.0000000000000 outp   5    4    2    3 val=   0.01793
   4 k  0.4082482904639 tors   8    6    2    1 val=  89.61507
        0.4082482904639 tors   8    6    2    3
        0.4082482904639 tors   7    6    2    1
        0.4082482904639 tors   7    6    2    3
        0.4082482904639 tors   9    6    2    1
        0.4082482904639 tors   9    6    2    3
   5 k  1.0000000000000 stre   6    8           val=   2.06354
   6 k  1.0000000000000 stre   6    7           val=   2.06997
   7 k  1.0000000000000 stre   6    9           val=   2.06974
   8 k  0.4587630253485 bend   7    8    6      val=   0.90710
        0.4529110900729 bend   9    8    6
        0.3226428116264 bend   9    7    6
       -0.3715205121484 bend   2    8    6
       -0.4130241377759 bend   2    7    6
       -0.4143588032556 bend   2    9    6
   9 k -0.2655234386674 bend   7    8    6      val=   2.50737
       -0.2851882193005 bend   9    8    6
        0.7218292052581 bend   9    7    6
       -0.4962389481682 bend   2    8    6
        0.2076289529989 bend   2    7    6
        0.1943314326722 bend   2    9    6
  10 k -0.6144840915670 bend   7    8    6      val=   0.21810
        0.6092265584626 bend   9    8    6
        0.0144900682864 bend   9    7    6
       -0.0084193525512 bend   2    8    6
       -0.3526003815548 bend   2    7    6
        0.3558713602216 bend   2    9    6
  11 k  0.2037353337636 bend   7    8    6      val=  -0.14204
        0.2352127018047 bend   9    8    6
       -0.4776854998115 bend   9    7    6
       -0.6551275395895 bend   2    8    6
        0.3748447937665 bend   2    7    6
        0.3244730334147 bend   2    9    6
  12 k  0.3624188318866 bend   7    8    6      val=   0.04567
       -0.3454789743900 bend   9    8    6
       -0.0194947732259 bend   9    7    6
       -0.0274864649892 bend   2    8    6
       -0.5958324961766 bend   2    7    6
        0.6270127216473 bend   2    9    6
  13 k  0.4082482904639 tors  13   11    4    3 val=  89.67329
        0.4082482904639 tors  13   11    4   10
        0.4082482904639 tors  12   11    4    3
        0.4082482904639 tors  12   11    4   10
        0.4082482904639 tors  14   11    4    3
        0.4082482904639 tors  14   11    4   10
  14 k  1.0000000000000 stre  11   13           val=   2.06354
  15 k  1.0000000000000 stre  11   12           val=   2.06994
  16 k  1.0000000000000 stre  11   14           val=   2.06976
  17 k  0.4573083266134 bend  12   13   11      val=   0.90739
        0.4540480953618 bend  14   13   11
        0.3230395238459 bend  14   12   11
       -0.3716296722240 bend   4   13   11
       -0.4132822296730 bend   4   12   11
       -0.4140580549887 bend   4   14   11
  18 k -0.2713404449251 bend  12   13   11      val=   2.48981
       -0.2800016101517 bend  14   13   11
        0.7218386152057 bend  14   12   11
       -0.4960661008838 bend   4   13   11
        0.2040057337313 bend   4   12   11
        0.1980468606592 bend   4   14   11
  19 k -0.6127558031523 bend  12   13   11      val=   0.11282
        0.6108740336831 bend  14   13   11
        0.0066334605748 bend  14   12   11
       -0.0038166426470 bend   4   13   11
       -0.3539496526188 bend   4   12   11
        0.3549990345419 bend   4   14   11
  20 k  0.2095100681727 bend  12   13   11      val=  -0.14048
        0.2296608900065 bend  14   13   11
       -0.4777112345997 bend  14   12   11
       -0.6556284262049 bend   4   13   11
        0.3662188044268 bend   4   12   11
        0.3334494524050 bend   4   14   11
  21 k  0.3599361273659 bend  12   13   11      val=   0.02774
       -0.3487514298409 bend  14   13   11
       -0.0127171815569 bend  14   12   11
       -0.0177745601694 bend   4   13   11
       -0.6016112639376 bend   4   12   11
        0.6216145508337 bend   4   14   11
  22 k  1.0000000000000 stre  16   19           val=   2.05854
  23 k  0.6551528277673 bend  18   19   16      val=  20.37598
       -0.6756343373502 bend  24   19   16
        0.3380724988251 bend  15   19   16
  24 k -0.4400660139146 bend  18   19   16      val=  34.11747
        0.0224559063987 bend  24   19   16
        0.8976845969855 bend  15   19   16
  25 k  1.0000000000000 stre  17   21           val=   2.06004
  26 k  0.6551887287105 bend  20   21   17      val=  20.74660
       -0.6756366093992 bend  33   21   17
        0.3379983754551 bend  15   21   17
  27 k -0.4402754755649 bend  20   21   17      val=  34.03414
        0.0220840721450 bend  33   21   17
        0.8975911092327 bend  15   21   17
  28 k  1.0000000000000 stre  18   22           val=   2.06003
  29 k  0.6550716660687 bend  16   22   18      val=  20.75290
       -0.6756343173723 bend  27   22   18
        0.3382297761920 bend  15   22   18
  30 k -0.4406259449903 bend  16   22   18      val=  33.97949
        0.0220424579213 bend  27   22   18
        0.8974201394276 bend  15   22   18
  31 k  1.0000000000000 stre  20   23           val=   2.05853
  32 k  0.6550161783783 bend  17   23   20      val=  20.39281
       -0.6755434386720 bend  30   23   20
        0.3385186383788 bend  15   23   20
  33 k -0.4411569961977 bend  17   23   20      val=  33.94811
        0.0218223764830 bend  30   23   20
        0.8971645827776 bend  15   23   20
  34 k  1.0000000000000 stre  24   26           val=   2.06974
  35 k  1.0000000000000 stre  24   25           val=   2.06864
  36 k  0.0163580222882 bend  25   26   24      val=   0.65193
        0.4976369848466 bend  16   26   24
        0.5023062609318 bend  16   25   24
       -0.4972272350876 bend  33   26   24
       -0.5025369074360 bend  33   25   24
  37 k  0.0025168623028 bend  25   26   24      val=   0.61843
        0.5038099939724 bend  16   26   24
       -0.4959552765261 bend  16   25   24
        0.5043708361674 bend  33   26   24
       -0.4957898533526 bend  33   25   24
  38 k  0.9088924327919 bend  25   26   24      val=   2.94995
       -0.2151560718221 bend  16   26   24
       -0.2164412771322 bend  16   25   24
       -0.2004771049808 bend  33   26   24
       -0.2014559860208 bend  33   25   24
  39 k -0.0000619978460 bend  25   26   24      val=   0.20535
        0.5026165219736 bend  16   26   24
       -0.4975702283906 bend  16   25   24
       -0.5023620867837 bend  33   26   24
        0.4974262051572 bend  33   25   24
  40 k  1.0000000000000 stre  27   28           val=   2.07056
  41 k  1.0000000000000 stre  27   29           val=   2.08166
  42 k  0.0169416103571 bend  29   28   27      val=   0.57562
        0.4981284279986 bend  18   28   27
        0.5017428853363 bend  18   29   27
       -0.4971235785116 bend  30   28   27
       -0.5026960073051 bend  30   29   27
  43 k  0.0016172887887 bend  29   28   27      val=  -0.27949
        0.5032364056997 bend  18   28   27
       -0.4960616880703 bend  18   29   27
        0.5049125577477 bend  30   28   27
       -0.4957182819030 bend  30   29   27
  44 k  0.9088111812585 bend  29   28   27      val=   3.14846
       -0.2147584533585 bend  18   28   27
       -0.2175463122320 bend  18   29   27
       -0.2002324939960 bend  30   28   27
       -0.2012997613335 bend  30   29   27
  45 k -0.0006295798058 bend  29   28   27      val=  -0.40122
        0.5028924740169 bend  18   28   27
       -0.4977641344415 bend  18   29   27
       -0.5017004706728 bend  30   28   27
        0.4976206058805 bend  30   29   27
  46 k  1.0000000000000 stre  30   32           val=   2.06971
  47 k  1.0000000000000 stre  30   31           val=   2.06872
  48 k  0.0158060887974 bend  31   32   30      val=   0.62460
        0.4979166847902 bend  20   32   30
        0.5020956844132 bend  20   31   30
       -0.4972032047737 bend  27   32   30
       -0.5025117306301 bend  27   31   30
  49 k  0.0019137622563 bend  31   32   30      val=   0.58310
        0.5038818776323 bend  20   32   30
       -0.4962616507207 bend  20   31   30
        0.5042980198555 bend  27   32   30
       -0.4954869040667 bend  27   31   30
  50 k  0.9088568048689 bend  31   32   30      val=   2.93511
       -0.2145303527404 bend  20   32   30
       -0.2166333298273 bend  20   31   30
       -0.2006520666900 bend  27   32   30
       -0.2019029086901 bend  27   31   30
  51 k -0.0002868224209 bend  31   32   30      val=   0.21297
        0.5023964052769 bend  20   32   30
       -0.4974143896266 bend  20   31   30
       -0.5023411899405 bend  27   32   30
        0.4978252942341 bend  27   31   30
  52 k  1.0000000000000 stre  33   35           val=   2.07060
  53 k  1.0000000000000 stre  33   34           val=   2.08172
  54 k  0.0161973310364 bend  34   35   33      val=   0.54438
        0.4985022209456 bend  17   35   33
        0.5014662178129 bend  17   34   33
       -0.4973054883486 bend  24   35   33
       -0.5024460825107 bend  24   34   33
  55 k  0.0003311296647 bend  34   35   33      val=  -0.35025
        0.5034871483684 bend  17   35   33
       -0.4963880695445 bend  17   34   33
        0.5046727332290 bend  24   35   33
       -0.4953835872635 bend  24   34   33
  56 k  0.9088424002673 bend  34   35   33      val=   3.15285
       -0.2137238424808 bend  17   35   33
       -0.2178218101979 bend  17   34   33
       -0.2000457635492 bend  24   35   33
       -0.2021458931560 bend  24   34   33
  57 k -0.0007519907071 bend  34   35   33      val=  -0.40067
        0.5023803218726 bend  17   35   33
       -0.4977011610600 bend  17   34   33
       -0.5016757857131 bend  24   35   33
        0.4982252573022 bend  24   34   33
  58 k  1.0000000000000 stre   2    6           val=   2.85724
  59 k  0.7071068842249 bend   1    6    2      val=  -2.36691
       -0.7071066781481 bend   3    6    2
  60 k  1.0000000000000 outp   6    3    1    2 val=  -0.04862
  61 k  1.0000000000000 stre   4   11           val=   2.85720
  62 k  0.7071067954184 bend  10   11    4      val=  -2.36845
       -0.7071067669546 bend   3   11    4
  63 k  1.0000000000000 outp  11    3   10    4 val=  -0.06389
  64 k  1.0000000000000 stre  15   10           val=   3.87253
  65 k  1.0000000000000 stre  10    4           val=   2.42358
  66 k  1.0000000000000 stre   4    3           val=   2.65381
  67 k  1.0000000000000 stre   3    2           val=   2.65381
  68 k  1.0000000000000 stre   2    1           val=   2.42354
  69 k  1.0000000000000 stre   1   15           val=   3.87281
  70 k -0.2886751345948 bend  15    4   10      val=  -7.91265
       -0.2886751345948 bend  10    3    4
        0.5773502691896 bend   4    2    3
       -0.2886751345948 bend   3    1    2
       -0.2886751345948 bend   2   15    1
        0.5773502691896 bend   1   10   15
  71 k  0.5000000000000 bend  15    4   10      val=   0.00093
       -0.5000000000000 bend  10    3    4
        0.5000000000000 bend   3    1    2
       -0.5000000000000 bend   2   15    1
  72 k -0.4082482904639 bend  15    4   10      val=  -5.05681
        0.4082482904639 bend  10    3    4
       -0.4082482904639 bend   4    2    3
        0.4082482904639 bend   3    1    2
       -0.4082482904639 bend   2   15    1
        0.4082482904639 bend   1   10   15
  73 k -0.2886751345948 tors  10    4    3    2 val=  -0.28872
       -0.2886751345948 tors   4    3    2    1
        0.5773502691896 tors   3    2    1   15
       -0.2886751345948 tors   2    1   15   10
       -0.2886751345948 tors   1   15   10    4
        0.5773502691896 tors  15   10    4    3
  74 k  0.5000000000000 tors  10    4    3    2 val=   0.01786
       -0.5000000000000 tors   4    3    2    1
        0.5000000000000 tors   2    1   15   10
       -0.5000000000000 tors   1   15   10    4
  75 k -0.4082482904639 tors  10    4    3    2 val=   0.02834
        0.4082482904639 tors   4    3    2    1
       -0.4082482904639 tors   3    2    1   15
        0.4082482904639 tors   2    1   15   10
       -0.4082482904639 tors   1   15   10    4
        0.4082482904639 tors  15   10    4    3
  76 k  0.4998338017394 bend  17    1   15      val=   0.00515
       -0.4999214274007 bend  18   10   15
       -0.5000779457317 bend  16   10   15
        0.5001667574490 bend  20    1   15
  77 k  0.5008919666950 bend  17    1   15      val=   0.14901
       -0.4993511554942 bend  18   10   15
        0.5008622246114 bend  16   10   15
       -0.4988914643130 bend  20    1   15
  78 k  0.5054248432331 bend  17    1   15      val=  -0.49131
        0.5051402958519 bend  18   10   15
       -0.4946069785658 bend  16   10   15
       -0.4947150150374 bend  20    1   15
  79 k  0.5000000000000 tors  20   17   15   16 val=  22.14902
        0.5000000000000 tors  20   17   15   18
        0.5000000000000 tors  33   17   15   16
        0.5000000000000 tors  33   17   15   18
  80 k  0.5000000000000 tors  16   18   15   17 val=  22.19408
        0.5000000000000 tors  16   18   15   20
        0.5000000000000 tors  27   18   15   17
        0.5000000000000 tors  27   18   15   20
  81 k  0.5000000000000 tors  18   16   15   17 val=  53.27758
        0.5000000000000 tors  18   16   15   20
        0.5000000000000 tors  24   16   15   17
        0.5000000000000 tors  24   16   15   20
  82 k  0.5000000000000 tors  17   20   15   16 val=  53.28840
        0.5000000000000 tors  17   20   15   18
        0.5000000000000 tors  30   20   15   16
        0.5000000000000 tors  30   20   15   18
  83 k  0.7071067811865 tors  33   24   16   15 val=  54.36453
        0.7071067811865 tors  33   24   16   18
  84 k  0.7071067811865 tors  24   33   17   15 val=  -5.27925
        0.7071067811865 tors  24   33   17   20
  85 k  0.7071067811865 tors  30   27   18   15 val=  -5.48231
        0.7071067811865 tors  30   27   18   16
  86 k  0.7071067811865 tors  27   30   20   15 val=  54.23808
        0.7071067811865 tors  27   30   20   17
  87 k  1.0000000000000 tors  17   33   24   16 val= -32.34794
  88 k  1.0000000000000 tors  20   30   27   18 val= -32.12077
  89 k  1.0000000000000 stre  15   17           val=   3.97385
  90 k  1.0000000000000 stre  15   18           val=   3.97373
  91 k  1.0000000000000 stre  15   16           val=   4.00425
  92 k  1.0000000000000 stre  18   16           val=   2.66918
  93 k  1.0000000000000 stre  15   20           val=   4.00423
  94 k  1.0000000000000 stre  17   20           val=   2.66921
  95 k  0.5367742725575 bend  18   17   15      val=  89.64666
        0.4605758568299 bend  16   17   15
        0.4604248993321 bend  20   18   15
        0.5364253652660 bend  20   16   15
  96 k  0.0000622286593 bend  18   17   15      val=   0.00952
       -0.7071177352584 bend  16   17   15
        0.7070958070986 bend  20   18   15
        0.0001555449402 bend  20   16   15
  97 k -0.7069703824647 bend  18   17   15      val=  -4.36531
        0.0001556343367 bend  16   17   15
        0.0000622794358 bend  20   18   15
        0.7072431337361 bend  20   16   15
  98 k -0.4605065197862 bend  18   17   15      val=   0.46286
        0.5365206094517 bend  16   17   15
        0.5366790733575 bend  20   18   15
       -0.4604942487025 bend  20   16   15
  99 k  1.0000000000000 stre  16   24           val=   2.87997
 100 k  0.9168880232919 bend  24   18   16      val= 120.41941
        0.3991445261353 bend  15   24   16
 101 k -0.3991445261353 bend  24   18   16      val=  41.05195
        0.9168880232919 bend  15   24   16
 102 k  1.0000000000000 stre  17   33           val=   2.86426
 103 k  0.9166148245484 bend  33   20   17      val= 120.80461
        0.3997715140153 bend  15   33   17
 104 k -0.3997715140153 bend  33   20   17      val=  38.60519
        0.9166148245484 bend  15   33   17
 105 k  1.0000000000000 stre  18   27           val=   2.86433
 106 k  0.9171312448945 bend  27   16   18      val= 120.79746
        0.3985853479974 bend  15   27   18
 107 k -0.3985853479974 bend  27   16   18      val=  38.84072
        0.9171312448945 bend  15   27   18
 108 k  1.0000000000000 stre  20   30           val=   2.88003
 109 k  0.9165610227489 bend  30   17   20      val= 120.45065
        0.3998948506514 bend  15   30   20
 110 k -0.3998948506514 bend  30   17   20      val=  40.94272
        0.9165610227489 bend  15   30   20
 111 k  1.0000000000000 stre  24   33           val=   2.91838
 112 k  1.0000000000000 bend  33   16   24      val= 111.52556
 113 k  1.0000000000000 stre  27   30           val=   2.91867
 114 k  1.0000000000000 bend  30   18   27      val= 112.36180
 115 k  1.0000000000000 bend  27   20   30      val= 111.55962
 116 k  1.0000000000000 bend  24   17   33      val= 112.34876
        99 non zero eigenvalues  of BmBt
           1          11.066291607    1    0
         1
           2           5.025559211    2    0
         2
           3           4.237594595    3    0
         3
           4           4.121998863    4    0
         4
           5           3.722544132    5    0
         5
           6           3.663290108    6    0
         6
           7           3.337017395    7    0
         7
           8           3.333617024    8    0
         8
           9           3.085956909    9    0
         9
          10           3.080640203   10    0
        10
          11           3.076019944   11    0
        11
          12           2.973118940   12    0
        12
          13           2.848658055   13    0
        13
          14           2.748384360   14    0
        14
          15           2.639403311   15    0
        15
          16           2.622921240   16    0
        16
          17           2.471171600   17    0
        17
          18           2.325400551   18    0
        18
          19           2.308323078   19    0
        19
          20           2.283332909   20    0
        20
          21           2.222212054   21    0
        21
          22           2.158917133   22    0
        22
          23           2.120102532   23    0
        23
          24           2.088419936   24    0
        24
          25           2.059771684   25    0
        25
          26           2.055535297   26    0
        26
          27           2.030793353   27    0
        27
          28           1.792104492   28    0
        28
          29           1.719698653   29    0
        29
          30           1.659103261   30    0
        30
          31           1.550148859   31    0
        31
          32           1.434728084   32    0
        32
          33           1.364093288   33    0
        33
          34           1.252503506   34    0
        34
          35           1.218617292   35    0
        35
          36           1.128753461   36    0
        36
          37           1.097778846   37    0
        37
          38           0.873835748   38    0
        38
          39           0.847537397   39    0
        39
          40           0.834559089   40    0
        40
          41           0.766830921   41    0
        41
          42           0.737371327   42    0
        42
          43           0.732846731   43    0
        43
          44           0.731102347   44    0
        44
          45           0.695580996   45    0
        45
          46           0.693888405   46    0
        46
          47           0.690971278   47    0
        47
          48           0.687281701   48    0
        48
          49           0.686516368   49    0
        49
          50           0.683317282   50    0
        50
          51           0.661351069   51    0
        51
          52           0.622796067   52    0
        52
          53           0.575402732   53    0
        53
          54           0.571283817   54    0
        54
          55           0.559121076   55    0
        55
          56           0.508964389   56    0
        56
          57           0.504782911   57    0
        57
          58           0.462025656   58    0
        58
          59           0.416777771   59    0
        59
          60           0.363246239   60    0
        60
          61           0.359097085   61    0
        61
          62           0.356281746   62    0
        62
          63           0.348272205   63    0
        63
          64           0.317293259   64    0
        64
          65           0.307353853   65    0
        65
          66           0.272903260   66    0
        66
          67           0.245920443   67    0
        67
          68           0.225699143   68    0
        68
          69           0.204864379   69    0
        69
          70           0.189007122   70    0
        70
          71           0.134168431   71    0
        71
          72           0.125767543   72    0
        72
          73           0.077354748   73    0
        73
          74           0.035585235   74    0
        74
          75           0.033343905   75    0
        75
          76           0.031513103   76    0
        76
          77           0.020869351   77    0
        77
          78           0.019457018   78    0
        78
          79           1.350208544    0    0
         0.000000000         0.000000000         0.000000000         0.000000000
         0.000000000         0.000000000         0.000000000         0.000000000
         0.000000000         0.000000000         0.000000000         0.000000000
         0.000000000         0.000000000         0.000000000         0.000000000
         0.000000000         0.000000000         0.000000000         0.000000000
         0.000000000         0.000000000         0.000000000         0.000000000
         0.000000000         0.000000000         0.000000000         0.000000000
         0.000000000         0.000000000         0.000000000         0.000000000
         0.000000000         0.000000000         0.000000000         0.000000000
         0.000000000         0.000000000         0.000000000         0.000000000
         0.000000000         0.000000000         0.000000000         0.000000000
         0.000000000         0.000000000         0.000000000         0.000000000
         0.000000000         0.000000000         0.000000000         0.000000000
         0.000000000         0.000000000         0.000000000         0.000000000
         0.000000000         0.000000000         0.000000000         0.000000000
         0.000000000         0.000000000         0.000000000         0.000000000
         0.000000000         0.000000000         0.000000000         0.000000000
         0.000000000         0.000000000         0.000000000         0.000000000
         0.000000000         0.000000000         0.000000000         0.000000000
         0.000000000         0.000000000         0.004571729        -0.010860633
         0.001482797         0.008697659        -0.037090253         0.037213335
         0.035489257        -0.033914992         0.000897264        -0.002350874
        -0.133984899        -0.171311970        -0.158087028        -0.460309062
        -0.149001670        -0.418605149         0.109770443         0.002635635
         0.001403888         0.065103143         0.338648825         0.003737797
        -0.046928391         0.306637909         0.003667619        -0.048137460
         0.345822701         0.004828121        -0.047147552         0.320362725
        -0.002742340        -0.047061686        -0.164826054        -0.012985605
        -0.170747752        -0.015105824        -0.004748567        -0.003118018
          80           1.344649501    0    0
         0.000000000         0.000000000         0.000000000         0.000000000
         0.000000000         0.000000000         0.000000000         0.000000000
         0.000000000         0.000000000         0.000000000         0.000000000
         0.000000000         0.000000000         0.000000000         0.000000000
         0.000000000         0.000000000         0.000000000         0.000000000
         0.000000000         0.000000000         0.000000000         0.000000000
         0.000000000         0.000000000         0.000000000         0.000000000
         0.000000000         0.000000000         0.000000000         0.000000000
         0.000000000         0.000000000         0.000000000         0.000000000
         0.000000000         0.000000000         0.000000000         0.000000000
         0.000000000         0.000000000         0.000000000         0.000000000
         0.000000000         0.000000000         0.000000000         0.000000000
         0.000000000         0.000000000         0.000000000         0.000000000
         0.000000000         0.000000000         0.000000000         0.000000000
         0.000000000         0.000000000         0.000000000         0.000000000
         0.000000000         0.000000000         0.000000000         0.000000000
         0.000000000         0.000000000         0.000000000         0.000000000
         0.000000000         0.000000000         0.000000000         0.000000000
         0.000000000         0.000000000         0.000000000         0.000000000
         0.000000000         0.000000000        -0.263591503         0.263295277
         0.250938197        -0.251063947         0.054994905        -0.053613781
         0.055676140        -0.056996771        -0.004995242         0.004580110
        -0.360637076         0.351521165        -0.284770388         0.049336030
         0.275592436        -0.074843854         0.003303924        -0.117417078
        -0.000004675         0.001901367         0.200671274        -0.065480594
         0.007182465         0.288921028        -0.053442419         0.010493687
        -0.270577735         0.053730980        -0.012977745        -0.181251070
         0.065602879        -0.010356348        -0.141274925        -0.028297981
         0.131547819         0.058861291         0.027635634        -0.059305242
          81           1.331794318    0    0
         0.000000000         0.000000000         0.000000000         0.000000000
         0.000000000         0.000000000         0.000000000         0.000000000
         0.000000000         0.000000000         0.000000000         0.000000000
         0.000000000         0.000000000         0.000000000         0.000000000
         0.000000000         0.000000000         0.000000000         0.000000000
         0.000000000         0.000000000         0.000000000         0.000000000
         0.000000000         0.000000000         0.000000000         0.000000000
         0.000000000         0.000000000         0.000000000         0.000000000
         0.000000000         0.000000000         0.000000000         0.000000000
         0.000000000         0.000000000         0.000000000         0.000000000
         0.000000000         0.000000000         0.000000000         0.000000000
         0.000000000         0.000000000         0.000000000         0.000000000
         0.000000000         0.000000000         0.000000000         0.000000000
         0.000000000         0.000000000         0.000000000         0.000000000
         0.000000000         0.000000000         0.000000000         0.000000000
         0.000000000         0.000000000         0.000000000         0.000000000
         0.000000000         0.000000000         0.000000000         0.000000000
         0.000000000         0.000000000         0.000000000         0.000000000
         0.000000000         0.000000000         0.000000000         0.000000000
         0.000000000         0.000000000        -0.004507296         0.004526671
        -0.081842455         0.081859237        -0.005194138         0.016514756
        -0.012926886         0.001572040        -0.034767509         0.034949514
        -0.198375404         0.184419031         0.281976554         0.396877742
        -0.296068887        -0.436006674         0.005139770         0.017880080
         0.000025646         0.002894267        -0.313074678        -0.030804053
        -0.010757850         0.269105854         0.049471999         0.002879525
        -0.239525693        -0.049488219        -0.007019715         0.342678601
         0.030913022         0.006680539         0.014058623         0.108492943
        -0.028810876         0.094946505        -0.109209324        -0.095748091
          82           1.090698321    0    0
         0.000000000         0.000000000         0.000000000         0.000000000
         0.000000000         0.000000000         0.000000000         0.000000000
         0.000000000         0.000000000         0.000000000         0.000000000
         0.000000000         0.000000000         0.000000000         0.000000000
         0.000000000         0.000000000         0.000000000         0.000000000
         0.000000000         0.000000000         0.000000000         0.000000000
         0.000000000         0.000000000         0.000000000         0.000000000
         0.000000000         0.000000000         0.000000000         0.000000000
         0.000000000         0.000000000         0.000000000         0.000000000
         0.000000000         0.000000000         0.000000000         0.000000000
         0.000000000         0.000000000         0.000000000         0.000000000
         0.000000000         0.000000000         0.000000000         0.000000000
         0.000000000         0.000000000         0.000000000         0.000000000
         0.000000000         0.000000000         0.000000000         0.000000000
         0.000000000         0.000000000         0.000000000         0.000000000
         0.000000000         0.000000000         0.000000000         0.000000000
         0.000000000         0.000000000         0.000000000         0.000000000
         0.000000000         0.000000000         0.000000000         0.000000000
         0.000000000         0.000000000         0.000000000         0.000000000
         0.000000000         0.000000000         0.001417433         0.000589370
         0.000928721         0.001863398        -0.245703037        -0.245387216
        -0.245613057        -0.245451265         0.054280721         0.054197922
        -0.279466331        -0.278665735         0.277140545        -0.000912290
         0.277954083        -0.000984980        -0.000201756         0.000004542
        -0.001045985         0.000091239        -0.230133329        -0.008674331
        -0.120213366         0.231934996         0.008109160         0.121330933
         0.231888898         0.008482458         0.120646282        -0.230585490
        -0.007784425        -0.121019048        -0.000365217         0.206236738
        -0.000939442        -0.206571646         0.206655978        -0.207052186
          83           0.812449279    0    0
         0.000000000         0.000000000         0.000000000         0.000000000
         0.000000000         0.000000000         0.000000000         0.000000000
         0.000000000         0.000000000         0.000000000         0.000000000
         0.000000000         0.000000000         0.000000000         0.000000000
         0.000000000         0.000000000         0.000000000         0.000000000
         0.000000000         0.000000000         0.000000000         0.000000000
         0.000000000         0.000000000         0.000000000         0.000000000
         0.000000000         0.000000000         0.000000000         0.000000000
         0.000000000         0.000000000         0.000000000         0.000000000
         0.000000000         0.000000000         0.000000000         0.000000000
         0.000000000         0.000000000         0.000000000         0.000000000
         0.000000000         0.000000000         0.000000000         0.000000000
         0.000000000         0.000000000         0.000000000         0.000000000
         0.000000000         0.000000000         0.000000000         0.000000000
         0.000000000         0.000000000         0.000000000         0.000000000
         0.000000000         0.000000000         0.000000000         0.000000000
         0.000000000         0.000000000         0.000000000         0.000000000
         0.000000000         0.000000000         0.000000000         0.000000000
         0.000000000         0.000000000         0.000000000         0.000000000
         0.000000000         0.000000000        -0.282200801         0.282357865
         0.283127909        -0.283870017        -0.325989726         0.323989281
        -0.324848235         0.325477677         0.001127717        -0.000370589
         0.141352626        -0.141836917         0.144520921        -0.002199854
        -0.143425612         0.002896734         0.000283360        -0.109560434
         0.000056086        -0.000010907        -0.046794025        -0.019893853
        -0.166552309        -0.048157162        -0.019363612        -0.164880931
         0.048636918         0.019147507         0.164955147         0.047007098
         0.019017533         0.166092849        -0.051384343         0.097829737
         0.051234646        -0.097206046        -0.097644151         0.097438009
          84           0.699814372    0    0
         0.000000000         0.000000000         0.000000000         0.000000000
         0.000000000         0.000000000         0.000000000         0.000000000
         0.000000000         0.000000000         0.000000000         0.000000000
         0.000000000         0.000000000         0.000000000         0.000000000
         0.000000000         0.000000000         0.000000000         0.000000000
         0.000000000         0.000000000         0.000000000         0.000000000
         0.000000000         0.000000000         0.000000000         0.000000000
         0.000000000         0.000000000         0.000000000         0.000000000
         0.000000000         0.000000000         0.000000000         0.000000000
         0.000000000         0.000000000         0.000000000         0.000000000
         0.000000000         0.000000000         0.000000000         0.000000000
         0.000000000         0.000000000         0.000000000         0.000000000
         0.000000000         0.000000000         0.000000000         0.000000000
         0.000000000         0.000000000         0.000000000         0.000000000
         0.000000000         0.000000000         0.000000000         0.000000000
         0.000000000         0.000000000         0.000000000         0.000000000
         0.000000000         0.000000000         0.000000000         0.000000000
         0.000000000         0.000000000         0.000000000         0.000000000
         0.000000000         0.000000000         0.000000000         0.000000000
         0.000000000         0.000000000         0.103811938         0.103432442
        -0.101016399        -0.101154109        -0.034299845         0.031829903
         0.033726928        -0.033398711         0.000429880        -0.002133844
         0.287797684         0.290175706         0.290799508         0.158867731
         0.289741306         0.163271946         0.201378438         0.000193186
         0.001721732         0.020932738         0.134005379        -0.143634855
        -0.167223043         0.132076726        -0.138066048        -0.165455242
         0.131369895        -0.139130017        -0.167350698         0.135150277
        -0.143720217        -0.166096865        -0.277959049         0.166833262
        -0.278976117         0.165333320         0.164573581         0.162171514
          85           0.651594353    0    0
         0.000000000         0.000000000         0.000000000         0.000000000
         0.000000000         0.000000000         0.000000000         0.000000000
         0.000000000         0.000000000         0.000000000         0.000000000
         0.000000000         0.000000000         0.000000000         0.000000000
         0.000000000         0.000000000         0.000000000         0.000000000
         0.000000000         0.000000000         0.000000000         0.000000000
         0.000000000         0.000000000         0.000000000         0.000000000
         0.000000000         0.000000000         0.000000000         0.000000000
         0.000000000         0.000000000         0.000000000         0.000000000
         0.000000000         0.000000000         0.000000000         0.000000000
         0.000000000         0.000000000         0.000000000         0.000000000
         0.000000000         0.000000000         0.000000000         0.000000000
         0.000000000         0.000000000         0.000000000         0.000000000
         0.000000000         0.000000000         0.000000000         0.000000000
         0.000000000         0.000000000         0.000000000         0.000000000
         0.000000000         0.000000000         0.000000000         0.000000000
         0.000000000         0.000000000         0.000000000         0.000000000
         0.000000000         0.000000000         0.000000000         0.000000000
         0.000000000         0.000000000         0.000000000         0.000000000
         0.000000000         0.000000000         0.105493235        -0.104105190
         0.102190107        -0.103102964        -0.163398003        -0.167808283
         0.166143903         0.164724790         0.185808219        -0.185844444
        -0.190057137         0.185002829         0.185355767        -0.401741784
        -0.189970156         0.405257585        -0.000478342        -0.000137937
         0.000098773        -0.000602069        -0.083474218        -0.009011022
        -0.155654886         0.082313468         0.008820122         0.160992781
        -0.082009697        -0.007185495        -0.157856659         0.084865862
         0.009281863         0.158703218         0.006423000         0.212200624
        -0.002992846         0.213256551        -0.215046782        -0.216456603
          86           0.636733568    0    0
         0.000000000         0.000000000         0.000000000         0.000000000
         0.000000000         0.000000000         0.000000000         0.000000000
         0.000000000         0.000000000         0.000000000         0.000000000
         0.000000000         0.000000000         0.000000000         0.000000000
         0.000000000         0.000000000         0.000000000         0.000000000
         0.000000000         0.000000000         0.000000000         0.000000000
         0.000000000         0.000000000         0.000000000         0.000000000
         0.000000000         0.000000000         0.000000000         0.000000000
         0.000000000         0.000000000         0.000000000         0.000000000
         0.000000000         0.000000000         0.000000000         0.000000000
         0.000000000         0.000000000         0.000000000         0.000000000
         0.000000000         0.000000000         0.000000000         0.000000000
         0.000000000         0.000000000         0.000000000         0.000000000
         0.000000000         0.000000000         0.000000000         0.000000000
         0.000000000         0.000000000         0.000000000         0.000000000
         0.000000000         0.000000000         0.000000000         0.000000000
         0.000000000         0.000000000         0.000000000         0.000000000
         0.000000000         0.000000000         0.000000000         0.000000000
         0.000000000         0.000000000         0.000000000         0.000000000
         0.000000000         0.000000000         0.151525623        -0.152844161
        -0.151276070         0.150927264        -0.014922278         0.012063711
        -0.012067704         0.013587286         0.001187039        -0.000800164
         0.092785000        -0.091750137         0.094911836        -0.002178919
        -0.093343352         0.001312000        -0.000376790         0.066906537
        -0.000129715         0.000107476         0.139136785        -0.021548015
        -0.055013253         0.140685495        -0.020838243        -0.052936490
        -0.141395797         0.020961731         0.052645094        -0.138792157
         0.021228492         0.054718447        -0.610013113         0.092921520
         0.609304951        -0.088573378        -0.092463264         0.088854371
          87           0.553525699    0    0
         0.000000000         0.000000000         0.000000000         0.000000000
         0.000000000         0.000000000         0.000000000         0.000000000
         0.000000000         0.000000000         0.000000000         0.000000000
         0.000000000         0.000000000         0.000000000         0.000000000
         0.000000000         0.000000000         0.000000000         0.000000000
         0.000000000         0.000000000         0.000000000         0.000000000
         0.000000000         0.000000000         0.000000000         0.000000000
         0.000000000         0.000000000         0.000000000         0.000000000
         0.000000000         0.000000000         0.000000000         0.000000000
         0.000000000         0.000000000         0.000000000         0.000000000
         0.000000000         0.000000000         0.000000000         0.000000000
         0.000000000         0.000000000         0.000000000         0.000000000
         0.000000000         0.000000000         0.000000000         0.000000000
         0.000000000         0.000000000         0.000000000         0.000000000
         0.000000000         0.000000000         0.000000000         0.000000000
         0.000000000         0.000000000         0.000000000         0.000000000
         0.000000000         0.000000000         0.000000000         0.000000000
         0.000000000         0.000000000         0.000000000         0.000000000
         0.000000000         0.000000000         0.000000000         0.000000000
         0.000000000         0.000000000        -0.052176082        -0.052710138
         0.054724560         0.053387394        -0.103814657         0.101409390
         0.102757667        -0.102323687         0.000564730        -0.001709144
         0.250768206         0.252598704         0.253531135        -0.325720479
         0.251674240        -0.323787776         0.070377902        -0.000079379
         0.001299589         0.087922033        -0.014758300         0.005812734
        -0.092234496        -0.016819803         0.009348143        -0.090564086
        -0.017025934         0.009850148        -0.091934797        -0.014651760
         0.005702677        -0.091062403         0.465250250         0.024164442
         0.464045316         0.022466730         0.023791650         0.021778918
          88           0.485805126    0    0
         0.000000000         0.000000000         0.000000000         0.000000000
         0.000000000         0.000000000         0.000000000         0.000000000
         0.000000000         0.000000000         0.000000000         0.000000000
         0.000000000         0.000000000         0.000000000         0.000000000
         0.000000000         0.000000000         0.000000000         0.000000000
         0.000000000         0.000000000         0.000000000         0.000000000
         0.000000000         0.000000000         0.000000000         0.000000000
         0.000000000         0.000000000         0.000000000         0.000000000
         0.000000000         0.000000000         0.000000000         0.000000000
         0.000000000         0.000000000         0.000000000         0.000000000
         0.000000000         0.000000000         0.000000000         0.000000000
         0.000000000         0.000000000         0.000000000         0.000000000
         0.000000000         0.000000000         0.000000000         0.000000000
         0.000000000         0.000000000         0.000000000         0.000000000
         0.000000000         0.000000000         0.000000000         0.000000000
         0.000000000         0.000000000         0.000000000         0.000000000
         0.000000000         0.000000000         0.000000000         0.000000000
         0.000000000         0.000000000         0.000000000         0.000000000
         0.000000000         0.000000000         0.000000000         0.000000000
         0.000000000         0.000000000         0.171729635         0.171979573
        -0.169701490        -0.168394964         0.159819131        -0.159083461
        -0.160188342         0.158108516        -0.001887899         0.000053061
        -0.058301973        -0.060695265        -0.060379551         0.261602181
        -0.056602434         0.258311154         0.288690725         0.000418341
         0.002008278        -0.027624037         0.246097496        -0.043784240
         0.042666611         0.242146317        -0.038075813         0.041362117
         0.243159298        -0.038893584         0.043126483         0.246473392
        -0.045165894         0.041221535         0.374886347        -0.056547642
         0.377304293        -0.058776380        -0.055591993        -0.057764564
          89           0.437334424    0    0
         0.000000000         0.000000000         0.000000000         0.000000000
         0.000000000         0.000000000         0.000000000         0.000000000
         0.000000000         0.000000000         0.000000000         0.000000000
         0.000000000         0.000000000         0.000000000         0.000000000
         0.000000000         0.000000000         0.000000000         0.000000000
         0.000000000         0.000000000         0.000000000         0.000000000
         0.000000000         0.000000000         0.000000000         0.000000000
         0.000000000         0.000000000         0.000000000         0.000000000
         0.000000000         0.000000000         0.000000000         0.000000000
         0.000000000         0.000000000         0.000000000         0.000000000
         0.000000000         0.000000000         0.000000000         0.000000000
         0.000000000         0.000000000         0.000000000         0.000000000
         0.000000000         0.000000000         0.000000000         0.000000000
         0.000000000         0.000000000         0.000000000         0.000000000
         0.000000000         0.000000000         0.000000000         0.000000000
         0.000000000         0.000000000         0.000000000         0.000000000
         0.000000000         0.000000000         0.000000000         0.000000000
         0.000000000         0.000000000         0.000000000         0.000000000
         0.000000000         0.000000000         0.000000000         0.000000000
         0.000000000         0.000000000         0.007292845         0.007151276
         0.006982193         0.007550876        -0.277074979        -0.276706685
        -0.276988553        -0.277190315         0.227583253         0.227841637
        -0.083136688        -0.084920413         0.084724049         0.000191381
         0.082315028        -0.000169194        -0.000109541         0.000414474
        -0.054872223        -0.000019804         0.302877884         0.100402468
        -0.082467071        -0.299260238        -0.098287145         0.082882142
        -0.302468390        -0.100775252         0.082521550         0.298208220
         0.098661080        -0.082453073         0.001494392        -0.180747013
        -0.001741927         0.180669719        -0.179105717         0.179136772
          90           0.339238104    0    0
         0.000000000         0.000000000         0.000000000         0.000000000
         0.000000000         0.000000000         0.000000000         0.000000000
         0.000000000         0.000000000         0.000000000         0.000000000
         0.000000000         0.000000000         0.000000000         0.000000000
         0.000000000         0.000000000         0.000000000         0.000000000
         0.000000000         0.000000000         0.000000000         0.000000000
         0.000000000         0.000000000         0.000000000         0.000000000
         0.000000000         0.000000000         0.000000000         0.000000000
         0.000000000         0.000000000         0.000000000         0.000000000
         0.000000000         0.000000000         0.000000000         0.000000000
         0.000000000         0.000000000         0.000000000         0.000000000
         0.000000000         0.000000000         0.000000000         0.000000000
         0.000000000         0.000000000         0.000000000         0.000000000
         0.000000000         0.000000000         0.000000000         0.000000000
         0.000000000         0.000000000         0.000000000         0.000000000
         0.000000000         0.000000000         0.000000000         0.000000000
         0.000000000         0.000000000         0.000000000         0.000000000
         0.000000000         0.000000000         0.000000000         0.000000000
         0.000000000         0.000000000         0.000000000         0.000000000
         0.000000000         0.000000000         0.098974939        -0.099729450
         0.098975015        -0.097802030        -0.062332750        -0.068685109
         0.066829334         0.064002609         0.154514706        -0.154538648
        -0.259800885         0.260273208         0.253434527        -0.036263791
        -0.252765516         0.038873695        -0.000207316        -0.001424825
         0.000056328        -0.000203337         0.003014535         0.134856151
         0.068113322        -0.019436088        -0.143428942        -0.069257514
         0.020798432         0.144322477         0.069360129        -0.001142491
        -0.134322172        -0.068392039        -0.005674691        -0.362881973
         0.004914294        -0.367327712         0.362412234         0.366607803
          91           0.323191144    0    0
         0.000000000         0.000000000         0.000000000         0.000000000
         0.000000000         0.000000000         0.000000000         0.000000000
         0.000000000         0.000000000         0.000000000         0.000000000
         0.000000000         0.000000000         0.000000000         0.000000000
         0.000000000         0.000000000         0.000000000         0.000000000
         0.000000000         0.000000000         0.000000000         0.000000000
         0.000000000         0.000000000         0.000000000         0.000000000
         0.000000000         0.000000000         0.000000000         0.000000000
         0.000000000         0.000000000         0.000000000         0.000000000
         0.000000000         0.000000000         0.000000000         0.000000000
         0.000000000         0.000000000         0.000000000         0.000000000
         0.000000000         0.000000000         0.000000000         0.000000000
         0.000000000         0.000000000         0.000000000         0.000000000
         0.000000000         0.000000000         0.000000000         0.000000000
         0.000000000         0.000000000         0.000000000         0.000000000
         0.000000000         0.000000000         0.000000000         0.000000000
         0.000000000         0.000000000         0.000000000         0.000000000
         0.000000000         0.000000000         0.000000000         0.000000000
         0.000000000         0.000000000         0.000000000         0.000000000
         0.000000000         0.000000000         0.033317659        -0.033275030
        -0.028760185         0.029014081        -0.081403304         0.080195242
        -0.078056358         0.084212758         0.002526444        -0.005054669
         0.169891567        -0.167875723         0.180961774         0.000544988
        -0.182466887         0.000419590        -0.000355070         0.065448141
         0.000247102        -0.000103872         0.386331265         0.177870191
         0.035023725         0.388253426         0.172914579         0.031348347
        -0.383669456        -0.171648122        -0.031828480        -0.388720543
        -0.178651633        -0.033369778         0.211280288        -0.090423826
        -0.210927159         0.073143590         0.092225206        -0.075867150
          92           0.242555820    0    0
         0.000000000         0.000000000         0.000000000         0.000000000
         0.000000000         0.000000000         0.000000000         0.000000000
         0.000000000         0.000000000         0.000000000         0.000000000
         0.000000000         0.000000000         0.000000000         0.000000000
         0.000000000         0.000000000         0.000000000         0.000000000
         0.000000000         0.000000000         0.000000000         0.000000000
         0.000000000         0.000000000         0.000000000         0.000000000
         0.000000000         0.000000000         0.000000000         0.000000000
         0.000000000         0.000000000         0.000000000         0.000000000
         0.000000000         0.000000000         0.000000000         0.000000000
         0.000000000         0.000000000         0.000000000         0.000000000
         0.000000000         0.000000000         0.000000000         0.000000000
         0.000000000         0.000000000         0.000000000         0.000000000
         0.000000000         0.000000000         0.000000000         0.000000000
         0.000000000         0.000000000         0.000000000         0.000000000
         0.000000000         0.000000000         0.000000000         0.000000000
         0.000000000         0.000000000         0.000000000         0.000000000
         0.000000000         0.000000000         0.000000000         0.000000000
         0.000000000         0.000000000         0.000000000         0.000000000
         0.000000000         0.000000000         0.048715303        -0.048800642
         0.050465117        -0.049177741         0.056142354         0.057714069
        -0.057381180        -0.056936552         0.024111166        -0.024816491
         0.195963528        -0.197735555        -0.194820018        -0.219016378
         0.197111520         0.218170400        -0.000110429        -0.000299528
         0.000244682         0.000076582        -0.365110288         0.146395726
         0.156875705         0.366512651        -0.146152558        -0.157532113
        -0.366332720         0.145729833         0.156548957         0.364346647
        -0.145809894        -0.156459874         0.000441708        -0.045619781
        -0.000653373        -0.043153996         0.043226126         0.045703673
          93           0.222213872    0    0
         0.000000000         0.000000000         0.000000000         0.000000000
         0.000000000         0.000000000         0.000000000         0.000000000
         0.000000000         0.000000000         0.000000000         0.000000000
         0.000000000         0.000000000         0.000000000         0.000000000
         0.000000000         0.000000000         0.000000000         0.000000000
         0.000000000         0.000000000         0.000000000         0.000000000
         0.000000000         0.000000000         0.000000000         0.000000000
         0.000000000         0.000000000         0.000000000         0.000000000
         0.000000000         0.000000000         0.000000000         0.000000000
         0.000000000         0.000000000         0.000000000         0.000000000
         0.000000000         0.000000000         0.000000000         0.000000000
         0.000000000         0.000000000         0.000000000         0.000000000
         0.000000000         0.000000000         0.000000000         0.000000000
         0.000000000         0.000000000         0.000000000         0.000000000
         0.000000000         0.000000000         0.000000000         0.000000000
         0.000000000         0.000000000         0.000000000         0.000000000
         0.000000000         0.000000000         0.000000000         0.000000000
         0.000000000         0.000000000         0.000000000         0.000000000
         0.000000000         0.000000000         0.000000000         0.000000000
         0.000000000         0.000000000         0.033297871         0.033972408
         0.043436827         0.042944629         0.079050712         0.079959579
         0.081801921         0.079044572        -0.188938836        -0.189190816
        -0.291204594        -0.290500907         0.303567113         0.005035805
         0.301945897         0.003261431        -0.011701428         0.000311402
         0.062926615        -0.000919460        -0.099042392         0.050551150
         0.134596075         0.114559236        -0.041709506        -0.125870518
         0.116616149        -0.044108329        -0.126833990        -0.101705832
         0.049839239         0.135789140        -0.000452195        -0.325262982
         0.000007538         0.319538377        -0.325907322         0.319501609
          94           0.207151745    0    0
         0.000000000         0.000000000         0.000000000         0.000000000
         0.000000000         0.000000000         0.000000000         0.000000000
         0.000000000         0.000000000         0.000000000         0.000000000
         0.000000000         0.000000000         0.000000000         0.000000000
         0.000000000         0.000000000         0.000000000         0.000000000
         0.000000000         0.000000000         0.000000000         0.000000000
         0.000000000         0.000000000         0.000000000         0.000000000
         0.000000000         0.000000000         0.000000000         0.000000000
         0.000000000         0.000000000         0.000000000         0.000000000
         0.000000000         0.000000000         0.000000000         0.000000000
         0.000000000         0.000000000         0.000000000         0.000000000
         0.000000000         0.000000000         0.000000000         0.000000000
         0.000000000         0.000000000         0.000000000         0.000000000
         0.000000000         0.000000000         0.000000000         0.000000000
         0.000000000         0.000000000         0.000000000         0.000000000
         0.000000000         0.000000000         0.000000000         0.000000000
         0.000000000         0.000000000         0.000000000         0.000000000
         0.000000000         0.000000000         0.000000000         0.000000000
         0.000000000         0.000000000         0.000000000         0.000000000
         0.000000000         0.000000000         0.186789851         0.186268481
        -0.179370114        -0.179217979         0.034489414        -0.027736107
        -0.029520712         0.033305193        -0.009748014        -0.010246557
        -0.207157005        -0.205312329        -0.182143060        -0.155357700
        -0.184362153        -0.153392090         0.441552185         0.000596942
         0.006388672         0.038557731        -0.236521739        -0.144630522
        -0.161662578        -0.239967042        -0.133225231        -0.168143672
        -0.240395185        -0.134729887        -0.168050207        -0.237250671
        -0.147093083        -0.161690475         0.034375958         0.101741141
         0.034864415         0.116401075         0.103387573         0.117255935
          95           0.162377963    0    0
         0.000000000         0.000000000         0.000000000         0.000000000
         0.000000000         0.000000000         0.000000000         0.000000000
         0.000000000         0.000000000         0.000000000         0.000000000
         0.000000000         0.000000000         0.000000000         0.000000000
         0.000000000         0.000000000         0.000000000         0.000000000
         0.000000000         0.000000000         0.000000000         0.000000000
         0.000000000         0.000000000         0.000000000         0.000000000
         0.000000000         0.000000000         0.000000000         0.000000000
         0.000000000         0.000000000         0.000000000         0.000000000
         0.000000000         0.000000000         0.000000000         0.000000000
         0.000000000         0.000000000         0.000000000         0.000000000
         0.000000000         0.000000000         0.000000000         0.000000000
         0.000000000         0.000000000         0.000000000         0.000000000
         0.000000000         0.000000000         0.000000000         0.000000000
         0.000000000         0.000000000         0.000000000         0.000000000
         0.000000000         0.000000000         0.000000000         0.000000000
         0.000000000         0.000000000         0.000000000         0.000000000
         0.000000000         0.000000000         0.000000000         0.000000000
         0.000000000         0.000000000         0.000000000         0.000000000
         0.000000000         0.000000000        -0.029219533         0.028632804
        -0.029955782         0.030742406         0.360121734         0.359027139
        -0.359028062        -0.359120408        -0.298902532         0.297639287
        -0.188254605         0.188597549         0.191070186        -0.269951418
        -0.188902256         0.270487824        -0.000906655        -0.000310831
         0.000151512        -0.000046716        -0.002971955        -0.054801153
        -0.011571249         0.004849836         0.053754098         0.013128004
        -0.004365020        -0.052099734        -0.011935401         0.004466054
         0.054937272         0.012670127         0.000809287        -0.011456014
         0.000048114        -0.011813189         0.011738146         0.011884895
          96           0.114416433    0    0
         0.000000000         0.000000000         0.000000000         0.000000000
         0.000000000         0.000000000         0.000000000         0.000000000
         0.000000000         0.000000000         0.000000000         0.000000000
         0.000000000         0.000000000         0.000000000         0.000000000
         0.000000000         0.000000000         0.000000000         0.000000000
         0.000000000         0.000000000         0.000000000         0.000000000
         0.000000000         0.000000000         0.000000000         0.000000000
         0.000000000         0.000000000         0.000000000         0.000000000
         0.000000000         0.000000000         0.000000000         0.000000000
         0.000000000         0.000000000         0.000000000         0.000000000
         0.000000000         0.000000000         0.000000000         0.000000000
         0.000000000         0.000000000         0.000000000         0.000000000
         0.000000000         0.000000000         0.000000000         0.000000000
         0.000000000         0.000000000         0.000000000         0.000000000
         0.000000000         0.000000000         0.000000000         0.000000000
         0.000000000         0.000000000         0.000000000         0.000000000
         0.000000000         0.000000000         0.000000000         0.000000000
         0.000000000         0.000000000         0.000000000         0.000000000
         0.000000000         0.000000000         0.000000000         0.000000000
         0.000000000         0.000000000         0.106893855         0.107156542
         0.097765262         0.097369593        -0.119202914        -0.122958807
        -0.123379154        -0.120355836         0.302941051         0.303575149
         0.200101296         0.201206001        -0.202895768        -0.004460921
        -0.203710670        -0.003208122         0.008702757        -0.000088084
        -0.013011419         0.001150935        -0.267908206         0.175458253
         0.137820280         0.265121350        -0.183120363        -0.144000511
         0.265480117        -0.182513553        -0.143982289        -0.268016914
         0.176109243         0.138894147         0.001596506        -0.119316106
         0.002521084         0.123687637        -0.118827952         0.123211565
          97           0.052684857    0    0
         0.000000000         0.000000000         0.000000000         0.000000000
         0.000000000         0.000000000         0.000000000         0.000000000
         0.000000000         0.000000000         0.000000000         0.000000000
         0.000000000         0.000000000         0.000000000         0.000000000
         0.000000000         0.000000000         0.000000000         0.000000000
         0.000000000         0.000000000         0.000000000         0.000000000
         0.000000000         0.000000000         0.000000000         0.000000000
         0.000000000         0.000000000         0.000000000         0.000000000
         0.000000000         0.000000000         0.000000000         0.000000000
         0.000000000         0.000000000         0.000000000         0.000000000
         0.000000000         0.000000000         0.000000000         0.000000000
         0.000000000         0.000000000         0.000000000         0.000000000
         0.000000000         0.000000000         0.000000000         0.000000000
         0.000000000         0.000000000         0.000000000         0.000000000
         0.000000000         0.000000000         0.000000000         0.000000000
         0.000000000         0.000000000         0.000000000         0.000000000
         0.000000000         0.000000000         0.000000000         0.000000000
         0.000000000         0.000000000         0.000000000         0.000000000
         0.000000000         0.000000000         0.000000000         0.000000000
         0.000000000         0.000000000         0.173556676         0.172908412
        -0.187263458        -0.187300549         0.246939833        -0.241713930
        -0.239130712         0.245049010        -0.001439659        -0.001759197
         0.127419299         0.122668859         0.129429859        -0.259734485
         0.124751391        -0.260057884        -0.319942846        -0.003373772
        -0.006859144         0.032645798        -0.044197945        -0.186321243
         0.206224545        -0.044155603        -0.199196990         0.212769481
        -0.048139445        -0.185611142         0.210927820        -0.047563154
        -0.173271007         0.204079289        -0.058936246        -0.021921019
        -0.063305997        -0.025459224        -0.024304178        -0.022803067
          98           0.048704689    0    0
         0.000000000         0.000000000         0.000000000         0.000000000
         0.000000000         0.000000000         0.000000000         0.000000000
         0.000000000         0.000000000         0.000000000         0.000000000
         0.000000000         0.000000000         0.000000000         0.000000000
         0.000000000         0.000000000         0.000000000         0.000000000
         0.000000000         0.000000000         0.000000000         0.000000000
         0.000000000         0.000000000         0.000000000         0.000000000
         0.000000000         0.000000000         0.000000000         0.000000000
         0.000000000         0.000000000         0.000000000         0.000000000
         0.000000000         0.000000000         0.000000000         0.000000000
         0.000000000         0.000000000         0.000000000         0.000000000
         0.000000000         0.000000000         0.000000000         0.000000000
         0.000000000         0.000000000         0.000000000         0.000000000
         0.000000000         0.000000000         0.000000000         0.000000000
         0.000000000         0.000000000         0.000000000         0.000000000
         0.000000000         0.000000000         0.000000000         0.000000000
         0.000000000         0.000000000         0.000000000         0.000000000
         0.000000000         0.000000000         0.000000000         0.000000000
         0.000000000         0.000000000         0.000000000         0.000000000
         0.000000000         0.000000000         0.008774819        -0.013193000
        -0.009387070         0.013865447         0.062734840        -0.063236434
         0.070767846        -0.069140310         0.000082056        -0.000080747
         0.149986048        -0.155357072         0.148586206         0.006542598
        -0.152577721         0.002325900         0.006534339        -0.212072910
         0.000167007        -0.000475974         0.120907320        -0.419813972
         0.053649740         0.120347942        -0.419181815         0.052627047
        -0.118850561         0.424411553        -0.060153734        -0.119092136
         0.424683972        -0.060284936         0.136714926         0.079824518
        -0.134082742        -0.078281142        -0.079484327         0.080331758
          99           0.036738534    0    0
         0.000000000         0.000000000         0.000000000         0.000000000
         0.000000000         0.000000000         0.000000000         0.000000000
         0.000000000         0.000000000         0.000000000         0.000000000
         0.000000000         0.000000000         0.000000000         0.000000000
         0.000000000         0.000000000         0.000000000         0.000000000
         0.000000000         0.000000000         0.000000000         0.000000000
         0.000000000         0.000000000         0.000000000         0.000000000
         0.000000000         0.000000000         0.000000000         0.000000000
         0.000000000         0.000000000         0.000000000         0.000000000
         0.000000000         0.000000000         0.000000000         0.000000000
         0.000000000         0.000000000         0.000000000         0.000000000
         0.000000000         0.000000000         0.000000000         0.000000000
         0.000000000         0.000000000         0.000000000         0.000000000
         0.000000000         0.000000000         0.000000000         0.000000000
         0.000000000         0.000000000         0.000000000         0.000000000
         0.000000000         0.000000000         0.000000000         0.000000000
         0.000000000         0.000000000         0.000000000         0.000000000
         0.000000000         0.000000000         0.000000000         0.000000000
         0.000000000         0.000000000         0.000000000         0.000000000
         0.000000000         0.000000000         0.306556470         0.306612156
         0.306658234         0.306740368        -0.101133191        -0.110813123
        -0.110529927        -0.101380200         0.025592091         0.025555412
         0.017983413         0.017767201        -0.010498927        -0.002347187
        -0.009960389        -0.003580925        -0.016746707         0.000003713
         0.317098863        -0.000436835         0.040925187        -0.318812597
         0.135399626        -0.043660147         0.316392986        -0.119643354
        -0.043526141         0.316672983        -0.119187973         0.040678848
        -0.318416722         0.135597020        -0.004017492        -0.005313558
        -0.003703070         0.000148508        -0.005321262         0.000071223
$end
