$coord
   -0.00013305061206     -0.03399551074102     -0.27676386015111      w
    0.00029705201196      3.69512759971734     -1.19344745656149      c
    0.00077820700267      5.79776118784458     -1.86381552944403      o
    0.00000865821198      0.51235757952738      3.44899766016505      c
    0.00000578495604      0.82556464519535      5.63848141026029      o
    0.00014922236105     -3.88370336237628     -0.10718371754431      c
    0.00069862620544     -6.08564057551936     -0.19584675732678      o
    0.79895422772868     -0.54261108400328     -3.75058058228525      h
   -0.79929894394553     -0.54311517414203     -3.75170977536382      h
   -4.72236542729320      0.10221860325059     -0.09915225088008      p
   -6.42197033584337     -1.01106371290876     -2.99365590916067      c
   -8.44412987191467     -0.99568271806708     -2.54785246991481      h
   -6.34358089709315     -1.63569646242871      2.56192833916336      c
   -6.37190748292133     -0.20546940018450      4.06563851385130      h
   -5.96721164007138      3.40582991666046      0.27338094914441      c
   -5.11029665662812      4.37901111110780     -1.34450081302164      h
    5.96795836028620      3.40619645538960      0.27742929504809      c
    4.72321512281889      0.10306214690516     -0.09915715417959      p
    8.44417253535645     -0.99254094812403     -2.55056786351330      h
    5.11320374236445      4.38114652686389     -1.34053641357978      h
    6.34588708592931     -1.63765397110227      2.55938476279413      c
    6.37710904193295     -0.20821050757327      4.06380783021777      h
   -9.08110137213415     -2.45237516445856      2.02783717801753      c
   -9.92999809554300     -3.16368876545218      3.77922779702143      h
   -9.13801529247849     -3.99226362759321      0.64725314121451      h
  -10.26935839870707     -0.91857761783211      1.32825528495131      h
   -4.83870321878374     -3.90666381546438      3.55144717662207      c
   -5.78567650689066     -4.67720876182338      5.22640824532744      h
   -2.91534785450506     -3.38282054115478      4.07490188727190      h
   -4.72762652840330     -5.41211337535774      2.13882875783532      h
   -8.84501201445566      3.74165372503882      0.12451085306420      c
   -9.29071107637690      5.76160449225453     -0.00247340205517      h
   -9.76968846987000      3.01627960294009      1.82597432053596      h
   -9.68200305952156      2.81065378613423     -1.52074276011758      h
   -4.94735940968391      4.65864711864190      2.68264411931289      c
   -5.49269788387747      6.65669915856286      2.70748162341849      h
   -2.89112669135019      4.54547693093004      2.79048708880193      h
   -5.73165573875937      3.77437419940731      4.38233087587596      h
   -5.96420324819135      0.76035023254672     -5.24132554423169      c
   -6.84988975856411     -0.02266763461997     -6.94268265056420      h
   -3.93945944047678      0.97201139341861     -5.62292267971066      h
   -6.74809664551320      2.64559944780509     -4.92334997106103      h
   -5.63782546349040     -3.72457936796033     -3.64738791163520      c
   -5.93208193016955     -5.02681214968480     -2.06976975538969      h
   -3.63298879694821     -3.80447010640714     -4.15068010626225      h
   -6.73814223793207     -4.40894833307459     -5.26425888230985      h
    8.84607955944343      3.74062345009523      0.13215302696681      c
    9.76837305617193      3.01242565540772      1.83372393031801      h
    9.29316987082230      5.76045445488769      0.00827296228378      h
    9.68432227859617      2.81117596766182     -1.51336055094555      h
    4.94598939555909      4.65720325548794      2.68672612606576      c
    5.72611231774844      3.76953826504689      4.38657148265381      h
    5.63622300306801     -3.71820838226268     -3.65373011899872      c
    2.88944175213431      4.54683479089791      2.79102456676816      h
    5.49417846226021      6.65443249795032      2.71513292011098      h
    5.96428600529751      0.76947445637740     -5.24025897492805      c
    3.63157404592535     -3.79606987690117     -4.15806690284152      h
    6.73681541321322     -4.40109807754876     -5.27102625164459      h
    5.92873638793380     -5.02281149632637     -2.07773672671351      h
    6.42189914862088     -1.00612726801050     -2.99583360906752      c
    6.84529744377060     -0.01299130986242     -6.94430483845600      h
    6.75307890629515      2.65245307422251     -4.92078172062214      h
    3.93932873178959      0.98639163922214     -5.61804312248551      h
    9.08213950492791     -2.45633648574204      2.02189657858854      c
    9.93208455796927     -3.16989147256079      3.77186524993753      h
   10.27109767454752     -0.92298512755448      1.32250119972807      h
    9.13633603874890     -3.99509627698846      0.63994330322858      h
    4.84018400735365     -3.90787951667984      3.54926567723996      c
    4.72674533055534     -5.41257667097607      2.13602841558054      h
    2.91766799723881     -3.38280836956148      4.07462086580747      h
    5.78803362239071     -4.67992652686977      5.22303573257313      h
$user-defined bonds
$end
