$coord
    0.19856897727745      0.00923291272974      0.14938282613131      ru
    3.22009160178202      0.03051508404212     -2.68804940835749      c
    3.50679215039045      2.27741056896703     -1.15945122613364      c
    3.97494622757079     -1.21517334412311      1.47411310868744      c
    3.65296626926372     -2.11286186793689     -1.04622999899093      c
    3.88394953570640      1.53450376613369      1.40598864119812      c
    3.13520868870376     -0.04225178441346     -5.51896478726862      c
    2.08644606648837      1.56934921874487     -6.27669748370041      h
    2.21196821621854     -1.76279480064033     -6.19579538656403      h
    5.04706336916031      0.00918529967882     -6.33519557944540      h
    4.09606493673298     -4.75990207839144     -1.95008652457089      c
    2.69578765823150     -5.37572886500276     -3.33872252451321      h
    4.10405472061061     -6.11137792830717     -0.39026953372355      h
    5.95427871360496     -4.86288576840257     -2.86816832445379      h
    4.47484954708527     -2.74314489054705      3.80187739964835      c
    6.44770847633051     -2.53884652958915      4.41315849244462      h
    4.11156747063887     -4.75076408213092      3.47582057641592      h
    3.24473783973504     -2.12028169382825      5.34404482725736      h
    4.28779783211811      3.20526852199823      3.65316693600320      c
    6.26843944494187      3.15481412322734      4.27147211170775      h
    3.09787430517349      2.58564476551914      5.22819187405387      h
    3.80243546163086      5.16795146665391      3.22799502420642      h
    3.78054333832758      4.89521914738432     -2.20548043782848      c
    5.61549232089240      5.05597394069714     -3.16111703694320      h
    3.73469754260748      6.32457566721640     -0.71753050282077      h
    2.32577411787726      5.35634088341017     -3.59802435063419      h
   -1.59495389109941     -0.02014395186536      4.43544068810760      cl
   -2.48490139617910     -3.27842724973697     -0.61138270369084      p
   -2.66834018222494      3.13374359159116     -0.62973191976388      p
   -3.15175808180059      4.19764509633490     -3.91590800621753      c
   -3.99943485043369      2.64909022272756     -4.99268808184346      h
   -1.34273084994820      4.66572560253558     -4.79380823223130      h
   -4.39608957206472      5.85094172737950     -4.00579814897944      h
   -1.83022700694207      6.09045779770844      1.01076117545727      c
   -1.75018334854229      5.65319398631297      3.02985912968903      h
   -3.23807668396147      7.57059532439788      0.67138216716190      h
    0.02099778693352      6.76194739794579      0.40558688567154      h
   -5.98724295636708      2.94837737361692      0.41437829732166      c
   -6.82802866231742      4.83929284045984      0.38781334129652      h
   -6.03251268552764      2.19335875171383      2.33495250613545      h
   -7.08226568802726      1.72325628064922     -0.83087745180972      h
   -1.55224634378644     -6.13583261394743      1.14893772983906      c
   -1.55233409220823     -5.63013987092283      3.15365402955841      h
    0.34813683329672     -6.72885195982457      0.61750541433481      h
   -2.87271470994255     -7.69651738349307      0.81897794345162      h
   -2.80629467504423     -4.46804517805346     -3.87420728361947      c
   -3.97840955787619     -6.17410083237190     -3.94777926671716      h
   -0.94997825566840     -4.89136957763091     -4.67207581650809      h
   -3.67631418519943     -2.99363411369849     -5.03381654766128      h
   -5.84321993596553     -3.22763583188949      0.31288829248022      c
   -5.99603100014657     -2.43203653656693      2.21129080975257      h
   -6.59637897238840     -5.15536837192435      0.30280384859915      h
   -6.94508350096858     -2.08357760743545     -1.00283446442105      h
$user-defined bonds
$end
