$coord
    2.15982853496986      5.22756042435600     -0.08977438864082      c
    4.78538571923705      5.20550965683041     -0.14173829841160      c
    6.01943236168311      2.88027709034249     -0.17435591451843      c
    4.58542934739349      0.68114658199732     -0.15617348028105      c
    1.10486890903192      6.98482128267513     -0.06906770744226      h
    5.82404996698806      6.97245640547252     -0.15862977880102      h
    8.06784273816089      2.77822164906307     -0.21393917357284      h
    5.51319618584227     -1.14425269950351     -0.17361581453130      h
    0.77221314441476      3.11355542889723     -0.08221179392723      n
    1.94640762982538      0.83949190152508     -0.11572592817529      c
    0.29479756926929     -1.40729703007115     -0.13201761250122      c
   -2.22016947075944     -0.96442115302796      0.01802037285871      n
   -3.83627020181097     -2.90970772550984     -0.04940994961859      c
   -0.45810199228864     -5.89088344136249     -0.39994817359013      c
   -3.04139874129192     -5.40408038429290     -0.25177713175938      c
   -5.82387787007352     -2.41742479546953      0.03536818472290      h
   -4.42289199861212     -6.91708707350046     -0.30874619467719      h
    1.22208987457904     -3.87419829572601     -0.34159005158047      c
    3.23567305882248     -4.21674805388348     -0.48667237653498      h
    0.23982252394783     -7.81177313105972     -0.57578982053537      h
   -3.36854916977659      2.99558538976278     -0.06437356811572      pd
   -7.19828740217130      2.47672920700208      0.14983214464259      c
   -7.52229292179807      0.98044754181057      1.54220299631219      h
   -7.81844281293622      1.91396384915792     -1.73477173917213      h
   -8.16398353900923      4.19468660454108      0.75355575227473      h
   -4.23320520107626      6.76001951104580     -0.30127208391960      c
   -5.65911407705811      7.00703797469617     -1.76667743449679      h
   -2.49492458686893      7.72129581404376     -0.87619734341181      h
   -4.90062592022239      7.47841739172208      1.51486807419858      h
   -3.14156807449669      2.55871875770125     -5.30330387690470      i
   -3.44140935131822      3.38532943799721      3.83638966154729      c
   -1.93513694155382      4.70195843990419      4.35272297770905      h
   -3.08415377316730      1.51744832533590      4.64618209653166      h
   -5.27035529287561      4.10716666952701      4.45435819632227      h
$user-defined bonds
$redundant
     number_of_atoms            34
     degrees_of_freedom         96
     internal_coordinates       96
     frozen_coordinates          0
# definitions of redundant internals
   1 k  1.0000000000000 stre   1    5           val=   2.04972
   2 k -0.7071064334239 bend   9    5    1      val=   2.86326
        0.7071071289490 bend   2    5    1
   3 k  1.0000000000000 outp   5    2    9    1 val=   0.46227
   4 k  1.0000000000000 stre   2    6           val=   2.04969
   5 k -0.7071066896605 bend   1    6    2      val=   0.80745
        0.7071068727126 bend   3    6    2
   6 k  1.0000000000000 outp   6    3    1    2 val=   0.07322
   7 k  1.0000000000000 stre   3    7           val=   2.05133
   8 k -0.7071067750778 bend   4    7    3      val=   0.27894
        0.7071067872953 bend   2    7    3
   9 k  1.0000000000000 outp   7    2    4    3 val=  -0.01564
  10 k  1.0000000000000 stre   4    8           val=   2.04772
  11 k -0.7071067344685 bend   3    8    4      val=   0.21744
        0.7071068279046 bend  10    8    4
  12 k  1.0000000000000 outp   8   10    3    4 val=   0.00791
  13 k  1.0000000000000 stre  13   16           val=   2.04942
  14 k -0.7071059197515 bend  12   16   13      val=   2.98078
        0.7071076426205 bend  15   16   13
  15 k  1.0000000000000 outp  16   15   12   13 val=  -0.81292
  16 k  1.0000000000000 stre  15   17           val=   2.04962
  17 k -0.7071065692844 bend  13   17   15      val=   0.79739
        0.7071069930886 bend  14   17   15
  18 k  1.0000000000000 outp  17   14   13   15 val=  -0.49125
  19 k  1.0000000000000 stre  18   19           val=   2.04766
  20 k -0.7071066024579 bend  14   19   18      val=   0.24548
        0.7071069599151 bend  11   19   18
  21 k  1.0000000000000 outp  19   11   14   18 val=  -0.79917
  22 k  1.0000000000000 stre  14   20           val=   2.05130
  23 k -0.7071066932719 bend  18   20   14      val=   0.27714
        0.7071068691012 bend  15   20   14
  24 k  1.0000000000000 outp  20   15   18   14 val=   0.47754
  25 k  0.3333333333333 tors  24   22   21   12 val=  69.65811
        0.3333333333333 tors  24   22   21   26
        0.3333333333333 tors  24   22   21   31
        0.3333333333333 tors  25   22   21   12
        0.3333333333333 tors  25   22   21   26
        0.3333333333333 tors  25   22   21   31
        0.3333333333333 tors  23   22   21   12
        0.3333333333333 tors  23   22   21   26
        0.3333333333333 tors  23   22   21   31
  26 k  1.0000000000000 stre  22   24           val=   2.06229
  27 k  1.0000000000000 stre  22   25           val=   2.06117
  28 k  1.0000000000000 stre  22   23           val=   2.06943
  29 k -0.4426581610855 bend  25   24   22      val=   0.62000
       -0.3640445591432 bend  23   24   22
       -0.3960434222036 bend  23   25   22
        0.4104679263732 bend  21   24   22
        0.4125625767156 bend  21   25   22
        0.4195034217079 bend  21   23   22
  30 k -0.3817367753518 bend  25   24   22      val=   2.53300
        0.7762508626971 bend  23   24   22
       -0.3148640433625 bend  23   25   22
        0.1400825190775 bend  21   24   22
       -0.3280623777067 bend  21   25   22
        0.1591358881138 bend  21   23   22
  31 k -0.6350116663646 bend  25   24   22      val=  -0.16208
       -0.0233597764219 bend  23   24   22
        0.6983751717317 bend  23   25   22
       -0.2535306879989 bend  21   24   22
        0.0070316967271 bend  21   25   22
        0.2101413082168 bend  21   23   22
  32 k  0.1374164571759 bend  25   24   22      val=   1.83901
        0.1510753613528 bend  23   24   22
       -0.2781694723890 bend  23   25   22
       -0.7640525771100 bend  21   24   22
        0.3435798265092 bend  21   25   22
        0.4231917524570 bend  21   23   22
  33 k -0.2374338035959 bend  25   24   22      val=   2.09398
        0.2896793087446 bend  23   24   22
       -0.0307503030823 bend  23   25   22
       -0.0342694072632 bend  21   24   22
        0.6629306961763 bend  21   25   22
       -0.6466173564393 bend  21   23   22
  34 k  0.3333333333333 tors  27   26   21    9 val= 103.15038
        0.3333333333333 tors  27   26   21   22
        0.3333333333333 tors  27   26   21   31
        0.3333333333333 tors  29   26   21    9
        0.3333333333333 tors  29   26   21   22
        0.3333333333333 tors  29   26   21   31
        0.3333333333333 tors  28   26   21    9
        0.3333333333333 tors  28   26   21   22
        0.3333333333333 tors  28   26   21   31
  35 k  1.0000000000000 stre  26   27           val=   2.05953
  36 k  1.0000000000000 stre  26   29           val=   2.06396
  37 k  1.0000000000000 stre  26   28           val=   2.06790
  38 k -0.4727252585968 bend  29   27   26      val=   0.36795
       -0.3170223623445 bend  28   27   26
       -0.4117835275312 bend  28   29   26
        0.4171022022025 bend  21   27   26
        0.3926922317781 bend  21   29   26
        0.4222328056072 bend  21   28   26
  39 k -0.1448811030099 bend  29   27   26      val=   1.69766
        0.7631272244834 bend  28   27   26
       -0.4852496014639 bend  28   29   26
        0.2034970722576 bend  21   27   26
       -0.3417779282268 bend  21   29   26
        0.0543683628738 bend  21   28   26
  40 k -0.7083945742257 bend  29   27   26      val=   1.74661
        0.2325371979213 bend  28   27   26
        0.5803424995464 bend  28   29   26
       -0.2076320463200 bend  21   27   26
       -0.0904304178867 bend  21   29   26
        0.2366800263490 bend  21   28   26
  41 k  0.0277837013985 bend  29   27   26      val=  -0.25860
       -0.2991111314725 bend  28   27   26
        0.2587128689440 bend  28   29   26
        0.6348752027769 bend  21   27   26
       -0.6614860080038 bend  21   29   26
        0.0468826889456 bend  21   28   26
  42 k  0.2640237375515 bend  29   27   26      val=  -0.28159
       -0.1334082859688 bend  28   27   26
       -0.1434565984639 bend  28   29   26
       -0.4192791577166 bend  21   27   26
       -0.3319346214168 bend  21   29   26
        0.7784203842467 bend  21   28   26
  43 k  1.0000000000000 stre  21   30           val=   5.26201
  44 k -0.4892768156123 bend  26   30   21      val=   0.52178
       -0.4670308251264 bend  22   30   21
        0.5197583321427 bend  12   30   21
        0.5218636625156 bend   9   30   21
  45 k -0.5152686441598 bend  26   30   21      val=   1.97856
        0.5426147349169 bend  22   30   21
        0.4712769560485 bend  12   30   21
       -0.4668677591078 bend   9   30   21
  46 k  0.2886751345948 tors  34   31   21    9 val=  75.51658
        0.2886751345948 tors  34   31   21   12
        0.2886751345948 tors  34   31   21   22
        0.2886751345948 tors  34   31   21   26
        0.2886751345948 tors  32   31   21    9
        0.2886751345948 tors  32   31   21   12
        0.2886751345948 tors  32   31   21   22
        0.2886751345948 tors  32   31   21   26
        0.2886751345948 tors  33   31   21    9
        0.2886751345948 tors  33   31   21   12
        0.2886751345948 tors  33   31   21   22
        0.2886751345948 tors  33   31   21   26
  47 k  1.0000000000000 stre  31   34           val=   2.06106
  48 k  1.0000000000000 stre  31   32           val=   2.06615
  49 k  1.0000000000000 stre  31   33           val=   2.06697
  50 k -0.4221318005417 bend  32   34   31      val=   0.39864
       -0.4298073235278 bend  33   34   31
       -0.3537427394426 bend  33   32   31
        0.4065979287458 bend  21   34   31
        0.4173965652320 bend  21   32   31
        0.4152044238409 bend  21   33   31
  51 k -0.3453249077195 bend  32   34   31      val=   2.00831
       -0.3439404920271 bend  33   34   31
        0.7826193323946 bend  33   32   31
       -0.3313674715866 bend  21   34   31
        0.1412162771448 bend  21   32   31
        0.1421836434283 bend  21   33   31
  52 k  0.6695612491052 bend  32   34   31      val=   0.02313
       -0.6651094642807 bend  33   34   31
        0.0032148559310 bend  33   32   31
       -0.0022427584372 bend  21   34   31
        0.2317377330625 bend  21   32   31
       -0.2357952332679 bend  21   33   31
  53 k  0.1680069398981 bend  32   34   31      val=  -1.11650
        0.1340411323123 bend  33   34   31
       -0.3206529304637 bend  33   32   31
       -0.7447235119176 bend  21   34   31
        0.3339785675510 bend  21   32   31
        0.4299227237461 bend  21   33   31
  54 k -0.2222193553472 bend  32   34   31      val=   0.07090
        0.2440845485163 bend  33   34   31
       -0.0227284718404 bend  33   32   31
       -0.0534272580372 bend  21   34   31
        0.6936379820359 bend  21   32   31
       -0.6376022159845 bend  21   33   31
  55 k  1.0000000000000 stre  21   26           val=   3.86972
  56 k  1.0000000000000 stre  21   22           val=   3.87066
  57 k  1.0000000000000 stre  21   31           val=   3.92086
  58 k  0.0083867177792 bend  22   26   21      val=   0.10875
       -0.2981580204530 bend  31   26   21
        0.2913411281751 bend  31   22   21
        0.5774762582589 bend  12   22   21
        0.2839588498127 bend  12   31   21
       -0.5861384502942 bend   9   26   21
       -0.2616907806652 bend   9   31   21
  59 k -0.5842172090599 bend  22   26   21      val=   5.10392
       -0.3511623460928 bend  31   26   21
       -0.3450412806862 bend  31   22   21
        0.2895537749180 bend  12   22   21
        0.3473438329065 bend  12   31   21
        0.2943424045850 bend   9   26   21
        0.3538293317167 bend   9   31   21
  60 k  0.0055302959195 bend  22   26   21      val=  88.97877
        0.4907647448997 bend  31   26   21
        0.5112141184603 bend  31   22   21
       -0.0122830600558 bend  12   22   21
        0.5083348994042 bend  12   31   21
        0.0205241132666 bend   9   26   21
        0.4886747623271 bend   9   31   21
  61 k  0.5701246847785 bend  22   26   21      val=  -1.63367
       -0.3498356012640 bend  31   26   21
       -0.3638883216458 bend  31   22   21
       -0.2887595569382 bend  12   22   21
        0.3406496656213 bend  12   31   21
       -0.2819949460719 bend   9   26   21
        0.3757828618272 bend   9   31   21
  62 k -0.0090130619335 bend  22   26   21      val=   1.65824
        0.4868619458718 bend  31   26   21
       -0.4475243164438 bend  31   22   21
        0.4069044597261 bend  12   22   21
       -0.3382802965838 bend  12   31   21
       -0.3930323891453 bend   9   26   21
        0.3579482354321 bend   9   31   21
  63 k  0.0281332993129 bend  22   26   21      val=   4.26768
        0.4323811991591 bend  31   26   21
       -0.4491981254181 bend  31   22   21
       -0.0127826240631 bend  12   22   21
        0.5560103573591 bend  12   31   21
        0.0576126112757 bend   9   26   21
       -0.5457526310132 bend   9   31   21
  64 k  1.0000000000000 stre   9    1           val=   2.52874
  65 k  1.0000000000000 stre   1    2           val=   2.62616
  66 k  1.0000000000000 stre   2    3           val=   2.63261
  67 k  1.0000000000000 stre   3    4           val=   2.62543
  68 k  1.0000000000000 stre   4   10           val=   2.64408
  69 k -0.2886751345948 bend  10    1    9      val=  -0.30214
       -0.2886751345948 bend   9    2    1
        0.5773502691896 bend   1    3    2
       -0.2886751345948 bend   2    4    3
       -0.2886751345948 bend   3   10    4
        0.5773502691896 bend   4    9   10
  70 k  0.5000000000000 bend  10    1    9      val=  -1.03486
       -0.5000000000000 bend   9    2    1
        0.5000000000000 bend   2    4    3
       -0.5000000000000 bend   3   10    4
  71 k -0.4082482904639 bend  10    1    9      val=   0.82467
        0.4082482904639 bend   9    2    1
       -0.4082482904639 bend   1    3    2
        0.4082482904639 bend   2    4    3
       -0.4082482904639 bend   3   10    4
        0.4082482904639 bend   4    9   10
  72 k -0.2886751345948 tors   9    1    2    3 val=   0.19924
       -0.2886751345948 tors   1    2    3    4
        0.5773502691896 tors   2    3    4   10
       -0.2886751345948 tors   3    4   10    9
       -0.2886751345948 tors   4   10    9    1
        0.5773502691896 tors  10    9    1    2
  73 k  0.5000000000000 tors   9    1    2    3 val=  -0.18686
       -0.5000000000000 tors   1    2    3    4
        0.5000000000000 tors   3    4   10    9
       -0.5000000000000 tors   4   10    9    1
  74 k -0.4082482904639 tors   9    1    2    3 val=   0.01179
        0.4082482904639 tors   1    2    3    4
       -0.4082482904639 tors   2    3    4   10
        0.4082482904639 tors   3    4   10    9
       -0.4082482904639 tors   4   10    9    1
        0.4082482904639 tors  10    9    1    2
  75 k  0.7071067811865 tors  11   10    9    4 val= 180.64088
        0.7071067811865 tors  21   10    9    1
  76 k  1.0000000000000 stre  11   18           val=   2.64375
  77 k  1.0000000000000 stre  18   14           val=   2.62554
  78 k  1.0000000000000 stre  14   15           val=   2.63294
  79 k  1.0000000000000 stre  15   13           val=   2.62577
  80 k  1.0000000000000 stre  13   12           val=   2.52991
  81 k -0.2886751345948 bend  12   18   11      val=  -0.54435
       -0.2886751345948 bend  11   14   18
        0.5773502691896 bend  18   15   14
       -0.2886751345948 bend  14   13   15
       -0.2886751345948 bend  15   12   13
        0.5773502691896 bend  13   11   12
  82 k  0.5000000000000 bend  12   18   11      val=  -0.75179
       -0.5000000000000 bend  11   14   18
        0.5000000000000 bend  14   13   15
       -0.5000000000000 bend  15   12   13
  83 k -0.4082482904639 bend  12   18   11      val=  -0.78134
        0.4082482904639 bend  11   14   18
       -0.4082482904639 bend  18   15   14
        0.4082482904639 bend  14   13   15
       -0.4082482904639 bend  15   12   13
        0.4082482904639 bend  13   11   12
  84 k -0.2886751345948 tors  11   18   14   15 val=  -0.06219
       -0.2886751345948 tors  18   14   15   13
        0.5773502691896 tors  14   15   13   12
       -0.2886751345948 tors  15   13   12   11
       -0.2886751345948 tors  13   12   11   18
        0.5773502691896 tors  12   11   18   14
  85 k  0.5000000000000 tors  11   18   14   15 val=   0.24597
       -0.5000000000000 tors  18   14   15   13
        0.5000000000000 tors  15   13   12   11
       -0.5000000000000 tors  13   12   11   18
  86 k -0.4082482904639 tors  11   18   14   15 val=   0.17583
        0.4082482904639 tors  18   14   15   13
       -0.4082482904639 tors  14   15   13   12
        0.4082482904639 tors  15   13   12   11
       -0.4082482904639 tors  13   12   11   18
        0.4082482904639 tors  12   11   18   14
  87 k  0.7071067811865 tors  21   12   11   13 val= 183.92512
        0.7071067811865 tors  10   12   11   18
  88 k  1.0000000000000 stre   9   10           val=   2.55954
  89 k  1.0000000000000 stre  10   11           val=   2.78857
  90 k  1.0000000000000 stre  11   12           val=   2.55807
  91 k  1.0000000000000 stre  12   21           val=   4.12398
  92 k  1.0000000000000 stre  21    9           val=   4.14248
  93 k -0.5116672736017 bend   9   11   10      val=   9.96804
        0.1954395075848 bend  10   12   11
        0.1954395075849 bend  11   21   12
       -0.5116672736017 bend  12    9   21
        0.6324555320337 bend  21   10    9
  94 k  0.3717480344602 bend   9   11   10      val=   7.74080
       -0.6015009550075 bend  10   12   11
        0.6015009550075 bend  11   21   12
       -0.3717480344602 bend  12    9   21
  95 k -0.5116672736017 tors  11   12   21    9 val=   3.45987
        0.1954395075848 tors  12   21    9   10
        0.1954395075849 tors  21    9   10   11
       -0.5116672736017 tors   9   10   11   12
        0.6324555320337 tors  10   11   12   21
  96 k  0.3717480344602 tors  11   12   21    9 val=  -0.72919
       -0.6015009550075 tors  12   21    9   10
        0.6015009550075 tors  21    9   10   11
       -0.3717480344602 tors   9   10   11   12
        96 non zero eigenvalues  of BmBt
           1          11.127306486    1    0
         1
           2          10.386936185    2    0
         2
           3           5.985731454    3    0
         3
           4           5.268035132    4    0
         4
           5           5.097468679    5    0
         5
           6           4.691277712    6    0
         6
           7           4.660409317    7    0
         7
           8           4.481664617    8    0
         8
           9           4.329350399    9    0
         9
          10           4.107378715   10    0
        10
          11           4.093030719   11    0
        11
          12           3.873216961   12    0
        12
          13           3.788260454   13    0
        13
          14           3.594446408   14    0
        14
          15           3.516589706   15    0
        15
          16           3.436616386   16    0
        16
          17           3.283095600   17    0
        17
          18           3.240400605   18    0
        18
          19           3.216354346   19    0
        19
          20           3.188473559   20    0
        20
          21           3.152381368   21    0
        21
          22           3.141485847   22    0
        22
          23           3.138911644   23    0
        23
          24           3.120644960   24    0
        24
          25           3.108221536   25    0
        25
          26           2.940982020   26    0
        26
          27           2.884540331   27    0
        27
          28           2.628555359   28    0
        28
          29           2.291420843   29    0
        29
          30           2.268366962   30    0
        30
          31           2.038377069   31    0
        31
          32           1.936212104   32    0
        32
          33           1.848474115   33    0
        33
          34           1.791539960   34    0
        34
          35           1.733958458   35    0
        35
          36           1.729791568   36    0
        36
          37           1.620013017   37    0
        37
          38           1.487224794   38    0
        38
          39           1.435722932   39    0
        39
          40           1.160726138   40    0
        40
          41           1.088440121   41    0
        41
          42           1.071958009   42    0
        42
          43           0.978220968   43    0
        43
          44           0.935228860   44    0
        44
          45           0.895805719   45    0
        45
          46           0.885504760   46    0
        46
          47           0.847642127   47    0
        47
          48           0.820922826   48    0
        48
          49           0.767758636   49    0
        49
          50           0.740203304   50    0
        50
          51           0.736711027   51    0
        51
          52           0.709182099   52    0
        52
          53           0.708340628   53    0
        53
          54           0.706778327   54    0
        54
          55           0.703455693   55    0
        55
          56           0.689686178   56    0
        56
          57           0.667007339   57    0
        57
          58           0.632347625   58    0
        58
          59           0.545580705   59    0
        59
          60           0.416279176   60    0
        60
          61           0.409329550   61    0
        61
          62           0.378637047   62    0
        62
          63           0.378171752   63    0
        63
          64           0.375090693   64    0
        64
          65           0.332852277   65    0
        65
          66           0.331838708   66    0
        66
          67           0.328443371   67    0
        67
          68           0.324168075   68    0
        68
          69           0.312697277   69    0
        69
          70           0.311868441   70    0
        70
          71           0.308762941   71    0
        71
          72           0.297581246   72    0
        72
          73           0.286274519   73    0
        73
          74           0.282619350   74    0
        74
          75           0.278614784   75    0
        75
          76           0.278320739   76    0
        76
          77           0.241855169   77    0
        77
          78           0.133398012   78    0
        78
          79           0.130660165   79    0
        79
          80           0.117222623   80    0
        80
          81           0.112731314   81    0
        81
          82           0.092164343   82    0
        82
          83           0.090703115   83    0
        83
          84           0.089698791   84    0
        84
          85           0.085555657   85    0
        85
          86           0.075395711   86    0
        86
          87           0.060857015   87    0
        87
          88           0.040325030   88    0
        88
          89           0.037853997   89    0
        89
          90           0.032380894   90    0
        90
          91           0.025719352   91    0
        91
          92           0.023032299   92    0
        92
          93           0.011954523   93    0
        93
          94           0.011612776   94    0
        94
          95           0.010988701   95    0
        95
          96           0.004113717   96    0
        96
$end
