$coord
    0.06434329806257     -8.26167357166300      1.04188698315336      c
    2.56651022147922     -7.82550386183696      1.41448626217377      c
    2.88664646329453     -5.22409895756165      1.37334757448595      n
    0.64532772749079     -4.00157369496852      1.01381335905428      c
   -1.07272589466228     -5.91165135253846      0.78814345485661      n
   -0.98772441895896    -10.00309188641917      0.92665305586351      h
    4.12142315361858     -9.11307816140525      1.69225519487913      h
   -2.57198726585437      7.28525618295089      2.73774841189528      c
   -0.66441360774364      3.58557293498858      1.66656202293505      c
   -2.89565826427588      4.72567020721463      2.27403835473521      n
    0.97235375314454      9.52349909850810      2.53620780777027      h
    0.02526515462876     -0.62136080271591      6.18421267153718      i
    1.04997611266654      5.51155965761605      1.72080532599543      n
   -4.11893352749069      8.50453504163212      3.26029879080823      h
   -0.01137036873135     -0.18690862312308      1.09013122894848      rh
   -0.04040145916079      0.10347782527471     -2.33275266460620      c
   -0.06035695659393      0.28983691491343     -4.52888351875632      o
   -0.07859874136562      7.78412116718992      2.38557643456472      c
    3.74316309780481      5.14119352366816      1.27335536890711      c
    4.79551249033197      5.36812905162591      3.03779159875423      h
    4.41996203313374      6.49347972528552     -0.13520000163174      h
    3.96746475070849      3.20869582410126      0.58213875166567      h
   -5.25649801961083      3.33582242689788      2.57739176796965      c
   -6.79446248740133      4.36229812982195      1.65526596210703      h
   -5.66854332527171      3.06597123871081      4.58403139333039      h
   -4.98210939109329      1.49053372865581      1.69456985574062      h
   -3.77465936664620     -5.47484311039541      0.47261681343233      c
   -4.48959127811998     -6.57962334051739     -1.12081665033884      h
   -4.00923481085294     -3.45554374992780      0.11194139448064      h
   -4.78480952305171     -5.98709545440342      2.20157302682465      h
    5.25688993121766     -3.90056842762748      1.85007631662527      c
    4.96476186364098     -1.93340327338740      1.29783470268271      h
    6.77061189576069     -4.75329561779058      0.73165559133948      h
    5.71743157690173     -3.97230128977427      3.86304191881686      h
$user-defined bonds
$redundant
     number_of_atoms            34
     degrees_of_freedom         96
     internal_coordinates       96
     frozen_coordinates          0
# definitions of redundant internals
   1 k  1.0000000000000 stre  17   16           val=   2.20411
   2 k  1.0000000000000 linc  17   15   16    4 val=  -0.00703
   3 k  1.0000000000000 linp  17   15   16    4 val=  -0.03385
   4 k  1.0000000000000 stre   1    6           val=   2.03781
   5 k  0.7071106241750 bend   2    6    1      val=   4.30421
       -0.7071029381772 bend   5    6    1
   6 k  1.0000000000000 outp   6    5    2    1 val=   0.28289
   7 k  1.0000000000000 stre   2    7           val=   2.03783
   8 k  0.7071104281554 bend   1    7    2      val=   4.29916
       -0.7071031341989 bend   3    7    2
   9 k  1.0000000000000 outp   7    3    1    2 val=  -0.22634
  10 k  1.0000000000000 stre  18   11           val=   2.03780
  11 k  0.7071109208497 bend   8   11   18      val=   4.30555
       -0.7071026414992 bend  13   11   18
  12 k  1.0000000000000 outp  11   13    8   18 val=   0.27777
  13 k  0.3535533905933 tors  16   15    4    3 val=  -0.22348
        0.3535533905933 tors  16   15    4    5
       -0.3535533905933 tors  16   15    9   10
       -0.3535533905933 tors  16   15    9   13
        0.3535533905933 tors  12   15    4    3
        0.3535533905933 tors  12   15    4    5
       -0.3535533905933 tors  12   15    9   10
       -0.3535533905933 tors  12   15    9   13
  14 k  1.0000000000000 stre  15   16           val=   3.43530
  15 k  1.0000000000000 stre  15   12           val=   5.11271
  16 k -0.6563520867641 bend   4   16   15      val=  -0.00260
       -0.2630546986306 bend   4   12   15
        0.6563599663455 bend   9   16   15
        0.2630508663884 bend   9   12   15
  17 k -0.2630545868929 bend   4   16   15      val=  -0.02319
        0.6563681413850 bend   4   12   15
        0.2630509781369 bend   9   16   15
       -0.6563439115209 bend   9   12   15
  18 k  0.6306090215861 outp  12   16    4   15 val=   0.06538
       -0.6306349355189 outp  16    9   12   15
       -0.3689164484649 outp  16    9    4   15
       -0.2617871158964 outp  12    9    4   15
  19 k  1.0000000000000 stre   8   14           val=   2.03783
  20 k  0.7071111697516 bend  18   14    8      val=   4.30608
       -0.7071023925943 bend  10   14    8
  21 k  1.0000000000000 outp  14   10   18    8 val=  -0.21996
  22 k  0.4082482904639 tors  22   19   13    9 val=  98.58639
        0.4082482904639 tors  22   19   13   18
        0.4082482904639 tors  21   19   13    9
        0.4082482904639 tors  21   19   13   18
        0.4082482904639 tors  20   19   13    9
        0.4082482904639 tors  20   19   13   18
  23 k  1.0000000000000 stre  19   22           val=   2.06462
  24 k  1.0000000000000 stre  19   21           val=   2.06658
  25 k  1.0000000000000 stre  19   20           val=   2.06692
  26 k  0.4173813933912 bend  21   22   19      val=   0.75973
        0.3732883006800 bend  20   22   19
        0.4349397124267 bend  20   21   19
       -0.4192133825982 bend  13   22   19
       -0.3900673254981 bend  13   21   19
       -0.4115624922290 bend  13   20   19
  27 k -0.6522142488502 bend  21   22   19      val=   0.09280
        0.4885618427780 bend  20   22   19
        0.1939119590500 bend  20   21   19
       -0.1257296791557 bend  13   22   19
       -0.3237610979617 bend  13   21   19
        0.4215362982492 bend  13   20   19
  28 k  0.1952739693752 bend  21   22   19      val=   0.04023
        0.5086767336555 bend  20   22   19
       -0.6431614573928 bend  20   21   19
        0.4072778482423 bend  13   22   19
       -0.3293186040386 bend  13   21   19
       -0.1230179198800 bend  13   20   19
  29 k  0.2278110426841 bend  21   22   19      val=   0.04639
       -0.4460404850139 bend  20   22   19
        0.2147981177574 bend  20   21   19
        0.3423466626512 bend  13   22   19
       -0.6807109652026 bend  13   21   19
        0.3499187442710 bend  13   20   19
  30 k  0.3814952998361 bend  21   22   19      val=   1.15065
        0.0015110692454 bend  20   22   19
       -0.3804737662689 bend  20   21   19
       -0.6007770071134 bend  13   22   19
        0.0080299520454 bend  13   21   19
        0.5905093340904 bend  13   20   19
  31 k  0.4082482904639 tors  26   23   10    8 val=  75.22574
        0.4082482904639 tors  26   23   10    9
        0.4082482904639 tors  24   23   10    8
        0.4082482904639 tors  24   23   10    9
        0.4082482904639 tors  25   23   10    8
        0.4082482904639 tors  25   23   10    9
  32 k  1.0000000000000 stre  23   26           val=   2.06392
  33 k  1.0000000000000 stre  23   24           val=   2.06623
  34 k  1.0000000000000 stre  23   25           val=   2.06621
  35 k  0.4166323689835 bend  24   26   23      val=   0.63761
        0.3678960003400 bend  25   26   23
        0.4386024227096 bend  25   24   23
       -0.4223088047447 bend  10   26   23
       -0.3886017678633 bend  10   24   23
       -0.4115116721200 bend  10   25   23
  36 k -0.6552946008500 bend  24   26   23      val=   0.05922
        0.4836338011485 bend  25   26   23
        0.2036799544303 bend  25   24   23
       -0.1302297786617 bend  10   26   23
       -0.3185275121233 bend  10   24   23
        0.4204547983042 bend  10   25   23
  37 k  0.1901746939375 bend  24   26   23      val=  -0.08106
        0.5176365945856 bend  25   26   23
       -0.6380638519373 bend  25   24   23
        0.4018899380873 bend  10   26   23
       -0.3359415834365 bend  10   24   23
       -0.1199507930983 bend  10   25   23
  38 k  0.2634753190314 bend  24   26   23      val=   0.44195
       -0.4427145103670 bend  25   26   23
        0.1752770763428 bend  25   24   23
        0.2802940489612 bend  10   26   23
       -0.6766840500394 bend  10   24   23
        0.4091411829915 bend  10   25   23
  39 k -0.3543383665320 bend  24   26   23      val=  -0.86317
       -0.0468825108091 bend  25   26   23
        0.3992585863653 bend  25   24   23
        0.6332701231688 bend  10   26   23
       -0.0760418121394 bend  10   24   23
       -0.5531957404984 bend  10   25   23
  40 k  0.4082482904639 tors  29   27    5    1 val=  98.72472
        0.4082482904639 tors  29   27    5    4
        0.4082482904639 tors  28   27    5    1
        0.4082482904639 tors  28   27    5    4
        0.4082482904639 tors  30   27    5    1
        0.4082482904639 tors  30   27    5    4
  41 k  1.0000000000000 stre  27   29           val=   2.06463
  42 k  1.0000000000000 stre  27   28           val=   2.06657
  43 k  1.0000000000000 stre  27   30           val=   2.06690
  44 k  0.4164612548495 bend  28   29   27      val=   0.65481
        0.3723268735636 bend  30   29   27
        0.4355381758576 bend  30   28   27
       -0.4209924753573 bend   5   29   27
       -0.3902009434994 bend   5   28   27
       -0.4107892150323 bend   5   30   27
  45 k -0.6673086094063 bend  28   29   27      val=   0.17304
        0.4476788448049 bend  30   29   27
        0.2447091175332 bend  30   28   27
       -0.1566978122178 bend   5   29   27
       -0.2938270125674 bend   5   28   27
        0.4283827749273 bend   5   30   27
  46 k  0.1425528544608 bend  28   29   27      val=  -0.08562
        0.5461562766279 bend  30   29   27
       -0.6248294584256 bend  30   28   27
        0.3955666537299 bend   5   29   27
       -0.3553345729347 bend   5   28   27
       -0.0907993215988 bend   5   30   27
  47 k  0.2674300935231 bend  28   29   27      val=   0.17085
       -0.4416917519979 bend  30   29   27
        0.1710088748143 bend  30   28   27
        0.2716437108644 bend   5   29   27
       -0.6762179464468 bend   5   28   27
        0.4160342405152 bend   5   30   27
  48 k -0.3514345659671 bend  28   29   27      val=  -0.97952
       -0.0529321941390 bend  30   29   27
        0.4033369174850 bend  30   28   27
        0.6354339831774 bend   5   29   27
       -0.0842102417696 bend   5   28   27
       -0.5478535825065 bend   5   30   27
  49 k  0.4082482904639 tors  32   31    3    2 val=  75.43177
        0.4082482904639 tors  32   31    3    4
        0.4082482904639 tors  33   31    3    2
        0.4082482904639 tors  33   31    3    4
        0.4082482904639 tors  34   31    3    2
        0.4082482904639 tors  34   31    3    4
  50 k  1.0000000000000 stre  31   32           val=   2.06399
  51 k  1.0000000000000 stre  31   33           val=   2.06624
  52 k  1.0000000000000 stre  31   34           val=   2.06622
  53 k  0.4179522419734 bend  33   32   31      val=   0.77905
        0.3715859370659 bend  34   32   31
        0.4355536798639 bend  34   33   31
       -0.4200243038138 bend   3   32   31
       -0.3896091145240 bend   3   33   31
       -0.4114816263782 bend   3   34   31
  54 k -0.6537210020545 bend  33   32   31      val=   0.06316
        0.4861030850641 bend  34   32   31
        0.1996192921910 bend  34   33   31
       -0.1283490472130 bend   3   32   31
       -0.3206973473643 bend   3   33   31
        0.4209329089323 bend   3   34   31
  55 k  0.1911099368486 bend  33   32   31      val=  -0.12446
        0.5122737395223 bend  34   32   31
       -0.6407597755023 bend  34   33   31
        0.4061726742150 bend   3   32   31
       -0.3330329472877 bend   3   33   31
       -0.1207987279474 bend   3   34   31
  56 k  0.2358807834180 bend  33   32   31      val=   0.33854
       -0.4458595114959 bend  34   32   31
        0.2061033641964 bend  34   33   31
        0.3273263800738 bend   3   32   31
       -0.6802102027953 bend   3   33   31
        0.3650513336651 bend   3   34   31
  57 k -0.3746285020260 bend  33   32   31      val=  -0.97100
       -0.0130583631390 bend  34   32   31
        0.3860250493230 bend  34   33   31
        0.6088161683222 bend   3   32   31
       -0.0239966746573 bend   3   33   31
       -0.5824385450087 bend   3   34   31
  58 k  1.0000000000000 stre   4   15           val=   3.87153
  59 k  1.0000000000000 stre  15    9           val=   3.87174
  60 k  1.0000000000000 linc   4    9   15   10 val=   2.55677
  61 k  1.0000000000000 linp   4    9   15   10 val=   6.90668
  62 k  1.0000000000000 stre  13   19           val=   2.75511
  63 k  0.7071194430275 bend   9   19   13      val=  -1.11425
       -0.7070941191188 bend  18   19   13
  64 k  1.0000000000000 outp  19   18    9   13 val=   2.79315
  65 k  1.0000000000000 stre  10   23           val=   2.75631
  66 k -0.7071046653439 bend   9   23   10      val=   1.19346
        0.7071088970229 bend   8   23   10
  67 k  1.0000000000000 outp  23    8    9   10 val=  -3.74820
  68 k  1.0000000000000 stre   5   27           val=   2.75514
  69 k -0.7071008896738 bend   4   27    5      val=   1.12155
        0.7071126726502 bend   1   27    5
  70 k  1.0000000000000 outp  27    1    4    5 val=   2.84777
  71 k  1.0000000000000 stre   3   31           val=   2.75628
  72 k -0.7070992110527 bend   4   31    3      val=   1.20786
        0.7071143512393 bend   2   31    3
  73 k  1.0000000000000 outp  31    2    4    3 val=  -3.78101
  74 k  1.0000000000000 stre   4    3           val=   2.57824
  75 k  1.0000000000000 stre   3    2           val=   2.62135
  76 k  1.0000000000000 stre   2    1           val=   2.56708
  77 k  1.0000000000000 stre   1    5           val=   2.62296
  78 k  1.0000000000000 stre   5    4           val=   2.57896
  79 k -0.5116672736017 bend   4    2    3      val=  -3.29371
        0.1954395075848 bend   3    1    2
        0.1954395075849 bend   2    5    1
       -0.5116672736017 bend   1    4    5
        0.6324555320337 bend   5    3    4
  80 k  0.3717480344602 bend   4    2    3      val=  -0.01564
       -0.6015009550075 bend   3    1    2
        0.6015009550075 bend   2    5    1
       -0.3717480344602 bend   1    4    5
  81 k -0.5116672736017 tors   2    1    5    4 val=  -0.08060
        0.1954395075848 tors   1    5    4    3
        0.1954395075849 tors   5    4    3    2
       -0.5116672736017 tors   4    3    2    1
        0.6324555320337 tors   3    2    1    5
  82 k  0.3717480344602 tors   2    1    5    4 val=  -0.85052
       -0.6015009550075 tors   1    5    4    3
        0.6015009550075 tors   5    4    3    2
       -0.3717480344602 tors   4    3    2    1
  83 k  0.5000000000000 tors   3    4    9   10 val= 106.06434
        0.5000000000000 tors   3    4    9   13
        0.5000000000000 tors   5    4    9   10
        0.5000000000000 tors   5    4    9   13
  84 k  0.7081297407224 bend  15    3    4      val=  -0.05362
       -0.7060823396066 bend  15    5    4
  85 k  1.0000000000000 outp   3   15    5    4 val=   4.38334
  86 k  1.0000000000000 stre   9   13           val=   2.57905
  87 k  1.0000000000000 stre  13   18           val=   2.62300
  88 k  1.0000000000000 stre  18    8           val=   2.56708
  89 k  1.0000000000000 stre   8   10           val=   2.62131
  90 k  1.0000000000000 stre  10    9           val=   2.57824
  91 k -0.5116672736017 bend   9   18   13      val=  -3.29528
        0.1954395075848 bend  13    8   18
        0.1954395075849 bend  18   10    8
       -0.5116672736017 bend   8    9   10
        0.6324555320337 bend  10   13    9
  92 k  0.3717480344602 bend   9   18   13      val=   0.01720
       -0.6015009550075 bend  13    8   18
        0.6015009550075 bend  18   10    8
       -0.3717480344602 bend   8    9   10
  93 k -0.5116672736017 tors  18    8   10    9 val=  -0.08397
        0.1954395075848 tors   8   10    9   13
        0.1954395075849 tors  10    9   13   18
       -0.5116672736017 tors   9   13   18    8
        0.6324555320337 tors  13   18    8   10
  94 k  0.3717480344602 tors  18    8   10    9 val=   0.85778
       -0.6015009550075 tors   8   10    9   13
        0.6015009550075 tors  10    9   13   18
       -0.3717480344602 tors   9   13   18    8
  95 k  0.7075550316522 bend  15   13    9      val=   0.32592
       -0.7066582463848 bend  15   10    9
  96 k  1.0000000000000 outp  13   15   10    9 val=  -4.23956
        96 non zero eigenvalues  of BmBt
           1           6.375806355    1    0
         1
           2           6.262743348    2    0
         2
           3           6.245052493    3    0
         3
           4           6.168398063    4    0
         4
           5           4.388477282    5    0
         5
           6           4.167634147    6    0
         6
           7           4.141585810    7    0
         7
           8           4.109936762    8    0
         8
           9           4.067259510    9    0
         9
          10           4.025902542   10    0
        10
          11           3.966379582   11    0
        11
          12           3.917585709   12    0
        12
          13           3.613287296   13    0
        13
          14           3.524948260   14    0
        14
          15           3.356595711   15    0
        15
          16           3.354856155   16    0
        16
          17           3.335389989   17    0
        17
          18           3.265661572   18    0
        18
          19           3.260804888   19    0
        19
          20           3.255744918   20    0
        20
          21           3.152989714   21    0
        21
          22           3.138648376   22    0
        22
          23           2.976429994   23    0
        23
          24           2.917155637   24    0
        24
          25           2.672622528   25    0
        25
          26           2.667016153   26    0
        26
          27           2.353960489   27    0
        27
          28           2.335311728   28    0
        28
          29           2.140076778   29    0
        29
          30           2.058741025   30    0
        30
          31           2.047942997   31    0
        31
          32           2.006811253   32    0
        32
          33           1.905435914   33    0
        33
          34           1.846786660   34    0
        34
          35           1.841323576   35    0
        35
          36           1.651383962   36    0
        36
          37           1.501943681   37    0
        37
          38           1.483448601   38    0
        38
          39           1.385661801   39    0
        39
          40           1.360851912   40    0
        40
          41           1.137457307   41    0
        41
          42           0.979586991   42    0
        42
          43           0.942801981   43    0
        43
          44           0.941947618   44    0
        44
          45           0.856593018   45    0
        45
          46           0.856421250   46    0
        46
          47           0.764819396   47    0
        47
          48           0.732882997   48    0
        48
          49           0.698993032   49    0
        49
          50           0.698886892   50    0
        50
          51           0.698323915   51    0
        51
          52           0.697719095   52    0
        52
          53           0.697409177   53    0
        53
          54           0.697109552   54    0
        54
          55           0.696899358   55    0
        55
          56           0.695566104   56    0
        56
          57           0.622563944   57    0
        57
          58           0.547371518   58    0
        58
          59           0.528504574   59    0
        59
          60           0.525402355   60    0
        60
          61           0.518318119   61    0
        61
          62           0.480815395   62    0
        62
          63           0.460764893   63    0
        63
          64           0.376191592   64    0
        64
          65           0.368902970   65    0
        65
          66           0.368699327   66    0
        66
          67           0.366652302   67    0
        67
          68           0.353157540   68    0
        68
          69           0.350549712   69    0
        69
          70           0.333752914   70    0
        70
          71           0.332813218   71    0
        71
          72           0.307556579   72    0
        72
          73           0.293526154   73    0
        73
          74           0.231470670   74    0
        74
          75           0.221835861   75    0
        75
          76           0.166200032   76    0
        76
          77           0.143522423   77    0
        77
          78           0.141230330   78    0
        78
          79           0.120222834   79    0
        79
          80           0.114925072   80    0
        80
          81           0.111656444   81    0
        81
          82           0.107136997   82    0
        82
          83           0.087487503   83    0
        83
          84           0.076955521   84    0
        84
          85           0.066474822   85    0
        85
          86           0.051331945   86    0
        86
          87           0.042706846   87    0
        87
          88           0.035894794   88    0
        88
          89           0.032409950   89    0
        89
          90           0.026872304   90    0
        90
          91           0.016630921   91    0
        91
          92           0.014750095   92    0
        92
          93           0.010705534   93    0
        93
          94           0.010221083   94    0
        94
          95           0.006015666   95    0
        95
          96           0.002349344   96    0
        96
$end
