H     0 
S   4   1.00
    190.6916900              0.70815167E-03   
     28.6055320              0.54678827E-02   
      6.5095943              0.27966605E-01   
      1.8412455              0.10764538       
S   1   1.00
      0.59853725             1.0000000        
S   1   1.00
      0.21397624             1.0000000        
S   1   1.00
      0.80316286E-01         1.0000000        
P   1   1.00
      2.29200000             1.0000000        
P   1   1.00
      0.83800000             1.0000000        
P   1   1.00
      0.29200000             1.0000000        
D   1   1.00
      2.06200000             1.0000000        
D   1   1.00
      0.66200000             1.0000000        
F   1   1.00
      1.39700000             1.0000000        
****
Fe     0 
S   11   1.00
 4313154.4338000             0.86712290122E-05      
 645875.0825300              0.67423150519E-04      
 146981.8769800              0.35448747955E-03      
  41630.6150440              0.14948285557E-02      
  13580.6201090              0.54136698440E-02      
   4902.0620613              0.17362460824E-01      
   1911.2900837              0.49566574059E-01      
    791.99837852             0.12309089705    
    344.54799181             0.24936705764    
    155.78722730             0.35858414677    
     72.179380315            0.27738221642    
S   4   1.00
   1417.9125091              0.74871631942E-02      
    439.23184195             0.73337584435E-01      
    168.51006820             0.33383143870    
     72.776269412            0.62022524641    
S   1   1.00
     32.752961774            1.0000000        
S   1   1.00
     15.434336101            1.0000000        
S   1   1.00
      7.3639318205           1.0000000        
S   1   1.00
      3.1698832880           1.0000000        
S   1   1.00
      1.5243708395           1.0000000        
S   1   1.00
      0.67496281152          1.0000000        
S   1   1.00
      0.14718566032          1.0000000        
S   1   1.00
      0.70082216629E-01            1.0000000        
S   1   1.00
      0.31208269419E-01            1.0000000        
P   9   1.00
   7709.0587627              0.17711229843E-03      
   1826.4666323              0.15560056795E-02      
    592.84368362             0.86629536960E-02      
    225.93763245             0.35565954156E-01      
     95.164758890            0.11098847278    
     42.823132375            0.25177796624    
     20.036286581            0.38166911079    
      9.6159346283           0.30963598261    
      4.5393538787           0.87558276626E-01      
P   5   1.00
     62.997519003           -0.50910388724E-02      
     22.262748731           -0.24540463235E-01      
      4.3900064942           0.24345605487    
      2.0328913928           0.50781898425    
      0.91592621576          0.41214895672    
P   1   1.00
      0.38036653507          1.0000000        
P   1   1.00
      0.1600000              1.0000000        
P   1   1.00
      0.0670000              1.0000000        
P   1   1.00
      0.0280000              1.0000000        
D   6   1.00
    218.33430163             0.93700006628E-03      
     65.256292616            0.80008769378E-02      
     24.866944817            0.36305286587E-01      
     10.473399301            0.11057189871    
      4.6947005007           0.23219588596    
      2.1315982534           0.32922859685    
D   1   1.00
      0.94748004605          1.0000000        
D   1   1.00
      0.40346488831          1.0000000        
D   1   1.00
      0.15687414728          1.0000000        
D   1   1.00
      0.62E-01               1.0000000        
F   1   1.00
      5.1030000              1.0000000        
F   1   1.00
      1.5980000              1.0000000        
F   1   1.00
      0.5050000              1.0000000        
G   1   1.00
      2.1280000              1.0000000    
