$coord
   -0.01249263942038     -0.20047180549986     -0.02689494404862      cr
    5.77116702383067     -0.27390065274584     -0.02465143904596      o
    3.59854037775150     -0.24629592781010     -0.02549702437406      c
   -0.05833169941494     -3.81041310030841      0.06155005014533      c
   -0.08593403415434     -5.98238942537609      0.11474671902288      o
   -3.62351805466097     -0.15466220869608     -0.02826862626856      c
   -5.79614578735946     -0.12708933346285     -0.02908651700161      o
   -0.01222150413618     -0.28896869025158     -3.63712850039869      c
   -0.01205428010004     -0.34221760314557     -5.80927841065620      o
   -0.01275551059050     -0.11198864712688      3.58335485338528      c
   -0.01291430466250     -0.05877649636900      5.75550457566287      o
    0.03333038872815      3.40949735968995     -0.11537955609504      c
    0.06090511818900      5.58147094710238     -0.16864080432769      o
$user-defined bonds
$redundant
     number_of_atoms            13
     degrees_of_freedom         33
     internal_coordinates       33
     frozen_coordinates          0
# definitions of redundant internals
   1 k  1.0000000000000 stre   2    3           val=   2.17280
   2 k  1.0000000000000 linc   2    1    3    4 val=   0.00090
   3 k  1.0000000000000 linp   2    1    3    4 val=   0.00010
   4 k  1.0000000000000 stre   5    4           val=   2.17280
   5 k  1.0000000000000 linc   5    1    4    3 val=  -0.00060
   6 k  1.0000000000000 linp   5    1    4    3 val=   0.00046
   7 k  1.0000000000000 stre   7    6           val=   2.17280
   8 k  1.0000000000000 linc   7    1    6   12 val=   0.00028
   9 k  1.0000000000000 linp   7    1    6   12 val=   0.00023
  10 k  1.0000000000000 stre   9    8           val=   2.17280
  11 k  1.0000000000000 linc   9    1    8   12 val=  -0.00009
  12 k  1.0000000000000 linp   9    1    8   12 val=  -0.00011
  13 k  1.0000000000000 stre  11   10           val=   2.17280
  14 k  1.0000000000000 linc  11    1   10    6 val=   0.00001
  15 k  1.0000000000000 linp  11    1   10    6 val=  -0.00065
  16 k  1.0000000000000 stre  13   12           val=   2.17280
  17 k  1.0000000000000 linc  13    1   12    6 val=  -0.00013
  18 k  1.0000000000000 linp  13    1   12    6 val=   0.00062
  19 k  1.0000000000000 stre   1    4           val=   3.61132
  20 k  1.0000000000000 stre   1    8           val=   3.61132
  21 k  1.0000000000000 stre   1    6           val=   3.61132
  22 k  1.0000000000000 stre   1    3           val=   3.61132
  23 k  1.0000000000000 stre   1   10           val=   3.61133
  24 k  1.0000000000000 stre   1   12           val=   3.61134
  25 k  0.4618742877473 bend   8    4    1      val=   0.05195
        0.3123394494096 bend   6    4    1
        0.3941622580228 bend   6    8    1
        0.0694015632330 bend   3    4    1
        0.1498631988558 bend   3    8    1
       -0.0806217389000 bend  10    4    1
       -0.1502942214297 bend  10    6    1
       -0.3928215389568 bend  10    3    1
        0.0815988387155 bend  12    8    1
       -0.0686732340056 bend  12    6    1
       -0.3124240461476 bend  12    3    1
       -0.4627057620711 bend  12   10    1
  26 k -0.1464481915700 bend   8    4    1      val=   0.00079
        0.3185142830610 bend   6    4    1
        0.1830841016815 bend   6    8    1
       -0.3293301979998 bend   3    4    1
       -0.4659072112256 bend   3    8    1
        0.1362938357061 bend  10    4    1
        0.4648791254568 bend  10    6    1
       -0.1820810634333 bend  10    3    1
       -0.1361809490973 bend  12    8    1
        0.3293422484779 bend  12    6    1
       -0.3188613145883 bend  12    3    1
        0.1467230436176 bend  12   10    1
  27 k  0.1205294847202 bend   8    4    1      val=   0.02667
        0.2250594304208 bend   6    4    1
       -0.2485347071750 bend   6    8    1
        0.3700511121249 bend   3    4    1
       -0.1036218798634 bend   3    8    1
        0.4749038089592 bend  10    4    1
        0.1048819926652 bend  10    6    1
        0.2486958231488 bend  10    3    1
       -0.4737874364563 bend  12    8    1
       -0.3697785974355 bend  12    6    1
       -0.2257500992569 bend  12    3    1
       -0.1217322877023 bend  12   10    1
  28 k  0.1427481134215 bend   8    4    1      val=   0.00004
        0.3420816344332 bend   6    4    1
        0.3352437135839 bend   6    8    1
       -0.3414918804274 bend   3    4    1
       -0.3356177482591 bend   3    8    1
       -0.1421463996769 bend  10    4    1
       -0.3361341131509 bend  10    6    1
        0.3365101589040 bend  10    3    1
       -0.1428351062526 bend  12    8    1
       -0.3422717197998 bend  12    6    1
        0.3416812543162 bend  12    3    1
        0.1422325607652 bend  12   10    1
  29 k  0.4617742615142 bend   8    4    1      val=  -0.00013
       -0.1932709983312 bend   6    4    1
        0.0012601894958 bend   6    8    1
        0.1934574537874 bend   3    4    1
       -0.0010362639652 bend   3    8    1
       -0.4603904464391 bend  10    4    1
       -0.0013621221356 bend  10    6    1
        0.0011409097784 bend  10    3    1
       -0.4618047233116 bend  12    8    1
        0.1932566089061 bend  12    6    1
       -0.1934440510204 bend  12    3    1
        0.4604210722832 bend  12   10    1
  30 k  0.1310214473141 bend   8    4    1      val=   0.00003
        0.3097966511502 bend   6    4    1
       -0.3694371917706 bend   6    8    1
       -0.3092611140698 bend   3    4    1
        0.3699929216763 bend   3    8    1
       -0.1304710173153 bend  10    4    1
        0.3707773537450 bend  10    6    1
       -0.3713312522116 bend  10    3    1
       -0.1309458627316 bend  12    8    1
       -0.3095433918531 bend  12    6    1
        0.3090080273452 bend  12    3    1
        0.1303957637404 bend  12   10    1
  31 k -0.4790977820257 bend   8    4    1      val=   0.05839
        0.3378228011751 bend   6    4    1
        0.1416851798929 bend   6    8    1
        0.1357693401446 bend   3    4    1
        0.3438020657853 bend   3    8    1
        0.0062456023063 bend  10    4    1
       -0.3438339280477 bend  10    6    1
       -0.1417005204453 bend  10    3    1
       -0.0068376783266 bend  12    8    1
       -0.1344452286423 bend  12    6    1
       -0.3368292491657 bend  12    3    1
        0.4792881954930 bend  12   10    1
  32 k -0.1354998548772 bend   8    4    1      val=   0.07435
       -0.3268497966407 bend   6    4    1
        0.4632609864698 bend   6    8    1
        0.3253868560889 bend   3    4    1
       -0.1898548422205 bend   3    8    1
        0.1379657071645 bend  10    4    1
        0.1888725082618 bend  10    6    1
       -0.4622790973220 bend  10    3    1
       -0.1372392172857 bend  12    8    1
       -0.3245868841480 bend  12    6    1
        0.3273550608345 bend  12    3    1
        0.1360694029600 bend  12   10    1
  33 k  0.0449831362181 bend   8    4    1      val=   0.05350
       -0.1704076596073 bend   6    4    1
        0.1256461581353 bend   6    8    1
       -0.3546726545531 bend   3    4    1
        0.3097638127769 bend   3    8    1
        0.4807588616611 bend  10    4    1
       -0.3097417662366 bend  10    6    1
       -0.1256165743066 bend  10    3    1
       -0.4802375393018 bend  12    8    1
        0.3554364972181 bend  12    6    1
        0.1717224993218 bend  12    3    1
       -0.0458704187359 bend  12   10    1
        33 non zero eigenvalues  of BmBt
           1           4.167986629    1    0
         1
           2           4.167155824    2    0
         2
           3           4.166422282    3    0
         3
           4           2.618033414    4    0
         4
           5           2.618033346    5    0
         5
           6           2.618032355    6    0
         6
           7           1.881467565    7    0
         7
           8           1.881376678    8    0
         8
           9           1.881316059    9    0
         9
          10           0.998692117   10    0
        10
          11           0.998428684   11    0
        11
          12           0.998206558   12    0
        12
          13           0.874502359   13    0
        13
          14           0.874050775   14    0
        14
          15           0.873977312   15    0
        15
          16           0.759283723   16    0
        16
          17           0.758980522   17    0
        17
          18           0.758902808   18    0
        18
          19           0.699502441   19    0
        19
          20           0.699360394   20    0
        20
          21           0.699071085   21    0
        21
          22           0.381965686   22    0
        22
          23           0.381965648   23    0
        23
          24           0.381965086   24    0
        24
          25           0.077236154   25    0
        25
          26           0.077226141   26    0
        26
          27           0.077202178   27    0
        27
          28           0.065244025   28    0
        28
          29           0.065239637   29    0
        29
          30           0.065227023   30    0
        30
          31           0.037263191   31    0
        31
          32           0.037253861   32    0
        32
          33           0.037248828   33    0
        33
$end
