$coord
    0.06128460527718      1.41606763978401     -0.13504636749906      cr
    5.79524754379214      2.05862233826646      0.06068269110092      o
    3.63638738025746      1.77837011910424     -0.02541318160269      c
   -0.11383540356965      4.77470967902253      0.94615338923172      c
   -0.22236031081525      6.84990767035184      1.61388211583504      o
   -3.53371271616875      1.43655867144036     -0.12113039760775      c
   -5.71096682385614      1.51026332115237     -0.09293373656242      o
    0.07057704330408      0.27251987043864      3.27817311597304      c
    0.07425835729835     -0.37843549429270      5.35756579180346      o
    0.05690158129798      2.47892044945749     -3.57419242564955      c
    0.05235540021450      3.16382572131205     -5.64265673500091      o
    1.57240142559329     -2.50262052536675     -1.39992070063647      c
    2.62466563298458     -2.20649821847816     -3.13323201940151      h
    2.63088662492429     -3.27299694253129      0.17664558197152      h
   -1.03633710440211     -2.62677593565902     -1.43493818216694      c
   -2.05873946265050     -3.49614072947498      0.11369888264170      h
   -2.06516849048143     -2.42953115352708     -3.19614050843007      h
$user-defined bonds
$redundant
     number_of_atoms            17
     degrees_of_freedom         45
     internal_coordinates       45
     frozen_coordinates          0
# definitions of redundant internals
   1 k  1.0000000000000 stre   2    3           val=   2.17868
   2 k  1.0000000000000 linc   2    1    3   10 val=   0.00252
   3 k  1.0000000000000 linp   2    1    3   10 val=  -1.68979
   4 k  1.0000000000000 stre   5    4           val=   2.18268
   5 k  1.0000000000000 linc   5    1    4   10 val=   0.00777
   6 k  1.0000000000000 linp   5    1    4   10 val=  -0.00860
   7 k  1.0000000000000 stre   7    6           val=   2.17868
   8 k  1.0000000000000 linc   7    1    6    8 val=   0.00590
   9 k  1.0000000000000 linp   7    1    6    8 val=  -1.69372
  10 k  1.0000000000000 stre   9    8           val=   2.17891
  11 k  1.0000000000000 linc   9    1    8    6 val=   0.06998
  12 k  1.0000000000000 linp   9    1    8    6 val=   1.13882
  13 k  1.0000000000000 stre  11   10           val=   2.17891
  14 k  1.0000000000000 linc  11    1   10    3 val=   0.08272
  15 k  1.0000000000000 linp  11    1   10    3 val=   1.14513
  16 k  1.0000000000000 stre   1    4           val=   3.53272
  17 k  1.0000000000000 stre   1    3           val=   3.59509
  18 k  1.0000000000000 stre   1    6           val=   3.59508
  19 k  1.0000000000000 stre   1   10           val=   3.59964
  20 k  1.0000000000000 stre   1    8           val=   3.59970
  21 k -0.2956017692952 bend   3    4    1      val=  29.31895
       -0.2952313110933 bend   6    4    1
       -0.2898862671784 bend  10    4    1
       -0.0082340054917 bend  10    3    1
       -0.0083871357919 bend  10    6    1
       -0.2898846471391 bend   8    4    1
       -0.0082488286983 bend   8    3    1
       -0.0083882799456 bend   8    6    1
        0.2957215180491 bend  12    3    1
        0.2951114101718 bend  12    6    1
        0.2776576436509 bend  12   10    1
        0.2775041357163 bend  12    8    1
        0.2957214531719 bend  15    3    1
        0.2951113274446 bend  15    6    1
        0.2774970546899 bend  15   10    1
        0.2773510396653 bend  15    8    1
  22 k -0.2956816757398 bend   3    4    1      val=   0.03123
        0.2955725161214 bend   6    4    1
        0.0009805084632 bend  10    4    1
       -0.3400922329478 bend  10    3    1
        0.3422571611837 bend  10    6    1
       -0.0009172922309 bend   8    4    1
       -0.3422894305200 bend   8    3    1
        0.3401106049285 bend   8    6    1
       -0.2836034569272 bend  12    3    1
        0.2837151379053 bend  12    6    1
       -0.0960256248920 bend  12   10    1
       -0.0976567512470 bend  12    8    1
       -0.2836055088416 bend  15    3    1
        0.2837130843106 bend  15    6    1
        0.0982104445003 bend  15   10    1
        0.0965091196679 bend  15    8    1
  23 k  0.0011173783665 bend   3    4    1      val=   0.00095
       -0.0009236559722 bend   6    4    1
        0.3494985915734 bend  10    4    1
        0.3471614761341 bend  10    3    1
        0.3454202946365 bend  10    6    1
       -0.3494959454148 bend   8    4    1
       -0.3451386809332 bend   8    3    1
       -0.3474440661345 bend   8    6    1
        0.0011287629504 bend  12    3    1
       -0.0005150011487 bend  12    6    1
        0.2629147939864 bend  12   10    1
       -0.2623429386393 bend  12    8    1
        0.0004991878762 bend  15    3    1
       -0.0011954888323 bend  15    6    1
        0.2624602564621 bend  15   10    1
       -0.2630403924083 bend  15    8    1
  24 k  0.5263237255468 bend   3    4    1      val=   0.02279
       -0.5266955989978 bend   6    4    1
        0.0014504746344 bend  10    4    1
        0.0430119153202 bend  10    3    1
       -0.0430741570190 bend  10    6    1
       -0.0017854114326 bend   8    4    1
        0.0424783177860 bend   8    3    1
       -0.0424511221724 bend   8    6    1
       -0.3305066762118 bend  12    3    1
        0.3308784398944 bend  12    6    1
        0.0133228732545 bend  12   10    1
        0.0156171296020 bend  12    8    1
       -0.3305066579726 bend  15    3    1
        0.3308787369991 bend  15    6    1
       -0.0154417338050 bend  15   10    1
       -0.0129399317121 bend  15    8    1
  25 k -0.0018025195580 bend   3    4    1      val=   0.00419
        0.0017086597515 bend   6    4    1
        0.4937757334851 bend  10    4    1
        0.0221579402144 bend  10    3    1
        0.0214705621516 bend  10    6    1
       -0.4937823091637 bend   8    4    1
       -0.0226069751908 bend   8    3    1
       -0.0210132986205 bend   8    6    1
        0.0011365584999 bend  12    3    1
       -0.0010078612590 bend  12    6    1
       -0.3572339641684 bend  12   10    1
        0.3570964119587 bend  12    8    1
        0.0011305514520 bend  15    3    1
       -0.0010140434747 bend  15    6    1
       -0.3572168430608 bend  15   10    1
        0.3573672545822 bend  15    8    1
  26 k  0.0003431950588 bend   3    4    1      val=   0.00342
       -0.0003370928329 bend   6    4    1
        0.0006631433140 bend  10    4    1
       -0.4889857945254 bend  10    3    1
        0.4884090462114 bend  10    6    1
       -0.0006796319082 bend   8    4    1
        0.4889520584167 bend   8    3    1
       -0.4883765987532 bend   8    6    1
       -0.0002819132564 bend  12    3    1
        0.0002873927252 bend  12    6    1
       -0.1061362684813 bend  12   10    1
        0.1061413759475 bend  12    8    1
       -0.0000658348537 bend  15    3    1
        0.0000547047362 bend  15    6    1
        0.1054405635407 bend  15   10    1
       -0.1054218412243 bend  15    8    1
  27 k -0.2818546052565 bend   3    4    1      val=   4.17515
       -0.2815267250107 bend   6    4    1
        0.3036019590767 bend  10    4    1
        0.0207751124544 bend  10    3    1
        0.0207429646423 bend  10    6    1
        0.3035779890785 bend   8    4    1
        0.0208036849079 bend   8    3    1
        0.0207367589332 bend   8    6    1
        0.2815981024214 bend  12    3    1
        0.2817830676921 bend  12    6    1
       -0.2906029060561 bend  12   10    1
       -0.2907524663864 bend  12    8    1
        0.2815980932164 bend  15    3    1
        0.2817829730116 bend  15    6    1
       -0.2904985108300 bend  15   10    1
       -0.2906329441337 bend  15    8    1
  28 k  0.3678959161035 bend   3    4    1      val=   0.04382
       -0.3680004450467 bend   6    4    1
        0.0016841242757 bend  10    4    1
       -0.3365859300962 bend  10    3    1
        0.3339230261022 bend  10    6    1
       -0.0008088083301 bend   8    4    1
       -0.3340009999555 bend   8    3    1
        0.3367034241161 bend   8    6    1
        0.2453450226487 bend  12    3    1
       -0.2452423914409 bend  12    6    1
       -0.0975358197145 bend  12   10    1
       -0.0992770408308 bend  12    8    1
        0.2453473164589 bend  15    3    1
       -0.2452399614046 bend  15    6    1
        0.0994531483009 bend  15   10    1
        0.0978171084196 bend  15    8    1
  29 k -0.0013314710588 bend   3    4    1      val=  -0.00142
        0.0015092742798 bend   6    4    1
        0.3660905701853 bend  10    4    1
       -0.3585391296694 bend  10    3    1
       -0.3614745903293 bend  10    6    1
       -0.3661072137653 bend   8    4    1
        0.3608886061994 bend   8    3    1
        0.3591166318122 bend   8    6    1
       -0.0012035490250 bend  12    3    1
        0.0005329005277 bend  12    6    1
        0.2314153461727 bend  12   10    1
       -0.2307112768024 bend  12    8    1
       -0.0005957289015 bend  15    3    1
        0.0011922742214 bend  15    6    1
        0.2306743418573 bend  15   10    1
       -0.2313540724442 bend  15    8    1
  30 k  0.0000077779319 bend   3    4    1      val=   0.05199
        0.0000322992260 bend   6    4    1
        0.0001095312537 bend  10    4    1
       -0.1057905501671 bend  10    3    1
        0.1057820062810 bend  10    6    1
       -0.0001026212639 bend   8    4    1
        0.1057858193226 bend   8    3    1
       -0.1057780948566 bend   8    6    1
       -0.0015890956999 bend  12    3    1
        0.0017272224857 bend  12    6    1
        0.4886749810583 bend  12   10    1
       -0.4886646130702 bend  12    8    1
        0.0015466295725 bend  15    3    1
       -0.0016672861726 bend  15    6    1
       -0.4886814451388 bend  15   10    1
        0.4886944665720 bend  15    8    1
  31 k  1.0000000000000 stre  12   14           val=   2.04925
  32 k  1.0000000000000 stre  12   13           val=   2.04922
  33 k -0.7945848989548 bend  13   14   12      val=  11.54752
        0.4283498356024 bend  15   14   12
        0.4258675745021 bend  15   13   12
        0.0440084075088 bend   1   14   12
        0.0430270350894 bend   1   13   12
  34 k -0.0014841658896 bend  13   14   12      val=   0.02225
       -0.6456457453799 bend  15   14   12
        0.6472830126418 bend  15   13   12
       -0.2864160917469 bend   1   14   12
        0.2865831339389 bend   1   13   12
  35 k -0.1098197187754 bend  13   14   12      val=  50.48465
       -0.1716456980040 bend  15   14   12
       -0.1715478831436 bend  15   13   12
        0.6816634104638 bend   1   14   12
        0.6814570436562 bend   1   13   12
  36 k  0.0000456832008 bend  13   14   12      val=   0.00226
        0.2864417299687 bend  15   14   12
       -0.2865583177856 bend  15   13   12
       -0.6463581272770 bend   1   14   12
        0.6465729928295 bend   1   13   12
  37 k  1.0000000000000 stre  15   16           val=   2.04924
  38 k  1.0000000000000 stre  15   17           val=   2.04920
  39 k -0.7945824369141 bend  17   16   15      val=  11.52591
        0.4288805222869 bend  12   16   15
        0.4253816150822 bend  12   17   15
        0.0439741818526 bend   1   16   15
        0.0426262997573 bend   1   17   15
  40 k -0.0020766729263 bend  17   16   15      val=   0.03031
       -0.6453333166876 bend  12   16   15
        0.6476499379758 bend  12   17   15
       -0.2863368794484 bend   1   16   15
        0.2865333263519 bend   1   17   15
  41 k -0.1099937424629 bend  17   16   15      val=  50.50382
       -0.1715051044408 bend  12   16   15
       -0.1713062051664 bend  12   17   15
        0.6817580498626 bend   1   16   15
        0.6814304963008 bend   1   17   15
  42 k  0.0000690513800 bend  17   16   15      val=   0.00410
        0.2863291315626 bend  12   16   15
       -0.2865425976012 bend  12   17   15
       -0.6463181015729 bend   1   16   15
        0.6466698346062 bend   1   17   15
  43 k  1.0000000000000 stre   1   12           val=   4.38629
  44 k  1.0000000000000 stre  12   15           val=   2.61193
  45 k  1.0000000000000 stre  15    1           val=   4.38624
        45 non zero eigenvalues  of BmBt
           1           5.301561713    1    0
         1
           2           4.328859420    2    0
         2
           3           4.300555622    3    0
         3
           4           4.265441071    4    0
         4
           5           3.851582044    5    0
         5
           6           2.726267943    6    0
         6
           7           2.640576418    7    0
         7
           8           2.617999739    8    0
         8
           9           2.617751961    9    0
         9
          10           2.411228425   10    0
        10
          11           1.891636644   11    0
        11
          12           1.873961803   12    0
        12
          13           1.423464177   13    0
        13
          14           1.212000400   14    0
        14
          15           1.005344666   15    0
        15
          16           1.000189822   16    0
        16
          17           0.989420029   17    0
        17
          18           0.931180599   18    0
        18
          19           0.915946639   19    0
        19
          20           0.892231117   20    0
        20
          21           0.844805556   21    0
        21
          22           0.835017625   22    0
        22
          23           0.761582143   23    0
        23
          24           0.726104257   24    0
        24
          25           0.718676027   25    0
        25
          26           0.677500793   26    0
        26
          27           0.654547585   27    0
        27
          28           0.407091810   28    0
        28
          29           0.381948443   29    0
        29
          30           0.381824657   30    0
        30
          31           0.379279612   31    0
        31
          32           0.212505450   32    0
        32
          33           0.209706010   33    0
        33
          34           0.204615145   34    0
        34
          35           0.202001685   35    0
        35
          36           0.080964875   36    0
        36
          37           0.077098860   37    0
        37
          38           0.071867462   38    0
        38
          39           0.070476554   39    0
        39
          40           0.068683992   40    0
        40
          41           0.066376603   41    0
        41
          42           0.051175081   42    0
        42
          43           0.036741954   43    0
        43
          44           0.036036016   44    0
        44
          45           0.010045800   45    0
        45
$end
