$coord
   -2.09543195336852     -1.01007557816570      4.25023871806650      c
    0.51080291923857     -1.86416943625388      4.17552699690189      c
    0.49393397560120      2.54811622017599      3.93423367048233      c
   -2.11101237806650      1.67297033540733      4.05943718687876      c
   -4.36147226578630     -2.65162132023037      4.69103960616527      c
   -4.02187284720699     -4.59197549835939      4.07098311721061      h
   -6.02604089965297     -1.93646654150035      3.69736088566013      h
   -4.81708000293534     -2.72253647738422      6.71484974423793      h
   -4.37825183099347      3.36304818731451      4.06894128507683      c
   -6.11352975536326      2.28742092547400      3.75346672061030      h
   -4.22991329711664      4.78243198678471      2.57278023884568      h
   -4.55053949409467      4.34162128329159      5.89115786704665      h
    1.29164000734348      5.26164350434879      3.84718309755410      c
    1.04752372977513      6.17971172749995      5.69357065766119      h
    0.16893172880199      6.29896602549733      2.45368264933631      h
    3.28094863008052      5.43421190480015      3.31284644881859      h
    4.90886964995005      0.38782516424746      4.32020920077480      c
    5.43879003071024      0.63983389739335      6.31085533214335      h
    5.76404957421597      1.93352127971543      3.24750425342230      h
    5.74172494051026     -1.38993014279677      3.67900908509826      h
    1.41016810855382     -4.50990646768840      4.64200574369266      c
    1.67275425578228     -4.86985123859627      6.67172890633710      h
    3.21662216598970     -4.86174435836531      3.70054200732023      h
    0.05292203268734     -5.89762044012547      3.93373764656276      h
   -0.24128902854101      0.12516089445656      0.63381761150562      ru
   -1.93785994088219      3.55624712403756     -1.99672220660759      cl
   -2.10555185351743     -2.62304396129738     -2.08428559946089      p
   -5.31283216181292     -1.85227445228500     -3.18623529305084      c
   -5.29197232716781      0.08055931623372     -3.91268315061642      h
   -6.60442220037608     -1.91948135060411     -1.57238161875216      h
   -5.96355978202245     -3.17364977415656     -4.64180175424498      h
   -2.50300762713982     -5.98126080694717     -1.24175692351361      c
   -3.23637418192036     -7.05977911434613     -2.85043021766578      h
   -3.82710710891122     -6.16350253518136      0.33285952021994      h
   -0.68084921512974     -6.76760550403207     -0.66666780233380      h
   -0.27943734237830     -2.94057513409303     -5.10074700328619      c
    0.81935522146945     -4.69175077841024     -4.95345743751036      h
   -1.56746574410734     -3.15100058405864     -6.70781931391666      h
    2.08868703119518      0.36338052852856      4.06227820386039      c
    2.87504571390916      0.08462990528175     -2.29310654522213      p
    5.83305273152009      2.86962779863266     -4.56469976886780      h
    5.76619838274637      3.49511287096655     -1.25330279277328      h
    3.21127696060008      4.52217973886800     -3.18064596265615      h
    1.49019605211046     -0.67114537014086     -5.41913123992896      c
    4.60918100768859      3.02730772818617     -2.90198807926809      c
    5.47336635559474     -2.22985963152384     -2.06503511733025      c
    0.41662380767977      1.01122989100851     -5.96302004197826      h
    2.96071627087946     -1.02195532770711     -6.83580295325616      h
    6.58660679636193     -1.86321671594696     -0.36467535033934      h
    6.71977434539044     -2.12450972346015     -3.71549530887893      h
    4.68593328610526     -4.13512931749392     -1.92043736503188      h
$user-defined bonds
$redundant
     number_of_atoms            51
     degrees_of_freedom        147
     internal_coordinates      160
     frozen_coordinates          0
# definitions of redundant internals
   1 k  0.3333333333333 tors   6    5    1    2 val=  64.37312
        0.3333333333333 tors   6    5    1    4
        0.3333333333333 tors   6    5    1   25
        0.3333333333333 tors   7    5    1    2
        0.3333333333333 tors   7    5    1    4
        0.3333333333333 tors   7    5    1   25
        0.3333333333333 tors   8    5    1    2
        0.3333333333333 tors   8    5    1    4
        0.3333333333333 tors   8    5    1   25
   2 k  1.0000000000000 stre   5    6           val=   2.06513
   3 k  1.0000000000000 stre   5    7           val=   2.06631
   4 k  1.0000000000000 stre   5    8           val=   2.07567
   5 k  0.4447421892194 bend   7    6    5      val=   1.79972
        0.4060487512437 bend   8    6    5
        0.4118785889307 bend   8    7    5
       -0.3951106205902 bend   1    6    5
       -0.3916816818896 bend   1    7    5
       -0.3976906867040 bend   1    8    5
   6 k -0.6574290588992 bend   7    6    5      val=   0.87797
        0.4483902662959 bend   8    6    5
        0.2560892804952 bend   8    7    5
       -0.1619234845109 bend   1    6    5
       -0.2915283601612 bend   1    7    5
        0.4358250594069 bend   1    8    5
   7 k -0.1162505424015 bend   7    6    5      val=   0.16368
       -0.5400781738696 bend   8    6    5
        0.6568752021859 bend   8    7    5
       -0.3910244547730 bend   1    6    5
        0.3255116895838 bend   1    7    5
        0.0667709665043 bend   1    8    5
   8 k  0.4376448095190 bend   7    6    5      val=  -0.11181
       -0.2850905480421 bend   8    6    5
       -0.1676402796499 bend   8    7    5
       -0.2481818106983 bend   1    6    5
       -0.4163069710967 bend   1    7    5
        0.6813086168631 bend   1    8    5
   9 k -0.0579828368233 bend   7    6    5      val=   0.09090
       -0.3292123748373 bend   8    6    5
        0.3894623845854 bend   8    7    5
        0.6511046506867 bend   1    6    5
       -0.5495197548119 bend   1    7    5
       -0.1032812994039 bend   1    8    5
  10 k  0.3333333333333 tors  10    9    4    1 val=  77.12806
        0.3333333333333 tors  10    9    4    3
        0.3333333333333 tors  10    9    4   25
        0.3333333333333 tors  11    9    4    1
        0.3333333333333 tors  11    9    4    3
        0.3333333333333 tors  11    9    4   25
        0.3333333333333 tors  12    9    4    1
        0.3333333333333 tors  12    9    4    3
        0.3333333333333 tors  12    9    4   25
  11 k  1.0000000000000 stre   9   10           val=   2.06584
  12 k  1.0000000000000 stre   9   11           val=   2.06764
  13 k  1.0000000000000 stre   9   12           val=   2.07551
  14 k  0.4089009125443 bend  11   10    9      val=   1.58919
        0.4253002171553 bend  12   10    9
        0.4223421930240 bend  12   11    9
       -0.4020237399342 bend   4   10    9
       -0.3987890090102 bend   4   11    9
       -0.3910128895851 bend   4   12    9
  15 k  0.6830224740385 bend  11   10    9      val=   0.36946
       -0.3904584897152 bend  12   10    9
       -0.2704816575507 bend  12   11    9
        0.1819501597269 bend   4   10    9
        0.2602000019393 bend   4   11    9
       -0.4550299320511 bend   4   12    9
  16 k -0.0713469869402 bend  11   10    9      val=   0.47298
       -0.5705364878087 bend  12   10    9
        0.6449340775452 bend  12   11    9
       -0.3726985576562 bend   4   10    9
        0.3358265125917 bend   4   11    9
        0.0421200393619 bend   4   12    9
  17 k -0.4374845757068 bend  11   10    9      val=   0.14732
        0.3177267636476 bend  12   10    9
        0.1188108993863 bend  12   11    9
        0.1683416046279 bend   4   10    9
        0.4875070246449 bend   4   11    9
       -0.6538646074998 bend   4   12    9
  18 k -0.1152076100432 bend  11   10    9      val=   0.50336
       -0.2819647180868 bend  12   10    9
        0.4026011570519 bend  12   11    9
        0.6803857442377 bend   4   10    9
       -0.4985930749502 bend   4   11    9
       -0.1833455680746 bend   4   12    9
  19 k  0.3333333333333 tors  16   13    3    4 val=  85.10223
        0.3333333333333 tors  16   13    3   25
        0.3333333333333 tors  16   13    3   39
        0.3333333333333 tors  15   13    3    4
        0.3333333333333 tors  15   13    3   25
        0.3333333333333 tors  15   13    3   39
        0.3333333333333 tors  14   13    3    4
        0.3333333333333 tors  14   13    3   25
        0.3333333333333 tors  14   13    3   39
  20 k  1.0000000000000 stre  13   16           val=   2.06704
  21 k  1.0000000000000 stre  13   15           val=   2.06842
  22 k  1.0000000000000 stre  13   14           val=   2.07644
  23 k  0.3997326640313 bend  15   16   13      val=   1.44100
        0.4292314469250 bend  14   16   13
        0.4274717810492 bend  14   15   13
       -0.4035521383033 bend   3   16   13
       -0.4005733301380 bend   3   15   13
       -0.3872062984208 bend   3   14   13
  24 k  0.6891654186915 bend  15   16   13      val=   0.55669
       -0.3613323252540 bend  14   16   13
       -0.2880885453071 bend  14   15   13
        0.1956622791114 bend   3   16   13
        0.2432115817313 bend   3   15   13
       -0.4626655006740 bend   3   14   13
  25 k -0.0440225037315 bend  15   16   13      val=   0.42946
       -0.5883305929385 bend  14   16   13
        0.6338809950366 bend  14   15   13
       -0.3631364816210 bend   3   16   13
        0.3429077860284 bend   3   15   13
        0.0258875009671 bend   3   14   13
  26 k -0.4464087023621 bend  15   16   13      val=  -0.02623
        0.3006420581971 bend  14   16   13
        0.1430750871927 bend  14   15   13
        0.2049058949952 bend   3   16   13
        0.4608381909465 bend   3   15   13
       -0.6599279344630 bend   3   14   13
  27 k -0.0932577666866 bend  15   16   13      val=   0.43845
       -0.2961825470329 bend  14   16   13
        0.3937296163200 bend  14   15   13
        0.6713319261955 bend   3   16   13
       -0.5260526356881 bend   3   15   13
       -0.1453889485982 bend   3   14   13
  28 k  0.3333333333333 tors  20   17   39    2 val=  95.96561
        0.3333333333333 tors  20   17   39    3
        0.3333333333333 tors  20   17   39   25
        0.3333333333333 tors  19   17   39    2
        0.3333333333333 tors  19   17   39    3
        0.3333333333333 tors  19   17   39   25
        0.3333333333333 tors  18   17   39    2
        0.3333333333333 tors  18   17   39    3
        0.3333333333333 tors  18   17   39   25
  29 k  1.0000000000000 stre  17   20           val=   2.06524
  30 k  1.0000000000000 stre  17   19           val=   2.06669
  31 k  1.0000000000000 stre  17   18           val=   2.07533
  32 k  0.4444335078242 bend  19   20   17      val=   1.89292
        0.4063594037312 bend  18   20   17
        0.4123240284928 bend  18   19   17
       -0.3944843116327 bend  39   20   17
       -0.3919462673791 bend  39   19   17
       -0.3976179560997 bend  39   18   17
  33 k -0.6664388354128 bend  19   20   17      val=   0.70832
        0.3731885940357 bend  18   20   17
        0.3387235506468 bend  18   19   17
       -0.2182047399243 bend  39   20   17
       -0.2417282796328 bend  39   19   17
        0.4425042807396 bend  39   18   17
  34 k  0.0231146232574 bend  19   20   17      val=   0.02882
        0.5968954334725 bend  18   20   17
       -0.6144165138234 bend  18   19   17
        0.3689729692288 bend  39   20   17
       -0.3596789104244 bend  39   19   17
       -0.0128036169480 bend  39   18   17
  35 k  0.4433062067532 bend  19   20   17      val=  -0.17568
       -0.2420257385934 bend  18   20   17
       -0.2159382284150 bend  18   19   17
       -0.3169196049339 bend  39   20   17
       -0.3538657768660 bend  39   19   17
        0.6874698585342 bend  39   18   17
  36 k -0.0130886135018 bend  19   20   17      val=  -0.00339
       -0.3576344877897 bend  18   20   17
        0.3709385212120 bend  18   19   17
        0.6171951886815 bend  39   20   17
       -0.5940602168104 bend  39   19   17
       -0.0222133449233 bend  39   18   17
  37 k  0.3333333333333 tors  23   21    2    1 val=  58.09898
        0.3333333333333 tors  23   21    2   25
        0.3333333333333 tors  23   21    2   39
        0.3333333333333 tors  24   21    2    1
        0.3333333333333 tors  24   21    2   25
        0.3333333333333 tors  24   21    2   39
        0.3333333333333 tors  22   21    2    1
        0.3333333333333 tors  22   21    2   25
        0.3333333333333 tors  22   21    2   39
  38 k  1.0000000000000 stre  21   23           val=   2.06723
  39 k  1.0000000000000 stre  21   24           val=   2.06628
  40 k  1.0000000000000 stre  21   22           val=   2.07805
  41 k  0.4094771492568 bend  24   23   21      val=   1.94080
        0.4275994529542 bend  22   23   21
        0.4284387673506 bend  22   24   21
       -0.3976857002272 bend   2   23   21
       -0.3978199855539 bend   2   24   21
       -0.3866687699176 bend   2   22   21
  42 k  0.6815569161955 bend  24   23   21      val=   0.65466
       -0.3318881744409 bend  22   23   21
       -0.3212002095565 bend  22   24   21
        0.2231635007914 bend   2   23   21
        0.2307570455515 bend   2   24   21
       -0.4680919491681 bend   2   22   21
  43 k  0.0068964203878 bend  24   23   21      val=   0.16028
        0.6040698602714 bend  22   23   21
       -0.6092816054369 bend  22   24   21
        0.3653000071800 bend   2   23   21
       -0.3610647686011 bend   2   24   21
       -0.0040132534211 bend   2   22   21
  44 k -0.4636150328836 bend  24   23   21      val=   0.03867
        0.2239645881077 bend  22   23   21
        0.2388270366066 bend  22   24   21
        0.3495204840547 bend   2   23   21
        0.3239152469110 bend   2   24   21
       -0.6713992517039 bend   2   22   21
  45 k -0.0099777284474 bend  24   23   21      val=   0.07908
        0.3684389637176 bend  22   23   21
       -0.3578126641261 bend  22   24   21
       -0.5997623445516 bend   2   23   21
        0.6133661757048 bend   2   24   21
       -0.0137962639833 bend   2   22   21
  46 k  1.0000000000000 stre  25   26           val=   4.64440
  47 k -0.3208338108653 bend  40   26   25      val=  67.08659
       -0.3396893752288 bend  27   26   25
        0.4431401115445 bend   2   26   25
        0.4206417414936 bend   3   26   25
        0.4171774081581 bend   4   26   25
        0.3431575884875 bend  39   26   25
        0.3414235501570 bend   1   26   25
  48 k  0.4986192484630 bend  40   26   25      val=   2.50982
       -0.4655034714457 bend  27   26   25
        0.0160282143539 bend   2   26   25
        0.2289225891607 bend   3   26   25
       -0.2436260158571 bend   4   26   25
        0.4586706863400 bend  39   26   25
       -0.4607499034626 bend   1   26   25
  49 k  0.3333333333333 tors  29   28   27   25 val=  56.63152
        0.3333333333333 tors  29   28   27   32
        0.3333333333333 tors  29   28   27   36
        0.3333333333333 tors  30   28   27   25
        0.3333333333333 tors  30   28   27   32
        0.3333333333333 tors  30   28   27   36
        0.3333333333333 tors  31   28   27   25
        0.3333333333333 tors  31   28   27   32
        0.3333333333333 tors  31   28   27   36
  50 k  1.0000000000000 stre  28   29           val=   2.06495
  51 k  1.0000000000000 stre  28   30           val=   2.06815
  52 k  1.0000000000000 stre  28   31           val=   2.07079
  53 k -0.3111358663572 bend  30   29   28      val=   0.22800
       -0.4684868832531 bend  31   29   28
       -0.4330084250597 bend  31   30   28
        0.4147471463894 bend  27   29   28
        0.4236316126994 bend  27   30   28
        0.3804461565015 bend  27   31   28
  54 k  0.7820109859321 bend  30   29   28      val=   2.15633
       -0.3014614971732 bend  31   29   28
       -0.3059626583844 bend  31   30   28
        0.1478492326590 bend  27   29   28
        0.1441833130612 bend  27   30   28
       -0.4016446338677 bend  27   31   28
  55 k  0.0133040691674 bend  30   29   28      val=   0.05556
       -0.6415121802423 bend  31   29   28
        0.6634816914103 bend  31   30   28
       -0.2820158850898 bend  27   29   28
        0.2616905074463 bend  27   30   28
       -0.0078922986062 bend  27   31   28
  56 k -0.3625922200178 bend  30   29   28      val=  -0.19711
        0.1068148131021 bend  31   29   28
        0.2364344863682 bend  31   30   28
        0.5160238260208 bend  27   29   28
        0.2158606257636 bend  27   30   28
       -0.6988131456721 bend  27   31   28
  57 k -0.0850443698767 bend  30   29   28      val=   0.84055
        0.3041856376755 bend  31   29   28
       -0.2239311909518 bend  31   30   28
       -0.5450209282303 bend  27   29   28
        0.7254733145701 bend  27   30   28
       -0.1635054504925 bend  27   31   28
  58 k  0.3333333333333 tors  34   32   27   25 val=  64.01244
        0.3333333333333 tors  34   32   27   28
        0.3333333333333 tors  34   32   27   36
        0.3333333333333 tors  35   32   27   25
        0.3333333333333 tors  35   32   27   28
        0.3333333333333 tors  35   32   27   36
        0.3333333333333 tors  33   32   27   25
        0.3333333333333 tors  33   32   27   28
        0.3333333333333 tors  33   32   27   36
  59 k  1.0000000000000 stre  32   34           val=   2.06540
  60 k  1.0000000000000 stre  32   35           val=   2.06623
  61 k  1.0000000000000 stre  32   33           val=   2.07096
  62 k  0.3902604058015 bend  35   34   32      val=   0.39194
        0.4152464190029 bend  33   34   32
        0.4298968997223 bend  33   35   32
       -0.4104396252492 bend  27   34   32
       -0.4039924332647 bend  27   35   32
       -0.3984787455665 bend  27   33   32
  63 k  0.7491713894500 bend  35   34   32      val=   0.76240
       -0.3766770767356 bend  33   34   32
       -0.3298803320662 bend  33   35   32
        0.1595242799707 bend  27   34   32
        0.1795469311465 bend  27   35   32
       -0.3610408276401 bend  27   33   32
  64 k  0.0316816988978 bend  35   34   32      val=  -0.03351
        0.6358994049495 bend  33   34   32
       -0.6514316735652 bend  33   35   32
        0.2931386755638 bend  27   34   32
       -0.2898983650041 bend  27   35   32
       -0.0171361101936 bend  27   33   32
  65 k -0.3170427295843 bend  35   34   32      val=  -0.34675
        0.2882042196285 bend  33   34   32
        0.0240318422446 bend  33   35   32
        0.0388252745369 bend  27   34   32
        0.6214686813737 bend  27   35   32
       -0.6543041969093 bend  27   33   32
  66 k -0.1606462741159 bend  35   34   32      val=   0.39146
       -0.1797904892383 bend  33   34   32
        0.3403891650680 bend  33   35   32
        0.7427354860710 bend  27   34   32
       -0.4062398839868 bend  27   35   32
       -0.3306304966056 bend  27   33   32
  67 k  1.0000000000000 stre  36   38           val=   2.07026
  68 k  1.0000000000000 stre  36   37           val=   2.07260
  69 k  0.1458083436142 bend  37   38   36      val=   1.31907
       -0.5280706887116 bend  44   38   36
       -0.5071869462061 bend  44   37   36
        0.4874660697826 bend  27   38   36
        0.4527907983439 bend  27   37   36
  70 k  0.1352963592499 bend  37   38   36      val=   1.57954
       -0.6015238505885 bend  44   38   36
        0.5823080949798 bend  44   37   36
       -0.4043436471783 bend  27   38   36
        0.3424725534324 bend  27   37   36
  71 k  0.8766849389446 bend  37   38   36      val=  -0.35670
       -0.0591526063713 bend  44   38   36
       -0.2249845425134 bend  44   37   36
       -0.2372881909525 bend  27   38   36
       -0.3478516308022 bend  27   37   36
  72 k  0.0083301412893 bend  37   38   36      val=  -0.45272
        0.3632253237236 bend  44   38   36
       -0.3916991322582 bend  44   37   36
       -0.5841271998242 bend  27   38   36
        0.6110361504573 bend  27   37   36
  73 k  0.3333333333333 tors  43   45   40   25 val=  65.26432
        0.3333333333333 tors  43   45   40   44
        0.3333333333333 tors  43   45   40   46
        0.3333333333333 tors  42   45   40   25
        0.3333333333333 tors  42   45   40   44
        0.3333333333333 tors  42   45   40   46
        0.3333333333333 tors  41   45   40   25
        0.3333333333333 tors  41   45   40   44
        0.3333333333333 tors  41   45   40   46
  74 k  1.0000000000000 stre  45   43           val=   2.06553
  75 k  1.0000000000000 stre  45   42           val=   2.06778
  76 k  1.0000000000000 stre  45   41           val=   2.07059
  77 k -0.3334633730713 bend  42   43   45      val=   0.37129
       -0.4450055938777 bend  41   43   45
       -0.4372699421232 bend  41   42   45
        0.4136779749560 bend  40   43   45
        0.4204504537477 bend  40   42   45
        0.3894343936181 bend  40   41   45
  78 k  0.7600395985923 bend  42   43   45      val=   1.91049
       -0.4266434724655 bend  41   43   45
       -0.1981303881574 bend  41   42   45
        0.0971330230248 bend  40   43   45
        0.2069136181309 bend  40   42   45
       -0.3857608530332 bend  40   41   45
  79 k  0.1408319379617 bend  42   43   45      val=   1.15284
        0.5826013865687 bend  41   43   45
       -0.7011193310101 bend  41   42   45
        0.2978263003208 bend  40   43   45
       -0.2385482124902 bend  40   42   45
       -0.0597320555240 bend  40   41   45
  80 k -0.3494033913454 bend  42   43   45      val=  -0.93173
        0.0830059753922 bend  41   43   45
        0.2466504880839 bend  41   42   45
        0.5640633040824 bend  40   43   45
        0.1474590717036 bend  40   42   45
       -0.6857690763322 bend  40   41   45
  81 k -0.1221803389193 bend  42   43   45      val=   0.81606
        0.3214510527700 bend  41   43   45
       -0.2009891895086 bend  41   42   45
       -0.5005612270882 bend  40   43   45
        0.7350136492586 bend  40   42   45
       -0.2248064155998 bend  40   41   45
  82 k  1.0000000000000 stre  44   47           val=   2.06852
  83 k  1.0000000000000 stre  44   48           val=   2.07182
  84 k  0.1708000179190 bend  48   47   44      val=   1.73480
       -0.5086695524877 bend  36   47   44
       -0.5298962471788 bend  36   48   44
        0.4333638535525 bend  40   47   44
        0.4934454153307 bend  40   48   44
  85 k  0.1855998943230 bend  48   47   44      val=   2.27241
        0.5699747087989 bend  36   47   44
       -0.6005199618540 bend  36   48   44
        0.3313872152453 bend  40   47   44
       -0.4126012597458 bend  40   48   44
  86 k -0.8577548691819 bend  48   47   44      val=   1.46320
        0.2437243776042 bend  36   47   44
        0.0223057487060 bend  36   48   44
        0.3887942005775 bend  40   47   44
        0.2306437411422 bend  40   48   44
  87 k  0.0167214487649 bend  48   47   44      val=  -1.39538
       -0.4043026171085 bend  36   47   44
        0.3564915082988 bend  36   48   44
        0.6126450077592 bend  40   47   44
       -0.5777886169951 bend  40   48   44
  88 k  0.3333333333333 tors  49   46   40   25 val=  58.44778
        0.3333333333333 tors  49   46   40   44
        0.3333333333333 tors  49   46   40   45
        0.3333333333333 tors  51   46   40   25
        0.3333333333333 tors  51   46   40   44
        0.3333333333333 tors  51   46   40   45
        0.3333333333333 tors  50   46   40   25
        0.3333333333333 tors  50   46   40   44
        0.3333333333333 tors  50   46   40   45
  89 k  1.0000000000000 stre  46   49           val=   2.06518
  90 k  1.0000000000000 stre  46   51           val=   2.06664
  91 k  1.0000000000000 stre  46   50           val=   2.07091
  92 k  0.3701471802614 bend  51   49   46      val=   0.56620
        0.4296875845065 bend  50   49   46
        0.4366937247741 bend  50   51   46
       -0.4104276128164 bend  40   49   46
       -0.4062338658814 bend  40   51   46
       -0.3926594660229 bend  40   50   46
  93 k  0.7572048756961 bend  51   49   46      val=   1.34032
       -0.3084345109020 bend  50   49   46
       -0.3657615743542 bend  50   51   46
        0.1814764774772 bend  40   49   46
        0.1512808483374 bend  40   51   46
       -0.3767065070867 bend  40   50   46
  94 k  0.0336282404237 bend  51   49   46      val=   0.38033
       -0.6630507171291 bend  50   49   46
        0.6276314567444 bend  50   51   46
       -0.2773428143730 bend  40   49   46
        0.2970135823030 bend  40   51   46
       -0.0132490644464 bend  40   50   46
  95 k -0.3555911086053 bend  51   49   46      val=  -0.08694
        0.2381266390720 bend  50   49   46
        0.1070358472300 bend  50   51   46
        0.2116006690239 bend  40   49   46
        0.5117551971859 bend  40   51   46
       -0.7062051894986 bend  40   50   46
  96 k -0.0861569691299 bend  51   49   46      val=   0.34898
       -0.2369491770353 bend  50   49   46
        0.3230627557533 bend  50   51   46
        0.7142175564660 bend  40   49   46
       -0.5424014143881 bend  40   51   46
       -0.1666028442833 bend  40   50   46
  97 k  1.0000000000000 stre   1    5           val=   2.83265
  98 k -0.7072209997489 bend   4    5    1      val=   1.36817
        0.7068176826884 bend   2    5    1
        0.0157232615311 bend  25    5    1
  99 k -0.0433119460507 bend   4    5    1      val= 104.69681
       -0.0655130959143 bend   2    5    1
        0.9969112847155 bend  25    5    1
 100 k  1.0000000000000 stre   4    9           val=   2.82787
 101 k -0.7069791321512 bend   1    9    4      val=   1.82645
        0.7064119066889 bend   3    9    4
        0.0340987505754 bend  25    9    4
 102 k -0.0034151164456 bend   1    9    4      val= 112.38593
       -0.0516235646784 bend   3    9    4
        0.9986607755137 bend  25    9    4
 103 k  1.0000000000000 stre   3   13           val=   2.82969
 104 k -0.7070720251705 bend  39   13    3      val=   1.20413
        0.7065637779302 bend   4   13    3
        0.0285793446088 bend  25   13    3
 105 k -0.0061274467795 bend  39   13    3      val= 113.15952
       -0.0465356316754 bend   4   13    3
        0.9988978373090 bend  25   13    3
 106 k  1.0000000000000 stre  39   17           val=   2.83206
 107 k -0.7072125711029 bend   3   17   39      val=   1.32277
        0.7067934940300 bend   2   17   39
        0.0171270566891 bend  25   17   39
 108 k -0.0360630129838 bend   3   17   39      val= 106.94101
       -0.0602566248727 bend   2   17   39
        0.9975312517678 bend  25   17   39
 109 k  1.0000000000000 stre   2   21           val=   2.83309
 110 k  0.7069103825125 bend  39   21    2      val=   0.55130
       -0.7072637866932 bend   1   21    2
        0.0074597002931 bend  25   21    2
 111 k -0.1101164382359 bend  39   21    2      val=  85.58536
       -0.0996310904364 bend   1   21    2
        0.9889125420626 bend  25   21    2
 112 k  1.0000000000000 stre  27   28           val=   3.47779
 113 k  1.0000000000000 stre  27   32           val=   3.48503
 114 k  0.2331698361256 bend  32   28   27      val=   4.40065
       -0.4457533913362 bend  25   28   27
       -0.5105618065698 bend  25   32   27
        0.5239429044447 bend  36   28   27
        0.4601589031929 bend  36   32   27
 115 k  0.0130115462133 bend  32   28   27      val=   0.26062
       -0.5763613471720 bend  25   28   27
        0.5118450070927 bend  25   32   27
       -0.4188022304758 bend  36   28   27
        0.4798517246129 bend  36   32   27
 116 k -0.8660018486096 bend  32   28   27      val=   5.46919
        0.1467226030536 bend  25   28   27
        0.1068977611057 bend  25   32   27
        0.3051941509440 bend  36   28   27
        0.3520549315917 bend  36   32   27
 117 k -0.0348369413653 bend  32   28   27      val=   2.85098
       -0.4370416071470 bend  25   28   27
        0.4629563106322 bend  25   32   27
        0.5597021913598 bend  36   28   27
       -0.5293259228222 bend  36   32   27
 118 k  1.0000000000000 stre  40   45           val=   3.46948
 119 k  1.0000000000000 stre  40   46           val=   3.48714
 120 k  0.2338793241678 bend  46   45   40      val=   4.84432
       -0.4634183108202 bend  25   45   40
       -0.4939555824560 bend  25   46   40
        0.5108137350907 bend  44   45   40
        0.4749959384317 bend  44   46   40
 121 k  0.0110630623825 bend  46   45   40      val=   0.22297
       -0.5516331454570 bend  25   45   40
        0.5169966235822 bend  25   46   40
       -0.4486363871339 bend  44   45   40
        0.4764644423542 bend  44   46   40
 122 k -0.8584203881619 bend  46   45   40      val=   7.83880
        0.1395882520877 bend  25   45   40
        0.1326101735891 bend  25   46   40
        0.3267767064466 bend  44   45   40
        0.3453419798572 bend  44   46   40
 123 k -0.0107593684097 bend  46   45   40      val=   1.17266
       -0.4568139167359 bend  25   45   40
        0.4689542932175 bend  25   46   40
        0.5378139021729 bend  44   45   40
       -0.5310775451573 bend  44   46   40
 124 k  1.0000000000000 stre  25   40           val=   4.27552
 125 k  1.0000000000000 stre  40   44           val=   3.50158
 126 k  1.0000000000000 stre  44   36           val=   2.89539
 127 k  1.0000000000000 stre  36   27           val=   3.54042
 128 k  1.0000000000000 stre  27   25           val=   4.29141
 129 k -0.5116672736017 bend  25   44   40      val=  -8.76931
        0.1954395075848 bend  40   36   44
        0.1954395075849 bend  44   27   36
       -0.5116672736017 bend  36   25   27
        0.6324555320337 bend  27   40   25
 130 k  0.3717480344602 bend  25   44   40      val=  -0.07630
       -0.6015009550075 bend  40   36   44
        0.6015009550075 bend  44   27   36
       -0.3717480344602 bend  36   25   27
 131 k -0.5116672736017 tors  44   36   27   25 val=  30.89242
        0.1954395075848 tors  36   27   25   40
        0.1954395075849 tors  27   25   40   44
       -0.5116672736017 tors  25   40   44   36
        0.6324555320337 tors  40   44   36   27
 132 k  0.3717480344602 tors  44   36   27   25 val=  15.75538
       -0.6015009550075 tors  36   27   25   40
        0.6015009550075 tors  27   25   40   44
       -0.3717480344602 tors  25   40   44   36
 133 k  0.3065997636280 bend   2   40   25      val=  10.13587
       -0.2329326272581 bend   2   27   25
        0.4441233145153 bend   3   40   25
       -0.4443588227471 bend   4   27   25
        0.4640835021710 bend  39   40   25
       -0.1205276760310 bend  39   27   25
        0.2208947771411 bend   1   40   25
       -0.4223076769462 bend   1   27   25
 134 k  0.4246212147085 bend   2   40   25      val= 118.61922
        0.4765639810261 bend   2   27   25
       -0.0593064993864 bend   3   40   25
        0.0237610311494 bend   4   27   25
        0.2134489571838 bend  39   40   25
        0.4968784317770 bend  39   27   25
        0.4596176116666 bend   1   40   25
        0.2912125792185 bend   1   27   25
 135 k  0.3671854426859 bend   2   40   25      val=   5.87611
       -0.3565811470608 bend   2   27   25
       -0.3686347533108 bend   3   40   25
        0.3806520908546 bend   4   27   25
       -0.0174297946162 bend  39   40   25
       -0.4844148726258 bend  39   27   25
        0.4697717978793 bend   1   40   25
        0.0398752050229 bend   1   27   25
 136 k  0.5000000000000 tors   3   25    1    2 val=  -0.52976
        0.5000000000000 tors   3   25    1    4
        0.5000000000000 tors  39   25    1    2
        0.5000000000000 tors  39   25    1    4
 137 k  0.5000000000000 tors   3   25    2    1 val=  -0.35313
        0.5000000000000 tors   3   25    2   39
        0.5000000000000 tors   4   25    2    1
        0.5000000000000 tors   4   25    2   39
 138 k  0.5000000000000 tors   1   25    3    4 val=   0.33053
        0.5000000000000 tors   1   25    3   39
        0.5000000000000 tors   2   25    3    4
        0.5000000000000 tors   2   25    3   39
 139 k  0.5000000000000 tors   2   25    4    1 val=   0.40037
        0.5000000000000 tors   2   25    4    3
        0.5000000000000 tors  39   25    4    1
        0.5000000000000 tors  39   25    4    3
 140 k  0.5000000000000 tors   2   39   25    1 val=   0.15001
        0.5000000000000 tors   2   39   25    4
        0.5000000000000 tors   3   39   25    1
        0.5000000000000 tors   3   39   25    4
 141 k  1.0000000000000 stre   1    4           val=   2.68987
 142 k  1.0000000000000 stre   1    2           val=   2.74363
 143 k  1.0000000000000 stre   1   25           val=   4.21961
 144 k  1.0000000000000 stre   4   25           val=   4.19839
 145 k  1.0000000000000 stre   2   25           val=   4.13120
 146 k  1.0000000000000 bend   2    4    1      val= 108.30538
 147 k  1.0000000000000 stre   2   39           val=   2.73213
 148 k  1.0000000000000 stre  39   25           val=   4.15209
 149 k  1.0000000000000 bend   1   39    2      val= 107.21318
 150 k  1.0000000000000 stre   3   39           val=   2.70790
 151 k  1.0000000000000 stre   3    4           val=   2.75087
 152 k  1.0000000000000 stre   3   25           val=   4.15981
 153 k  1.0000000000000 bend   4   39    3      val= 107.38931
 154 k  1.0000000000000 bend   3    1    4      val= 108.36508
 155 k  0.4528666506038 bend   3    2   25      val=  63.78278
        0.4521057302676 bend   4    2   25
        0.4448611678950 bend  39    4   25
        0.4437653034887 bend   1    3   25
        0.4423608279999 bend   1   39   25
 156 k -0.5827564410480 bend   3    2   25      val=   0.34720
       -0.4066856758246 bend   4    2   25
        0.3403626981489 bend  39    4   25
        0.0566288854199 bend   1    3   25
        0.6131460629744 bend   1   39   25
 157 k  0.2443366658031 bend   3    2   25      val=   0.20541
       -0.4846980348469 bend   4    2   25
       -0.5336693022111 bend  39    4   25
        0.6312353348983 bend   1    3   25
        0.1486823345697 bend   1   39   25
 158 k -0.6003588338733 bend   3    2   25      val=  -0.12046
        0.5985927061026 bend   4    2   25
       -0.3721930561427 bend  39    4   25
        0.3777895348780 bend   1    3   25
       -0.0018544775639 bend   1   39   25
 159 k -0.1875515703013 bend   3    2   25      val=   0.03251
       -0.1922544068537 bend   4    2   25
        0.5127584029975 bend  39    4   25
        0.5086084388488 bend   1    3   25
       -0.6373844425542 bend   1   39   25
 160 k  1.0000000000000 bend   2    3   39      val= 108.64095
       147 non zero eigenvalues  of BmBt
           1           4.925026639    1    0
         1
           2           4.325177918    2    0
         2
           3           4.054978123    3    0
         3
           4           3.918036592    4    0
         4
           5           3.825893787    5    0
         5
           6           3.720674164    6    0
         6
           7           3.695301309    7    0
         7
           8           3.690169837    8    0
         8
           9           3.626398145    9    0
         9
          10           3.535315358   10    0
        10
          11           3.510655846   11    0
        11
          12           3.509245142   12    0
        12
          13           3.502237622   13    0
        13
          14           3.480323259   14    0
        14
          15           3.463420069   15    0
        15
          16           3.429820669   16    0
        16
          17           3.426023918   17    0
        17
          18           3.399749964   18    0
        18
          19           3.259894235   19    0
        19
          20           3.242299379   20    0
        20
          21           3.238040849   21    0
        21
          22           3.218196824   22    0
        22
          23           3.208100070   23    0
        23
          24           3.204300642   24    0
        24
          25           3.189126562   25    0
        25
          26           3.172197811   26    0
        26
          27           3.117446093   27    0
        27
          28           3.109630621   28    0
        28
          29           3.077982273   29    0
        29
          30           3.060752702   30    0
        30
          31           3.005518787   31    0
        31
          32           2.972129709   32    0
        32
          33           2.776113737   33    0
        33
          34           2.696836738   34    0
        34
          35           2.458104722   35    0
        35
          36           2.198949076   36    0
        36
          37           1.887276603   37    0
        37
          38           1.836211474   38    0
        38
          39           1.612530345   39    0
        39
          40           1.539431090   40    0
        40
          41           1.534969056   41    0
        41
          42           1.523524901   42    0
        42
          43           1.492737445   43    0
        43
          44           1.371410932   44    0
        44
          45           1.296737265   45    0
        45
          46           1.222378324   46    0
        46
          47           1.209292749   47    0
        47
          48           1.062393760   48    0
        48
          49           1.043338726   49    0
        49
          50           1.031576123   50    0
        50
          51           1.005777142   51    0
        51
          52           0.995468960   52    0
        52
          53           0.898766701   53    0
        53
          54           0.896685544   54    0
        54
          55           0.867606756   55    0
        55
          56           0.862636862   56    0
        56
          57           0.858161711   57    0
        57
          58           0.847186796   58    0
        58
          59           0.822408560   59    0
        59
          60           0.813572773   60    0
        60
          61           0.785237499   61    0
        61
          62           0.784052099   62    0
        62
          63           0.780148840   63    0
        63
          64           0.757184027   64    0
        64
          65           0.745668670   65    0
        65
          66           0.724492651   66    0
        66
          67           0.703249321   67    0
        67
          68           0.700784071   68    0
        68
          69           0.699246375   69    0
        69
          70           0.693832463   70    0
        70
          71           0.692562568   71    0
        71
          72           0.686505531   72    0
        72
          73           0.686094833   73    0
        73
          74           0.684940757   74    0
        74
          75           0.683696332   75    0
        75
          76           0.680614187   76    0
        76
          77           0.680193030   77    0
        77
          78           0.679775143   78    0
        78
          79           0.679539968   79    0
        79
          80           0.679294840   80    0
        80
          81           0.677970270   81    0
        81
          82           0.677216366   82    0
        82
          83           0.675553968   83    0
        83
          84           0.674824702   84    0
        84
          85           0.672856973   85    0
        85
          86           0.662981736   86    0
        86
          87           0.656826993   87    0
        87
          88           0.644061395   88    0
        88
          89           0.632800884   89    0
        89
          90           0.627164168   90    0
        90
          91           0.601981045   91    0
        91
          92           0.557139131   92    0
        92
          93           0.462178319   93    0
        93
          94           0.460280835   94    0
        94
          95           0.442768527   95    0
        95
          96           0.441685788   96    0
        96
          97           0.358264498   97    0
        97
          98           0.345400217   98    0
        98
          99           0.339880974   99    0
        99
         100           0.335998942  100    0
       100
         101           0.329667461  101    0
       101
         102           0.313398073  102    0
       102
         103           0.310545282  103    0
       103
         104           0.302027861  104    0
       104
         105           0.296150221  105    0
       105
         106           0.292634326  106    0
       106
         107           0.277784256  107    0
       107
         108           0.265297107  108    0
       108
         109           0.247533116  109    0
       109
         110           0.244769403  110    0
       110
         111           0.201963812  111    0
       111
         112           0.196714997  112    0
       112
         113           0.169265582  113    0
       113
         114           0.141998710  114    0
       114
         115           0.113819019  115    0
       115
         116           0.112564734  116    0
       116
         117           0.105532951  117    0
       117
         118           0.101378519  118    0
       118
         119           0.090701438  119    0
       119
         120           0.084831889  120    0
       120
         121           0.080232683  121    0
       121
         122           0.074385822  122    0
       122
         123           0.071669860  123    0
       123
         124           0.068569053  124    0
       124
         125           0.063034717  125    0
       125
         126           0.046654414  126    0
       126
         127           0.040150192  127    0
       127
         128           0.036911294  128    0
       128
         129           0.031728619  129    0
       129
         130           0.024319534  130    0
       130
         131           0.016707731  131    0
       131
         132           0.015748332  132    0
       132
         133           0.013319402  133    0
       133
         134           0.004670459  134    0
       134
         135           0.003210571  135    0
       135
         136           0.488263795    0    0
         0.000000000         0.000000000         0.000000000         0.000000000
         0.000000000         0.000000000         0.000000000         0.000000000
         0.000000000         0.000000000         0.000000000         0.000000000
         0.000000000         0.000000000         0.000000000         0.000000000
         0.000000000         0.000000000         0.000000000         0.000000000
         0.000000000         0.000000000         0.000000000         0.000000000
         0.000000000         0.000000000         0.000000000         0.000000000
         0.000000000         0.000000000         0.000000000         0.000000000
         0.000000000         0.000000000         0.000000000         0.000000000
         0.000000000         0.000000000         0.000000000         0.000000000
         0.000000000         0.000000000         0.000000000         0.000000000
         0.000000000         0.000000000         0.000000000         0.000000000
         0.000000000         0.000000000         0.000000000         0.000000000
         0.000000000         0.000000000         0.000000000         0.000000000
         0.000000000         0.000000000         0.000000000         0.000000000
         0.000000000         0.000000000         0.000000000         0.000000000
         0.000000000         0.000000000         0.000000000         0.000000000
         0.000000000         0.000000000         0.000000000         0.000000000
         0.000000000         0.000000000         0.000000000         0.000000000
         0.000000000         0.000000000         0.000000000         0.000000000
         0.000000000         0.000000000         0.000000000         0.000000000
         0.000000000         0.000000000         0.000000000         0.000000000
         0.000000000         0.000000000         0.000000000         0.000000000
         0.000000000         0.000000000         0.000000000         0.000000000
         0.000000000         0.000000000         0.000000000         0.000000000
         0.000000000         0.000000000         0.000000000         0.000000000
         0.000000000         0.000000000         0.000000000         0.000000000
         0.000000000         0.000000000         0.000000000         0.000000000
         0.000000000         0.000000000         0.000000000         0.000000000
         0.000000000         0.000000000         0.000000000         0.000000000
         0.000000000         0.000000000         0.000000000         0.000000000
         0.000000000         0.000000000         0.000000000         0.000000000
         0.000000000         0.000000000         0.000000000         0.000000000
         0.000000000         0.000000000         0.000000000        -0.083469932
        -0.000501333        -0.103232541         0.103026333         0.084302734
        -0.024564453        -0.325730219        -0.399068285        -0.225464475
        -0.203898251         0.068733153        -0.323795296        -0.400191250
        -0.080951880        -0.027604470        -0.513598724        -0.226987146
        -0.022673151        -0.025904286        -0.053996444        -0.070339992
        -0.017709633        -0.000044953        -0.005852273         0.067434074
         137           0.471074022    0    0
         0.000000000         0.000000000         0.000000000         0.000000000
         0.000000000         0.000000000         0.000000000         0.000000000
         0.000000000         0.000000000         0.000000000         0.000000000
         0.000000000         0.000000000         0.000000000         0.000000000
         0.000000000         0.000000000         0.000000000         0.000000000
         0.000000000         0.000000000         0.000000000         0.000000000
         0.000000000         0.000000000         0.000000000         0.000000000
         0.000000000         0.000000000         0.000000000         0.000000000
         0.000000000         0.000000000         0.000000000         0.000000000
         0.000000000         0.000000000         0.000000000         0.000000000
         0.000000000         0.000000000         0.000000000         0.000000000
         0.000000000         0.000000000         0.000000000         0.000000000
         0.000000000         0.000000000         0.000000000         0.000000000
         0.000000000         0.000000000         0.000000000         0.000000000
         0.000000000         0.000000000         0.000000000         0.000000000
         0.000000000         0.000000000         0.000000000         0.000000000
         0.000000000         0.000000000         0.000000000         0.000000000
         0.000000000         0.000000000         0.000000000         0.000000000
         0.000000000         0.000000000         0.000000000         0.000000000
         0.000000000         0.000000000         0.000000000         0.000000000
         0.000000000         0.000000000         0.000000000         0.000000000
         0.000000000         0.000000000         0.000000000         0.000000000
         0.000000000         0.000000000         0.000000000         0.000000000
         0.000000000         0.000000000         0.000000000         0.000000000
         0.000000000         0.000000000         0.000000000         0.000000000
         0.000000000         0.000000000         0.000000000         0.000000000
         0.000000000         0.000000000         0.000000000         0.000000000
         0.000000000         0.000000000         0.000000000         0.000000000
         0.000000000         0.000000000         0.000000000         0.000000000
         0.000000000         0.000000000         0.000000000         0.000000000
         0.000000000         0.000000000         0.000000000         0.000000000
         0.000000000         0.000000000         0.000000000         0.000000000
         0.000000000         0.000000000         0.000000000         0.000000000
         0.000000000         0.000000000         0.000000000        -0.185700746
         0.206604978         0.063592053         0.070618058        -0.181532904
         0.312215283        -0.490865176         0.137077394        -0.223501297
         0.011178882        -0.084490968         0.493948809        -0.137580422
        -0.004179545        -0.295334805        -0.004150726         0.229801617
        -0.140013818         0.137728941         0.000774186        -0.032828297
         0.124594363        -0.000823999         0.000197832         0.090857024
         138           0.447744293    0    0
         0.000000000         0.000000000         0.000000000         0.000000000
         0.000000000         0.000000000         0.000000000         0.000000000
         0.000000000         0.000000000         0.000000000         0.000000000
         0.000000000         0.000000000         0.000000000         0.000000000
         0.000000000         0.000000000         0.000000000         0.000000000
         0.000000000         0.000000000         0.000000000         0.000000000
         0.000000000         0.000000000         0.000000000         0.000000000
         0.000000000         0.000000000         0.000000000         0.000000000
         0.000000000         0.000000000         0.000000000         0.000000000
         0.000000000         0.000000000         0.000000000         0.000000000
         0.000000000         0.000000000         0.000000000         0.000000000
         0.000000000         0.000000000         0.000000000         0.000000000
         0.000000000         0.000000000         0.000000000         0.000000000
         0.000000000         0.000000000         0.000000000         0.000000000
         0.000000000         0.000000000         0.000000000         0.000000000
         0.000000000         0.000000000         0.000000000         0.000000000
         0.000000000         0.000000000         0.000000000         0.000000000
         0.000000000         0.000000000         0.000000000         0.000000000
         0.000000000         0.000000000         0.000000000         0.000000000
         0.000000000         0.000000000         0.000000000         0.000000000
         0.000000000         0.000000000         0.000000000         0.000000000
         0.000000000         0.000000000         0.000000000         0.000000000
         0.000000000         0.000000000         0.000000000         0.000000000
         0.000000000         0.000000000         0.000000000         0.000000000
         0.000000000         0.000000000         0.000000000         0.000000000
         0.000000000         0.000000000         0.000000000         0.000000000
         0.000000000         0.000000000         0.000000000         0.000000000
         0.000000000         0.000000000         0.000000000         0.000000000
         0.000000000         0.000000000         0.000000000         0.000000000
         0.000000000         0.000000000         0.000000000         0.000000000
         0.000000000         0.000000000         0.000000000         0.000000000
         0.000000000         0.000000000         0.000000000         0.000000000
         0.000000000         0.000000000         0.000000000         0.000000000
         0.000000000         0.000000000         0.000000000        -0.147198988
        -0.004779734        -0.147975349         0.145151242         0.155473330
         0.498122527         0.014972232        -0.030126630         0.373848424
         0.172810554         0.108002722        -0.000226738        -0.032093056
        -0.108167742         0.502617765        -0.235542258         0.360603152
        -0.039938793        -0.052016952         0.048926305        -0.106546717
        -0.029583491        -0.000040826        -0.018295440         0.102455205
         139           0.306436822    0    0
         0.000000000         0.000000000         0.000000000         0.000000000
         0.000000000         0.000000000         0.000000000         0.000000000
         0.000000000         0.000000000         0.000000000         0.000000000
         0.000000000         0.000000000         0.000000000         0.000000000
         0.000000000         0.000000000         0.000000000         0.000000000
         0.000000000         0.000000000         0.000000000         0.000000000
         0.000000000         0.000000000         0.000000000         0.000000000
         0.000000000         0.000000000         0.000000000         0.000000000
         0.000000000         0.000000000         0.000000000         0.000000000
         0.000000000         0.000000000         0.000000000         0.000000000
         0.000000000         0.000000000         0.000000000         0.000000000
         0.000000000         0.000000000         0.000000000         0.000000000
         0.000000000         0.000000000         0.000000000         0.000000000
         0.000000000         0.000000000         0.000000000         0.000000000
         0.000000000         0.000000000         0.000000000         0.000000000
         0.000000000         0.000000000         0.000000000         0.000000000
         0.000000000         0.000000000         0.000000000         0.000000000
         0.000000000         0.000000000         0.000000000         0.000000000
         0.000000000         0.000000000         0.000000000         0.000000000
         0.000000000         0.000000000         0.000000000         0.000000000
         0.000000000         0.000000000         0.000000000         0.000000000
         0.000000000         0.000000000         0.000000000         0.000000000
         0.000000000         0.000000000         0.000000000         0.000000000
         0.000000000         0.000000000         0.000000000         0.000000000
         0.000000000         0.000000000         0.000000000         0.000000000
         0.000000000         0.000000000         0.000000000         0.000000000
         0.000000000         0.000000000         0.000000000         0.000000000
         0.000000000         0.000000000         0.000000000         0.000000000
         0.000000000         0.000000000         0.000000000         0.000000000
         0.000000000         0.000000000         0.000000000         0.000000000
         0.000000000         0.000000000         0.000000000         0.000000000
         0.000000000         0.000000000         0.000000000         0.000000000
         0.000000000         0.000000000         0.000000000         0.000000000
         0.000000000         0.000000000         0.000000000         0.056936155
        -0.008655003         0.054301100        -0.057458791        -0.045504505
         0.286524811        -0.139258130         0.262183135        -0.095285204
        -0.241183159        -0.299929765        -0.047162432         0.320882454
         0.391004565         0.225686746        -0.348073528        -0.203319643
         0.189837844         0.073993496        -0.013255847         0.095176836
         0.010892629        -0.000193994         0.005590302        -0.372190989
         140           0.304522716    0    0
         0.000000000         0.000000000         0.000000000         0.000000000
         0.000000000         0.000000000         0.000000000         0.000000000
         0.000000000         0.000000000         0.000000000         0.000000000
         0.000000000         0.000000000         0.000000000         0.000000000
         0.000000000         0.000000000         0.000000000         0.000000000
         0.000000000         0.000000000         0.000000000         0.000000000
         0.000000000         0.000000000         0.000000000         0.000000000
         0.000000000         0.000000000         0.000000000         0.000000000
         0.000000000         0.000000000         0.000000000         0.000000000
         0.000000000         0.000000000         0.000000000         0.000000000
         0.000000000         0.000000000         0.000000000         0.000000000
         0.000000000         0.000000000         0.000000000         0.000000000
         0.000000000         0.000000000         0.000000000         0.000000000
         0.000000000         0.000000000         0.000000000         0.000000000
         0.000000000         0.000000000         0.000000000         0.000000000
         0.000000000         0.000000000         0.000000000         0.000000000
         0.000000000         0.000000000         0.000000000         0.000000000
         0.000000000         0.000000000         0.000000000         0.000000000
         0.000000000         0.000000000         0.000000000         0.000000000
         0.000000000         0.000000000         0.000000000         0.000000000
         0.000000000         0.000000000         0.000000000         0.000000000
         0.000000000         0.000000000         0.000000000         0.000000000
         0.000000000         0.000000000         0.000000000         0.000000000
         0.000000000         0.000000000         0.000000000         0.000000000
         0.000000000         0.000000000         0.000000000         0.000000000
         0.000000000         0.000000000         0.000000000         0.000000000
         0.000000000         0.000000000         0.000000000         0.000000000
         0.000000000         0.000000000         0.000000000         0.000000000
         0.000000000         0.000000000         0.000000000         0.000000000
         0.000000000         0.000000000         0.000000000         0.000000000
         0.000000000         0.000000000         0.000000000         0.000000000
         0.000000000         0.000000000         0.000000000         0.000000000
         0.000000000         0.000000000         0.000000000         0.000000000
         0.000000000         0.000000000         0.000000000        -0.031374616
         0.065762828         0.013149869        -0.002358233        -0.045765851
        -0.152822079         0.266555425         0.192543703        -0.399031004
        -0.038838704        -0.283101816        -0.298868422        -0.107335955
         0.059928246         0.237749954        -0.055712443         0.359607922
        -0.359069311         0.398551600        -0.002215649        -0.004799969
         0.078872666         0.004949722         0.000735855         0.180632389
         141           0.205632545    0    0
         0.000000000         0.000000000         0.000000000         0.000000000
         0.000000000         0.000000000         0.000000000         0.000000000
         0.000000000         0.000000000         0.000000000         0.000000000
         0.000000000         0.000000000         0.000000000         0.000000000
         0.000000000         0.000000000         0.000000000         0.000000000
         0.000000000         0.000000000         0.000000000         0.000000000
         0.000000000         0.000000000         0.000000000         0.000000000
         0.000000000         0.000000000         0.000000000         0.000000000
         0.000000000         0.000000000         0.000000000         0.000000000
         0.000000000         0.000000000         0.000000000         0.000000000
         0.000000000         0.000000000         0.000000000         0.000000000
         0.000000000         0.000000000         0.000000000         0.000000000
         0.000000000         0.000000000         0.000000000         0.000000000
         0.000000000         0.000000000         0.000000000         0.000000000
         0.000000000         0.000000000         0.000000000         0.000000000
         0.000000000         0.000000000         0.000000000         0.000000000
         0.000000000         0.000000000         0.000000000         0.000000000
         0.000000000         0.000000000         0.000000000         0.000000000
         0.000000000         0.000000000         0.000000000         0.000000000
         0.000000000         0.000000000         0.000000000         0.000000000
         0.000000000         0.000000000         0.000000000         0.000000000
         0.000000000         0.000000000         0.000000000         0.000000000
         0.000000000         0.000000000         0.000000000         0.000000000
         0.000000000         0.000000000         0.000000000         0.000000000
         0.000000000         0.000000000         0.000000000         0.000000000
         0.000000000         0.000000000         0.000000000         0.000000000
         0.000000000         0.000000000         0.000000000         0.000000000
         0.000000000         0.000000000         0.000000000         0.000000000
         0.000000000         0.000000000         0.000000000         0.000000000
         0.000000000         0.000000000         0.000000000         0.000000000
         0.000000000         0.000000000         0.000000000         0.000000000
         0.000000000         0.000000000         0.000000000         0.000000000
         0.000000000         0.000000000         0.000000000         0.000000000
         0.000000000         0.000000000         0.000000000         0.006244741
         0.030508185        -0.020908144        -0.021622438         0.005668515
         0.286895145         0.217591521         0.526165330         0.262265419
         0.002581821        -0.157342026        -0.211144576        -0.516458237
         0.002050897        -0.287419071        -0.004834234        -0.278019826
         0.048455292        -0.043251121        -0.000112530        -0.000523422
         0.004047879         0.011456910        -0.000026527         0.149774132
         142           0.196249424    0    0
         0.000000000         0.000000000         0.000000000         0.000000000
         0.000000000         0.000000000         0.000000000         0.000000000
         0.000000000         0.000000000         0.000000000         0.000000000
         0.000000000         0.000000000         0.000000000         0.000000000
         0.000000000         0.000000000         0.000000000         0.000000000
         0.000000000         0.000000000         0.000000000         0.000000000
         0.000000000         0.000000000         0.000000000         0.000000000
         0.000000000         0.000000000         0.000000000         0.000000000
         0.000000000         0.000000000         0.000000000         0.000000000
         0.000000000         0.000000000         0.000000000         0.000000000
         0.000000000         0.000000000         0.000000000         0.000000000
         0.000000000         0.000000000         0.000000000         0.000000000
         0.000000000         0.000000000         0.000000000         0.000000000
         0.000000000         0.000000000         0.000000000         0.000000000
         0.000000000         0.000000000         0.000000000         0.000000000
         0.000000000         0.000000000         0.000000000         0.000000000
         0.000000000         0.000000000         0.000000000         0.000000000
         0.000000000         0.000000000         0.000000000         0.000000000
         0.000000000         0.000000000         0.000000000         0.000000000
         0.000000000         0.000000000         0.000000000         0.000000000
         0.000000000         0.000000000         0.000000000         0.000000000
         0.000000000         0.000000000         0.000000000         0.000000000
         0.000000000         0.000000000         0.000000000         0.000000000
         0.000000000         0.000000000         0.000000000         0.000000000
         0.000000000         0.000000000         0.000000000         0.000000000
         0.000000000         0.000000000         0.000000000         0.000000000
         0.000000000         0.000000000         0.000000000         0.000000000
         0.000000000         0.000000000         0.000000000         0.000000000
         0.000000000         0.000000000         0.000000000         0.000000000
         0.000000000         0.000000000         0.000000000         0.000000000
         0.000000000         0.000000000         0.000000000         0.000000000
         0.000000000         0.000000000         0.000000000         0.000000000
         0.000000000         0.000000000         0.000000000         0.000000000
         0.000000000         0.000000000         0.000000000         0.069026744
        -0.001468324         0.029825920        -0.025404612        -0.072247290
         0.040296969        -0.226213465        -0.124028827         0.302341929
        -0.664007334        -0.022640320        -0.217206784        -0.142557601
         0.211215907         0.032754388         0.407332894         0.298103551
        -0.085310570        -0.087367389         0.048169114         0.037110370
         0.009072566        -0.000885142         0.016805608        -0.022886870
         143           0.123214696    0    0
         0.000000000         0.000000000         0.000000000         0.000000000
         0.000000000         0.000000000         0.000000000         0.000000000
         0.000000000         0.000000000         0.000000000         0.000000000
         0.000000000         0.000000000         0.000000000         0.000000000
         0.000000000         0.000000000         0.000000000         0.000000000
         0.000000000         0.000000000         0.000000000         0.000000000
         0.000000000         0.000000000         0.000000000         0.000000000
         0.000000000         0.000000000         0.000000000         0.000000000
         0.000000000         0.000000000         0.000000000         0.000000000
         0.000000000         0.000000000         0.000000000         0.000000000
         0.000000000         0.000000000         0.000000000         0.000000000
         0.000000000         0.000000000         0.000000000         0.000000000
         0.000000000         0.000000000         0.000000000         0.000000000
         0.000000000         0.000000000         0.000000000         0.000000000
         0.000000000         0.000000000         0.000000000         0.000000000
         0.000000000         0.000000000         0.000000000         0.000000000
         0.000000000         0.000000000         0.000000000         0.000000000
         0.000000000         0.000000000         0.000000000         0.000000000
         0.000000000         0.000000000         0.000000000         0.000000000
         0.000000000         0.000000000         0.000000000         0.000000000
         0.000000000         0.000000000         0.000000000         0.000000000
         0.000000000         0.000000000         0.000000000         0.000000000
         0.000000000         0.000000000         0.000000000         0.000000000
         0.000000000         0.000000000         0.000000000         0.000000000
         0.000000000         0.000000000         0.000000000         0.000000000
         0.000000000         0.000000000         0.000000000         0.000000000
         0.000000000         0.000000000         0.000000000         0.000000000
         0.000000000         0.000000000         0.000000000         0.000000000
         0.000000000         0.000000000         0.000000000         0.000000000
         0.000000000         0.000000000         0.000000000         0.000000000
         0.000000000         0.000000000         0.000000000         0.000000000
         0.000000000         0.000000000         0.000000000         0.000000000
         0.000000000         0.000000000         0.000000000         0.000000000
         0.000000000         0.000000000         0.000000000         0.280130729
         0.002491304        -0.146589232         0.144257330        -0.280418931
        -0.004680681        -0.441935693         0.129791088         0.038299550
         0.464405936         0.048989026        -0.447419160         0.133062269
         0.147539833        -0.006556844         0.132495441         0.032227322
        -0.118495920        -0.117169565        -0.255980857         0.028260202
         0.008415444         0.001159693         0.117117292         0.051915350
         144           0.110399537    0    0
         0.000000000         0.000000000         0.000000000         0.000000000
         0.000000000         0.000000000         0.000000000         0.000000000
         0.000000000         0.000000000         0.000000000         0.000000000
         0.000000000         0.000000000         0.000000000         0.000000000
         0.000000000         0.000000000         0.000000000         0.000000000
         0.000000000         0.000000000         0.000000000         0.000000000
         0.000000000         0.000000000         0.000000000         0.000000000
         0.000000000         0.000000000         0.000000000         0.000000000
         0.000000000         0.000000000         0.000000000         0.000000000
         0.000000000         0.000000000         0.000000000         0.000000000
         0.000000000         0.000000000         0.000000000         0.000000000
         0.000000000         0.000000000         0.000000000         0.000000000
         0.000000000         0.000000000         0.000000000         0.000000000
         0.000000000         0.000000000         0.000000000         0.000000000
         0.000000000         0.000000000         0.000000000         0.000000000
         0.000000000         0.000000000         0.000000000         0.000000000
         0.000000000         0.000000000         0.000000000         0.000000000
         0.000000000         0.000000000         0.000000000         0.000000000
         0.000000000         0.000000000         0.000000000         0.000000000
         0.000000000         0.000000000         0.000000000         0.000000000
         0.000000000         0.000000000         0.000000000         0.000000000
         0.000000000         0.000000000         0.000000000         0.000000000
         0.000000000         0.000000000         0.000000000         0.000000000
         0.000000000         0.000000000         0.000000000         0.000000000
         0.000000000         0.000000000         0.000000000         0.000000000
         0.000000000         0.000000000         0.000000000         0.000000000
         0.000000000         0.000000000         0.000000000         0.000000000
         0.000000000         0.000000000         0.000000000         0.000000000
         0.000000000         0.000000000         0.000000000         0.000000000
         0.000000000         0.000000000         0.000000000         0.000000000
         0.000000000         0.000000000         0.000000000         0.000000000
         0.000000000         0.000000000         0.000000000         0.000000000
         0.000000000         0.000000000         0.000000000         0.000000000
         0.000000000         0.000000000         0.000000000        -0.094227722
        -0.376645483         0.281715418         0.281201296        -0.090048518
        -0.377737239        -0.216327592         0.312655927         0.131981879
         0.004212910         0.156570424         0.212500870        -0.300622054
        -0.000094438         0.368095596        -0.009941701        -0.127174155
        -0.092604867         0.096345537        -0.007715094         0.004365297
        -0.018258816        -0.148841075        -0.000116832        -0.160637199
         145           0.091927414    0    0
         0.000000000         0.000000000         0.000000000         0.000000000
         0.000000000         0.000000000         0.000000000         0.000000000
         0.000000000         0.000000000         0.000000000         0.000000000
         0.000000000         0.000000000         0.000000000         0.000000000
         0.000000000         0.000000000         0.000000000         0.000000000
         0.000000000         0.000000000         0.000000000         0.000000000
         0.000000000         0.000000000         0.000000000         0.000000000
         0.000000000         0.000000000         0.000000000         0.000000000
         0.000000000         0.000000000         0.000000000         0.000000000
         0.000000000         0.000000000         0.000000000         0.000000000
         0.000000000         0.000000000         0.000000000         0.000000000
         0.000000000         0.000000000         0.000000000         0.000000000
         0.000000000         0.000000000         0.000000000         0.000000000
         0.000000000         0.000000000         0.000000000         0.000000000
         0.000000000         0.000000000         0.000000000         0.000000000
         0.000000000         0.000000000         0.000000000         0.000000000
         0.000000000         0.000000000         0.000000000         0.000000000
         0.000000000         0.000000000         0.000000000         0.000000000
         0.000000000         0.000000000         0.000000000         0.000000000
         0.000000000         0.000000000         0.000000000         0.000000000
         0.000000000         0.000000000         0.000000000         0.000000000
         0.000000000         0.000000000         0.000000000         0.000000000
         0.000000000         0.000000000         0.000000000         0.000000000
         0.000000000         0.000000000         0.000000000         0.000000000
         0.000000000         0.000000000         0.000000000         0.000000000
         0.000000000         0.000000000         0.000000000         0.000000000
         0.000000000         0.000000000         0.000000000         0.000000000
         0.000000000         0.000000000         0.000000000         0.000000000
         0.000000000         0.000000000         0.000000000         0.000000000
         0.000000000         0.000000000         0.000000000         0.000000000
         0.000000000         0.000000000         0.000000000         0.000000000
         0.000000000         0.000000000         0.000000000         0.000000000
         0.000000000         0.000000000         0.000000000         0.000000000
         0.000000000         0.000000000         0.000000000         0.189904736
        -0.009205347        -0.080338210         0.087135270        -0.187290177
         0.331079338         0.086150208        -0.212968601        -0.351833114
         0.093750249         0.018140297         0.090782521        -0.222661889
         0.096869332         0.344888097         0.383784145        -0.349842445
        -0.056466017        -0.057166996         0.387043673         0.036398292
         0.005951776        -0.001738100         0.076581639         0.010619029
         146           0.066353584    0    0
         0.000000000         0.000000000         0.000000000         0.000000000
         0.000000000         0.000000000         0.000000000         0.000000000
         0.000000000         0.000000000         0.000000000         0.000000000
         0.000000000         0.000000000         0.000000000         0.000000000
         0.000000000         0.000000000         0.000000000         0.000000000
         0.000000000         0.000000000         0.000000000         0.000000000
         0.000000000         0.000000000         0.000000000         0.000000000
         0.000000000         0.000000000         0.000000000         0.000000000
         0.000000000         0.000000000         0.000000000         0.000000000
         0.000000000         0.000000000         0.000000000         0.000000000
         0.000000000         0.000000000         0.000000000         0.000000000
         0.000000000         0.000000000         0.000000000         0.000000000
         0.000000000         0.000000000         0.000000000         0.000000000
         0.000000000         0.000000000         0.000000000         0.000000000
         0.000000000         0.000000000         0.000000000         0.000000000
         0.000000000         0.000000000         0.000000000         0.000000000
         0.000000000         0.000000000         0.000000000         0.000000000
         0.000000000         0.000000000         0.000000000         0.000000000
         0.000000000         0.000000000         0.000000000         0.000000000
         0.000000000         0.000000000         0.000000000         0.000000000
         0.000000000         0.000000000         0.000000000         0.000000000
         0.000000000         0.000000000         0.000000000         0.000000000
         0.000000000         0.000000000         0.000000000         0.000000000
         0.000000000         0.000000000         0.000000000         0.000000000
         0.000000000         0.000000000         0.000000000         0.000000000
         0.000000000         0.000000000         0.000000000         0.000000000
         0.000000000         0.000000000         0.000000000         0.000000000
         0.000000000         0.000000000         0.000000000         0.000000000
         0.000000000         0.000000000         0.000000000         0.000000000
         0.000000000         0.000000000         0.000000000         0.000000000
         0.000000000         0.000000000         0.000000000         0.000000000
         0.000000000         0.000000000         0.000000000         0.000000000
         0.000000000         0.000000000         0.000000000         0.000000000
         0.000000000         0.000000000         0.000000000        -0.131112487
         0.020953441        -0.351534528         0.369213671         0.091714599
         0.003227589        -0.026067451         0.338738050        -0.166954003
        -0.356435609         0.172453182        -0.032101876         0.371526590
        -0.227470671         0.012619283         0.114562949        -0.222604950
        -0.123090395        -0.085864408         0.008280425        -0.311043880
        -0.051997224        -0.000968248         0.035530886         0.192405678
         147           0.063365351    0    0
         0.000000000         0.000000000         0.000000000         0.000000000
         0.000000000         0.000000000         0.000000000         0.000000000
         0.000000000         0.000000000         0.000000000         0.000000000
         0.000000000         0.000000000         0.000000000         0.000000000
         0.000000000         0.000000000         0.000000000         0.000000000
         0.000000000         0.000000000         0.000000000         0.000000000
         0.000000000         0.000000000         0.000000000         0.000000000
         0.000000000         0.000000000         0.000000000         0.000000000
         0.000000000         0.000000000         0.000000000         0.000000000
         0.000000000         0.000000000         0.000000000         0.000000000
         0.000000000         0.000000000         0.000000000         0.000000000
         0.000000000         0.000000000         0.000000000         0.000000000
         0.000000000         0.000000000         0.000000000         0.000000000
         0.000000000         0.000000000         0.000000000         0.000000000
         0.000000000         0.000000000         0.000000000         0.000000000
         0.000000000         0.000000000         0.000000000         0.000000000
         0.000000000         0.000000000         0.000000000         0.000000000
         0.000000000         0.000000000         0.000000000         0.000000000
         0.000000000         0.000000000         0.000000000         0.000000000
         0.000000000         0.000000000         0.000000000         0.000000000
         0.000000000         0.000000000         0.000000000         0.000000000
         0.000000000         0.000000000         0.000000000         0.000000000
         0.000000000         0.000000000         0.000000000         0.000000000
         0.000000000         0.000000000         0.000000000         0.000000000
         0.000000000         0.000000000         0.000000000         0.000000000
         0.000000000         0.000000000         0.000000000         0.000000000
         0.000000000         0.000000000         0.000000000         0.000000000
         0.000000000         0.000000000         0.000000000         0.000000000
         0.000000000         0.000000000         0.000000000         0.000000000
         0.000000000         0.000000000         0.000000000         0.000000000
         0.000000000         0.000000000         0.000000000         0.000000000
         0.000000000         0.000000000         0.000000000         0.000000000
         0.000000000         0.000000000         0.000000000         0.000000000
         0.000000000         0.000000000         0.000000000        -0.273562947
         0.313531655         0.136514550         0.085532960        -0.286619453
        -0.056670311         0.043017521        -0.242362850         0.421689855
         0.021988538        -0.147383972        -0.036358479         0.186395371
         0.016568417         0.064629381        -0.006037222        -0.397038540
        -0.252774928         0.268034460         0.003821744        -0.055357637
         0.320686205        -0.006726136        -0.002923929         0.122580228
$end
