$coord
   -1.66721087217142      1.36212793948663     -1.34517221496981      ru
   -1.30395806559871     -0.32605838099233     -5.32533933996745      cl
   -1.71489348008867      5.20758414014543      0.65495288668378      cl
    1.87112110244211     -0.14289323881668      0.23790816594390      p
   -3.77871534210603     -0.75342021159403      0.41060074864675      c
    2.23239705092839     -0.43426195156204      3.71791121853999      c
    1.75468647740357      2.09245873726479      5.07440441136782      c
    2.47843801289623      1.89738011891194      7.87597914458083      c
    1.02923132685595     -0.24286952118925      9.18629699824601      c
    1.41114109642678     -2.75730766095418      7.79771974688811      c
    0.68470926598290     -2.53558433740369      4.99517812278240      c
    2.83222187130561     -3.23631161898573     -1.12799122595869      c
    0.67406600770722     -5.18625823875499     -1.28222637623849      c
    1.53224974767300     -7.51379991120388     -2.78278927633166      c
    3.90226699390028     -8.71103449118804     -1.62279585811565      c
    6.03964151003903     -6.76805083192645     -1.40150053679027      c
    5.19382442070673     -4.42367780195025      0.08963344562614      c
    4.39278806847201      2.17953993684298     -0.62959478270362      c
    6.87662386986914      2.17483721986554      0.88981429947803      c
    8.48843170991598      4.47210545472372      0.13703698634100      c
    9.04063015562668      4.49743202583328     -2.70786553690249      c
    6.58871735543095      4.38194547905432     -4.24801508147342      c
    4.97198731153845      2.09982983598047     -3.48104599602555      c
   -3.11384980259247     -2.39631150323923      1.47526183527979      h
    4.24335480020524     -0.92647196614024      3.93231138184911      h
   -0.24995161170281      2.57246463168795      4.88912686991604      h
    2.79538908728214      3.63262039559111      4.16886294814078      h
    2.10278847584934      3.70383792664935      8.81755824862319      h
    4.52068723298026      1.54564099353739      8.03714373739762      h
   -0.99488773787977      0.22146586993410      9.20261700909999      h
    1.62445848486942     -0.41650776433090     11.16336184399742      h
    0.29132141582038     -4.25484710546902      8.69078603094622      h
    3.40395931852905     -3.32905914988220      7.93773523523722      h
    0.97669852384411     -4.35158971037176      4.05168540612241      h
   -1.33021519251284     -2.07752089737847      4.85361684242562      h
    3.28446857308860     -2.71225506395090     -3.08686393835063      h
   -0.97220474088634     -4.32611117113168     -2.18235205612736      h
    0.11358616659083     -5.77851405360996      0.62453071949983      h
    1.93008038824348     -6.93656753646659     -4.73701760118305      h
   -0.00925081314356     -8.89572326512995     -2.86635333711647      h
    4.52374421500883    -10.33174361520146     -2.75427169417624      h
    3.44522909738958     -9.43850331213938      0.26965719254782      h
    6.62959400087156     -6.17704079415334     -3.30306919380089      h
    7.69849567324772     -7.61203517201352     -0.48940194701616      h
    4.76155723324342     -4.97715648284367      2.04191209970278      h
    6.74390287122172     -3.05959390254290      0.17904596348254      h
    3.42964087612142      3.97896874239643     -0.23538267465510      h
    7.94642075450191      0.44320182066777      0.50038545602531      h
    6.51202251279778      2.22457790405528      2.92401880379208      h
   10.25677797206627      4.46496292720896      1.21781763556102      h
    7.46759071648010      6.20400932959760      0.65764788909164      h
   10.22224950770852      2.85580415789641     -3.18465216308901      h
   10.13038783127469      6.18661614910842     -3.20984139774761      h
    7.01122551765322      4.29010127521508     -6.27409566128079      h
    5.49135658551303      6.11672765367418     -3.93670018898411      h
    3.22212155257662      2.04397476733771     -4.58365933530388      h
    6.00974511769935      0.35463495929659     -3.91623183967288      h
   -6.51107209837438     -0.51607213921950      0.24915177556014      c
   -8.03869956963708     -2.61809944184572      0.84831355550140      c
  -10.65424857035206     -2.48776192300837      0.62879772760215      c
  -11.80345952099030     -0.25019574020035     -0.17205946825309      c
  -10.31989807230491      1.86108636623973     -0.74049837343583      c
   -7.70619144407819      1.73825997612036     -0.52906129439987      c
   -7.13760347953895     -4.35872674502021      1.46532740146623      h
  -11.80284187917445     -4.12693872871826      1.08667608250040      h
  -11.21206128367132      3.61276861088337     -1.33142641850976      h
   -6.56344425646706      3.40704411701323     -0.89662332849171      h
  -13.84702134324451     -0.14493055621325     -0.33469176740342      h
$user-defined bonds
$end
