$coord
    2.55168785257350      1.25707672094528      0.99783170614504      ir
   -2.29563752688618     -1.76531154057168     -0.51297381332039      ir
    0.69540930783322      0.48204105945376     -3.05008418956570      s
   -1.82790235061334      2.27920448364376      1.45000608926348      s
   -4.70190869508545     -3.12955119119684      1.67843257897572      c
   -2.42584617013216     -4.75194222372954     -2.38839586973259      c
    2.60522246063337     -1.42028700514281     -5.36873792016162      c
   -3.07529255134078      2.62669588068417      4.76139879962668      c
    4.67449335691560      0.37626160927680     -6.31252109594558      c
    3.72681587848861     -3.80583504364229     -4.19847506303013      c
    0.77872872956960     -2.05221913689927     -7.52849574516167      c
   -2.05936402563757      5.17409907872920      5.69869913261927      c
   -2.26776305556499      0.46407780435039      6.49030712730931      c
   -5.95775342993241      2.74836897131220      4.48455652426918      c
    5.88936970580979      0.43102782980272      0.20348758136189      c
    3.61082003500238      2.05082248432623      4.26930343540172      c
   -2.58728702838888     -6.62917284159046     -3.50032844296873      o
   -6.20856594758725     -4.04755243601936      2.97215445668759      o
    7.98676432659042     -0.03948619632257     -0.20403619145865      o
    4.36116665311395      2.53683851371157      6.26610950572271      o
    5.97323826889017      0.91124182008141     -4.80093514548507      h
    3.85459351223196      2.09517034871614     -7.11621032872871      h
    5.76627056528968     -0.58158835981261     -7.79036098019405      h
    5.00143045644650     -3.36311230068822     -2.64002103974293      h
    4.80870938122814     -4.81419414636351     -5.65180756198471      h
    2.25956534298399     -5.07184578380833     -3.49559568130841      h
   -0.75416034490088     -3.28263928706701     -6.90066816061827      h
    1.82559919769978     -3.03792899723323     -9.02041286733818      h
   -0.04232410406634     -0.33396442796181     -8.33236637352617      h
   -2.84879982370609      5.55720370155129      7.57579035508187      h
   -2.61729625812628      6.70754138490858      4.42981352790003      h
   -0.00202171003967      5.16707796545470      5.85760163049784      h
   -3.05828802701510      0.79174010392459      8.37898215900302      h
   -0.21656771548882      0.35214080899132      6.66285616090605      h
   -2.96073239866791     -1.35441656869621      5.81034983861983      h
   -6.79255357322663      3.10236882196236      6.34767047776190      h
   -6.73342674491459      0.97878618641335      3.76008385638385      h
   -6.51701025097938      4.28153922550592      3.21593191673458      h
$user-defined bonds
$redundant
     number_of_atoms            38
     degrees_of_freedom        108
     internal_coordinates      108
     frozen_coordinates          0
# definitions of redundant internals
   1 k  1.0000000000000 stre  18    5           val=   2.18780
   2 k  1.0000000000000 linc  18    2    5    6 val=   2.52278
   3 k  1.0000000000000 linp  18    2    5    6 val=   0.50162
   4 k  1.0000000000000 stre  17    6           val=   2.18780
   5 k  1.0000000000000 linc  17    2    6    5 val=   2.53152
   6 k  1.0000000000000 linp  17    2    6    5 val=  -0.52766
   7 k  1.0000000000000 stre  19   15           val=   2.18781
   8 k  1.0000000000000 linc  19    1   15   16 val=   2.53347
   9 k  1.0000000000000 linp  19    1   15   16 val=   0.51168
  10 k  1.0000000000000 stre  20   16           val=   2.18780
  11 k  1.0000000000000 linc  20    1   16   15 val=   2.54858
  12 k  1.0000000000000 linp  20    1   16   15 val=  -0.48078
  13 k  1.0000000000000 stre   2    5           val=   3.52896
  14 k  1.0000000000000 stre   2    6           val=   3.52904
  15 k  0.0011895537432 bend   6    5    2      val=  -0.01026
        0.7065164892457 bend   4    5    2
       -0.7076955810134 bend   3    6    2
  16 k  0.8165007577028 bend   6    5    2      val=  -4.86067
       -0.4092699851415 bend   4    5    2
       -0.4072156577699 bend   3    6    2
  17 k  0.5301954416590 outp   6    5    4    2 val=   1.32907
        0.5306705491820 outp   5    3    6    2
       -0.4673070154003 outp   5    3    4    2
       -0.4678736103186 outp   6    3    4    2
  18 k  0.4629750734893 outp   6    5    4    2 val=   0.02919
       -0.4625674079521 outp   5    3    6    2
        0.5349625738504 outp   5    3    4    2
       -0.5343224859647 outp   6    3    4    2
  19 k  1.0000000000000 stre   1   15           val=   3.52895
  20 k  1.0000000000000 stre   1   16           val=   3.52907
  21 k  0.0032365903043 bend  16   15    1      val=  -0.00687
        0.7054892117207 bend   4   16    1
       -0.7087132682749 bend   3   15    1
  22 k  0.8164952997385 bend  16   15    1      val=  -4.86993
       -0.4110393253048 bend   4   16    1
       -0.4054406227278 bend   3   15    1
  23 k -0.5303650394475 outp  15    4   16    1 val=  -1.29581
       -0.5306823864500 outp  16   15    3    1
       -0.4677209650346 outp  15    3    4    1
       -0.4672539229484 outp  16    3    4    1
  24 k  0.4627685137358 outp  15    4   16    1 val=   0.02658
       -0.4625014988424 outp  16   15    3    1
        0.5344988654493 outp  15    3    4    1
       -0.5350220828121 outp  16    3    4    1
  25 k  0.3333333333333 tors  21    9    7    3 val=  61.21913
        0.3333333333333 tors  21    9    7   10
        0.3333333333333 tors  21    9    7   11
        0.3333333333333 tors  22    9    7    3
        0.3333333333333 tors  22    9    7   10
        0.3333333333333 tors  22    9    7   11
        0.3333333333333 tors  23    9    7    3
        0.3333333333333 tors  23    9    7   10
        0.3333333333333 tors  23    9    7   11
  26 k  1.0000000000000 stre   9   21           val=   2.06345
  27 k  1.0000000000000 stre   9   22           val=   2.06708
  28 k  1.0000000000000 stre   9   23           val=   2.07207
  29 k  0.4516794730787 bend  22   21    9      val=   1.60085
        0.3981645945697 bend  23   21    9
        0.4033309751332 bend  23   22    9
       -0.3999752652624 bend   7   21    9
       -0.3914922534752 bend   7   22    9
       -0.4019058799966 bend   7   23    9
  30 k -0.0436850844437 bend  22   21    9      val=   0.28955
       -0.5642567346276 bend  23   21    9
        0.6065872489062 bend  23   22    9
       -0.4063636931318 bend   7   21    9
        0.3814516159830 bend   7   22    9
        0.0334824410286 bend   7   23    9
  31 k -0.6736605479302 bend  22   21    9      val=   1.51444
        0.4107751400785 bend  23   21    9
        0.3317845934452 bend  23   22    9
       -0.1956433723441 bend   7   21    9
       -0.2418007164060 bend   7   22    9
        0.4130621241553 bend   7   23    9
  32 k  0.2884750884544 bend  22   21    9      val=  -0.15537
       -0.4306694135600 bend  23   21    9
        0.1320756429753 bend  23   22    9
        0.1834658376674 bend   7   21    9
       -0.6618039781754 bend   7   22    9
        0.4921562607323 bend   7   23    9
  33 k -0.2987354103478 bend  22   21    9      val=   0.84911
       -0.1178570226220 bend  23   21    9
        0.4354637003970 bend  23   22    9
        0.6517730446552 bend   7   21    9
       -0.1622683474493 bend   7   22    9
       -0.5060623717848 bend   7   23    9
  34 k  0.3333333333333 tors  26   10    7    3 val=  59.99345
        0.3333333333333 tors  26   10    7    9
        0.3333333333333 tors  26   10    7   11
        0.3333333333333 tors  24   10    7    3
        0.3333333333333 tors  24   10    7    9
        0.3333333333333 tors  24   10    7   11
        0.3333333333333 tors  25   10    7    3
        0.3333333333333 tors  25   10    7    9
        0.3333333333333 tors  25   10    7   11
  35 k  1.0000000000000 stre  10   26           val=   2.06147
  36 k  1.0000000000000 stre  10   24           val=   2.06141
  37 k  1.0000000000000 stre  10   25           val=   2.07351
  38 k  0.4418384968354 bend  24   26   10      val=   1.56212
        0.4071453788174 bend  25   26   10
        0.4061831382874 bend  25   24   10
       -0.3975023914267 bend   7   26   10
       -0.3976634639968 bend   7   24   10
       -0.3973440066304 bend   7   25   10
  39 k -0.0045281613836 bend  24   26   10      val=  -0.00407
        0.5879841086831 bend  25   26   10
       -0.5840367112550 bend  25   24   10
        0.3946370576253 bend   7   26   10
       -0.3967488132151 bend   7   24   10
        0.0026973243004 bend   7   25   10
  40 k -0.6797185386154 bend  24   26   10      val=   1.11415
        0.3601182273590 bend  25   26   10
        0.3671547284909 bend  25   24   10
       -0.2197436764368 bend   7   26   10
       -0.2147142835947 bend   7   24   10
        0.4232085408160 bend   7   25   10
  41 k -0.4022380886932 bend  24   26   10      val=   0.96810
        0.0956706777507 bend  25   26   10
        0.3253800772876 bend  25   24   10
        0.4972587241179 bend   7   26   10
        0.1574431084353 bend   7   24   10
       -0.6716583027272 bend   7   25   10
  42 k -0.1218748718917 bend  24   26   10      val=   0.29939
        0.4423272995855 bend  25   26   10
       -0.3150037714374 bend  25   24   10
       -0.4614394991522 bend   7   26   10
        0.6602593897522 bend   7   24   10
       -0.2034621008670 bend   7   25   10
  43 k  0.3333333333333 tors  27   11    7    3 val=  58.77541
        0.3333333333333 tors  27   11    7    9
        0.3333333333333 tors  27   11    7   10
        0.3333333333333 tors  29   11    7    3
        0.3333333333333 tors  29   11    7    9
        0.3333333333333 tors  29   11    7   10
        0.3333333333333 tors  28   11    7    3
        0.3333333333333 tors  28   11    7    9
        0.3333333333333 tors  28   11    7   10
  44 k  1.0000000000000 stre  11   27           val=   2.06346
  45 k  1.0000000000000 stre  11   29           val=   2.06706
  46 k  1.0000000000000 stre  11   28           val=   2.07205
  47 k  0.4505160849068 bend  29   27   11      val=   1.60404
        0.4002007333799 bend  28   27   11
        0.4025640974444 bend  28   29   11
       -0.3998366099117 bend   7   27   11
       -0.3920180748365 bend   7   29   11
       -0.4015834808194 bend   7   28   11
  48 k -0.0555107774608 bend  29   27   11      val=   0.40915
       -0.5554895437736 bend  28   27   11
        0.6140008430385 bend  28   29   11
       -0.4105968465884 bend   7   27   11
        0.3755104070371 bend   7   29   11
        0.0418933034081 bend   7   28   11
  49 k -0.6734829909905 bend  29   27   11      val=   1.45433
        0.4213411380942 bend  28   27   11
        0.3184478158589 bend  28   29   11
       -0.1877720994413 bend   7   27   11
       -0.2483591008567 bend   7   29   11
        0.4129681470328 bend   7   28   11
  50 k  0.3089300726878 bend  29   27   11      val=  -0.23264
       -0.4201865143210 bend  28   27   11
        0.1006770330881 bend  28   29   11
        0.1369241749337 bend   7   27   11
       -0.6495490920159 bend   7   29   11
        0.5265048772428 bend   7   28   11
  51 k -0.2780559505742 bend  29   27   11      val=   0.82923
       -0.1476453598948 bend  28   27   11
        0.4442855821461 bend  28   29   11
        0.6627676403146 bend   7   27   11
       -0.2088763373580 bend   7   29   11
       -0.4696869044296 bend   7   28   11
  52 k  0.3333333333333 tors  32   12    8    4 val=  58.77422
        0.3333333333333 tors  32   12    8   13
        0.3333333333333 tors  32   12    8   14
        0.3333333333333 tors  31   12    8    4
        0.3333333333333 tors  31   12    8   13
        0.3333333333333 tors  31   12    8   14
        0.3333333333333 tors  30   12    8    4
        0.3333333333333 tors  30   12    8   13
        0.3333333333333 tors  30   12    8   14
  53 k  1.0000000000000 stre  12   32           val=   2.06348
  54 k  1.0000000000000 stre  12   31           val=   2.06708
  55 k  1.0000000000000 stre  12   30           val=   2.07206
  56 k  0.4515356774908 bend  31   32   12      val=   1.61519
        0.3991164050807 bend  30   32   12
        0.4026842757430 bend  30   31   12
       -0.3995866760858 bend   8   32   12
       -0.3917908098919 bend   8   31   12
       -0.4018674542639 bend   8   30   12
  57 k -0.0493259885205 bend  31   32   12      val=   0.34686
       -0.5598036003653 bend  30   32   12
        0.6102747335229 bend  30   31   12
       -0.4086551485102 bend   8   32   12
        0.3786286018680 bend   8   31   12
        0.0373226063088 bend   8   30   12
  58 k -0.6733120393205 bend  31   32   12      val=   1.50303
        0.4161084214369 bend  30   32   12
        0.3256345938973 bend  30   31   12
       -0.1919260656393 bend   8   32   12
       -0.2452066922207 bend   8   31   12
        0.4129223340910 bend   8   30   12
  59 k  0.2921897311100 bend  31   32   12      val=  -0.17220
       -0.4288714331932 bend  30   32   12
        0.1265953389567 bend  30   31   12
        0.1753033479956 bend   8   32   12
       -0.6599878378672 bend   8   31   12
        0.4983501429999 bend   8   30   12
  60 k -0.2953566578666 bend  31   32   12      val=   0.83733
       -0.1231619724134 bend  30   32   12
        0.4373382261768 bend  30   31   12
        0.6538097106775 bend   8   32   12
       -0.1705526657961 bend   8   31   12
       -0.4997754491202 bend   8   30   12
  61 k  0.3333333333333 tors  34   13    8    4 val=  59.96612
        0.3333333333333 tors  34   13    8   12
        0.3333333333333 tors  34   13    8   14
        0.3333333333333 tors  35   13    8    4
        0.3333333333333 tors  35   13    8   12
        0.3333333333333 tors  35   13    8   14
        0.3333333333333 tors  33   13    8    4
        0.3333333333333 tors  33   13    8   12
        0.3333333333333 tors  33   13    8   14
  62 k  1.0000000000000 stre  13   34           val=   2.06148
  63 k  1.0000000000000 stre  13   35           val=   2.06142
  64 k  1.0000000000000 stre  13   33           val=   2.07350
  65 k  0.4423161349555 bend  35   34   13      val=   1.55641
        0.4063451363947 bend  33   34   13
        0.4064323494980 bend  33   35   13
       -0.3973633688365 bend   8   34   13
       -0.3977859190591 bend   8   35   13
       -0.3973934169977 bend   8   33   13
  66 k -0.0177754911332 bend  35   34   13      val=   0.08540
        0.5953921480451 bend  33   34   13
       -0.5760069240637 bend  33   35   13
        0.3898970430965 bend   8   34   13
       -0.4015528862940 bend   8   35   13
        0.0119925262315 bend   8   33   13
  67 k -0.6793281220702 bend  35   34   13      val=   1.13907
        0.3480012732580 bend  33   34   13
        0.3797946884342 bend  33   35   13
       -0.2274034090027 bend   8   34   13
       -0.2069140878704 bend   8   35   13
        0.4226566701559 bend   8   33   13
  68 k -0.3795534434976 bend  35   34   13      val=   0.95554
        0.0297815391990 bend  33   34   13
        0.3674866256497 bend  33   35   13
        0.5600059371413 bend   8   34   13
        0.0586111421935 bend   8   35   13
       -0.6347943822986 bend   8   33   13
  69 k -0.1796777488667 bend  35   34   13      val=   0.43568
        0.4524039626629 bend  33   34   13
       -0.2636744409002 bend  33   35   13
       -0.3834958132243 bend   8   34   13
        0.6756501965897 bend   8   35   13
       -0.2999168608677 bend   8   33   13
  70 k  0.3333333333333 tors  37   14    8    4 val=  61.19406
        0.3333333333333 tors  37   14    8   12
        0.3333333333333 tors  37   14    8   13
        0.3333333333333 tors  38   14    8    4
        0.3333333333333 tors  38   14    8   12
        0.3333333333333 tors  38   14    8   13
        0.3333333333333 tors  36   14    8    4
        0.3333333333333 tors  36   14    8   12
        0.3333333333333 tors  36   14    8   13
  71 k  1.0000000000000 stre  14   37           val=   2.06348
  72 k  1.0000000000000 stre  14   38           val=   2.06707
  73 k  1.0000000000000 stre  14   36           val=   2.07205
  74 k  0.4496723840183 bend  38   37   14      val=   1.61998
        0.4005791248628 bend  36   37   14
        0.4032630288791 bend  36   38   14
       -0.3997637776046 bend   8   37   14
       -0.3921286980240 bend   8   38   14
       -0.4014150565388 bend   8   36   14
  75 k -0.0559276807406 bend  38   37   14      val=   0.38673
       -0.5556702941627 bend  36   37   14
        0.6141592030301 bend  36   38   14
       -0.4103095016797 bend   8   37   14
        0.3752367380451 bend   8   38   14
        0.0418878896368 bend   8   36   14
  76 k -0.6737266881650 bend  38   37   14      val=   1.39709
        0.4205933568879 bend  36   37   14
        0.3175477460017 bend  36   38   14
       -0.1876606549749 bend   8   37   14
       -0.2487183375585 bend   8   38   14
        0.4138594857458 bend   8   36   14
  77 k  0.3088570535587 bend  38   37   14      val=  -0.23205
       -0.4207772722081 bend  36   37   14
        0.1015343915022 bend  36   38   14
        0.1388373080327 bend   8   37   14
       -0.6500300045969 bend   8   38   14
        0.5248140337534 bend   8   36   14
  78 k -0.2794028484696 bend  38   37   14      val=   0.82664
       -0.1462643722873 bend  36   37   14
        0.4436905388753 bend  36   38   14
        0.6626869649519 bend   8   37   14
       -0.2072665479235 bend   8   38   14
       -0.4707080326207 bend   8   36   14
  79 k  0.4082482904639 tors  10    7    3    1 val=  60.02452
        0.4082482904639 tors  10    7    3    2
        0.4082482904639 tors   9    7    3    1
        0.4082482904639 tors   9    7    3    2
        0.4082482904639 tors  11    7    3    1
        0.4082482904639 tors  11    7    3    2
  80 k  1.0000000000000 stre   7   10           val=   2.88415
  81 k  1.0000000000000 stre   7    9           val=   2.89831
  82 k  1.0000000000000 stre   7   11           val=   2.89827
  83 k -0.5010021067224 bend   9   10    7      val=   1.61679
       -0.5020127551538 bend  11   10    7
       -0.0767983864960 bend  11    9    7
        0.2207292721015 bend   3   10    7
        0.4702952291517 bend   3    9    7
        0.4703010487219 bend   3   11    7
  84 k -0.1277639448529 bend   9   10    7      val=   1.42415
       -0.1225665506166 bend  11   10    7
        0.7645351129574 bend  11    9    7
       -0.6112695385452 bend   3   10    7
        0.0707271549940 bend   3    9    7
        0.0740749412018 bend   3   11    7
  85 k  0.6539324927765 bend   9   10    7      val=   0.01064
       -0.6545430108741 bend  11   10    7
        0.0035786659437 bend  11    9    7
       -0.0024678063432 bend   3   10    7
        0.2681044379040 bend   3    9    7
       -0.2684154527315 bend   3   11    7
  86 k -0.2249642724035 bend   9   10    7      val=   1.96112
       -0.2213554714890 bend  11   10    7
        0.5027973841239 bend  11    9    7
        0.6381307087129 bend   3   10    7
       -0.3431368972176 bend   3    9    7
       -0.3501912195751 bend   3   11    7
  87 k -0.2671322121905 bend   9   10    7      val=   0.02920
        0.2693850589296 bend  11   10    7
       -0.0021107237131 bend  11    9    7
       -0.0038750659859 bend   3   10    7
        0.6564638683049 bend   3    9    7
       -0.6520029060939 bend   3   11    7
  88 k  0.4082482904639 tors  13    8    4    1 val=  59.94732
        0.4082482904639 tors  13    8    4    2
        0.4082482904639 tors  14    8    4    1
        0.4082482904639 tors  14    8    4    2
        0.4082482904639 tors  12    8    4    1
        0.4082482904639 tors  12    8    4    2
  89 k  1.0000000000000 stre   8   13           val=   2.88412
  90 k  1.0000000000000 stre   8   14           val=   2.89828
  91 k  1.0000000000000 stre   8   12           val=   2.89826
  92 k -0.5031587638545 bend  14   13    8      val=   1.69625
       -0.5023268980021 bend  12   13    8
       -0.0681186054528 bend  12   14    8
        0.2148148757441 bend   4   13    8
        0.4712153906676 bend   4   14    8
        0.4708178270289 bend   4   12    8
  93 k -0.1164593645487 bend  14   13    8      val=   1.45309
       -0.1227349142157 bend  12   13    8
        0.7651240220803 bend  12   14    8
       -0.6138373846087 bend   4   13    8
        0.0697764581637 bend   4   14    8
        0.0655247985104 bend   4   12    8
  94 k -0.6554595501530 bend  14   13    8      val=   0.00022
        0.6542785184040 bend  12   13    8
        0.0044085454941 bend  12   14    8
       -0.0028454546090 bend   4   13    8
       -0.2668349891096 bend   4   14    8
        0.2665782346139 bend   4   12    8
  95 k -0.2202063199584 bend  14   13    8      val=   1.98069
       -0.2254679023177 bend  12   13    8
        0.5032998744941 bend  12   14    8
        0.6377121650857 bend   4   13    8
       -0.3519095699601 bend   4   14    8
       -0.3418266915869 bend   4   12    8
  96 k  0.2682439008881 bend  14   13    8      val=   0.03079
       -0.2651587494472 bend  12   13    8
       -0.0030892874086 bend  12   14    8
       -0.0055552086078 bend   4   13    8
       -0.6516551653394 bend   4   14    8
        0.6580586513944 bend   4   12    8
  97 k  1.0000000000000 stre   3    7           val=   3.55561
  98 k  0.7130713338357 bend   1    7    3      val= 117.08264
        0.7010914867988 bend   2    7    3
  99 k -0.7010914867988 bend   1    7    3      val=   1.00096
        0.7130713338357 bend   2    7    3
 100 k  1.0000000000000 stre   4    8           val=   3.55557
 101 k  0.6937141022817 bend   2    8    4      val= 117.09092
        0.7202504733046 bend   1    8    4
 102 k  0.7202504733046 bend   2    8    4      val=   2.21069
       -0.6937141022817 bend   1    8    4
 103 k  1.0000000000000 stre   1    4           val=   4.51996
 104 k  1.0000000000000 stre   4    2           val=   4.51998
 105 k  1.0000000000000 stre   2    3           val=   4.52039
 106 k  1.0000000000000 stre   3    1           val=   4.52019
 107 k -0.5000000000000 bend   1    2    4      val=  -3.63362
        0.5000000000000 bend   4    3    2
       -0.5000000000000 bend   2    1    3
        0.5000000000000 bend   3    4    1
 108 k -0.5000000000000 tors   4    2    3    1 val= -49.07572
        0.5000000000000 tors   2    3    1    4
       -0.5000000000000 tors   3    1    4    2
        0.5000000000000 tors   1    4    2    3
       108 non zero eigenvalues  of BmBt
           1           4.219871696    1    0
         1
           2           4.129947746    2    0
         2
           3           4.123731746    3    0
         3
           4           4.107505483    4    0
         4
           5           4.067858910    5    0
         5
           6           3.931824009    6    0
         6
           7           3.926866955    7    0
         7
           8           3.760244232    8    0
         8
           9           3.518830031    9    0
         9
          10           3.515283070   10    0
        10
          11           3.443929669   11    0
        11
          12           3.412178134   12    0
        12
          13           3.409802019   13    0
        13
          14           3.401982664   14    0
        14
          15           3.399269170   15    0
        15
          16           3.395648943   16    0
        16
          17           3.254521385   17    0
        17
          18           3.254263115   18    0
        18
          19           3.236147132   19    0
        19
          20           3.234846343   20    0
        20
          21           3.148337733   21    0
        21
          22           3.147276251   22    0
        22
          23           2.576360365   23    0
        23
          24           2.536981759   24    0
        24
          25           2.478202925   25    0
        25
          26           2.375422080   26    0
        26
          27           2.165790996   27    0
        27
          28           1.960480737   28    0
        28
          29           1.946328373   29    0
        29
          30           1.944733997   30    0
        30
          31           1.716338435   31    0
        31
          32           1.646843305   32    0
        32
          33           1.626914112   33    0
        33
          34           1.615186978   34    0
        34
          35           1.318263149   35    0
        35
          36           1.158822480   36    0
        36
          37           1.157003431   37    0
        37
          38           1.080907131   38    0
        38
          39           0.944677839   39    0
        39
          40           0.896761325   40    0
        40
          41           0.868694456   41    0
        41
          42           0.864001693   42    0
        42
          43           0.861831592   43    0
        43
          44           0.861583966   44    0
        44
          45           0.860880540   45    0
        45
          46           0.851226429   46    0
        46
          47           0.850731735   47    0
        47
          48           0.848266488   48    0
        48
          49           0.837416531   49    0
        49
          50           0.823318166   50    0
        50
          51           0.823237333   51    0
        51
          52           0.816949193   52    0
        52
          53           0.779912810   53    0
        53
          54           0.701720010   54    0
        54
          55           0.696240758   55    0
        55
          56           0.693070044   56    0
        56
          57           0.689553625   57    0
        57
          58           0.687572024   58    0
        58
          59           0.687465084   59    0
        59
          60           0.684455429   60    0
        60
          61           0.684239909   61    0
        61
          62           0.683501318   62    0
        62
          63           0.683331870   63    0
        63
          64           0.682485026   64    0
        64
          65           0.662350563   65    0
        65
          66           0.661481767   66    0
        66
          67           0.615434851   67    0
        67
          68           0.593982179   68    0
        68
          69           0.564519718   69    0
        69
          70           0.529835532   70    0
        70
          71           0.402755794   71    0
        71
          72           0.372442595   72    0
        72
          73           0.370236909   73    0
        73
          74           0.357887852   74    0
        74
          75           0.357491482   75    0
        75
          76           0.356432206   76    0
        76
          77           0.346192931   77    0
        77
          78           0.320108427   78    0
        78
          79           0.309000252   79    0
        79
          80           0.308725722   80    0
        80
          81           0.308624854   81    0
        81
          82           0.308257992   82    0
        82
          83           0.240692510   83    0
        83
          84           0.234688578   84    0
        84
          85           0.170233921   85    0
        85
          86           0.140947331   86    0
        86
          87           0.107404303   87    0
        87
          88           0.104531175   88    0
        88
          89           0.094072633   89    0
        89
          90           0.063709572   90    0
        90
          91           0.059400208   91    0
        91
          92           0.058008985   92    0
        92
          93           0.057656333   93    0
        93
          94           0.055929047   94    0
        94
          95           0.045686784   95    0
        95
          96           0.044618577   96    0
        96
          97           0.034786522   97    0
        97
          98           0.033889501   98    0
        98
          99           0.031876050   99    0
        99
         100           0.029472577  100    0
       100
         101           0.025390929  101    0
       101
         102           0.022923035  102    0
       102
         103           0.017597097  103    0
       103
         104           0.014887562  104    0
       104
         105           0.008845339  105    0
       105
         106           0.006433198  106    0
       106
         107           0.004597759  107    0
       107
         108           0.002654642  108    0
       108
$end
