$coord
    0.01109771965919     -0.26217919980177      0.09949779893737      ir
    4.48113968661149     -0.31251244508200      0.08681179638367      p
    5.90963951887243      2.82435645297124     -0.10497345795196      c
    5.98138886976317     -1.78450499962097      2.83064736857776      c
    8.02803065083896     -1.88791065084380      2.54965712938769      h
    7.92417114045759     -1.94097593504121     -2.44652688938850      h
    5.21657279513432     -3.69050340568390      3.05713643489266      h
    5.20875623053264     -3.98065775773644     -2.50298400076791      h
    5.38574013980828      3.93837400258607      1.55483903171902      h
    5.58522043131055     -0.69969406442812      4.54220837401068      h
    5.85985907639836     -2.02427574358437     -2.56427793773256      c
    7.97031755097935      2.69127335584044     -0.22145282242716      h
    5.19980179784226     -1.16260065093518     -4.32034482777677      h
    5.17160148484591      3.75797501171502     -1.79554026316157      h
   -4.39970825774449     -0.72312387468610     -0.44059908487406      p
   -6.09081181483587      2.27272496171814     -0.72628457485857      c
   -5.30308233639712     -2.46691754801926     -3.26910573849391      c
   -5.12814267042677     -4.26091934139303      2.32984668376975      h
   -8.02653413218232     -2.69324565376972      1.58532403247275      h
   -5.91426879840492     -1.37632198384393      3.85845454430928      h
   -6.03734577440504     -2.42210433598461      2.08296784727702      c
   -4.44796970128887     -4.34267263873710     -3.19202288920499      h
   -7.36506879610460     -2.61140731044376     -3.36680844929806      h
   -8.10395821273210      1.95510753266231     -1.07845960429356      h
   -5.26283720662139      3.32319675709679     -2.30285063932718      h
   -4.56766074178937     -1.47253786707735     -4.92187951218247      h
   -5.86211044975166      3.37818644312538      1.00460705215395      h
   -0.19561377356980      3.05679826431508      1.12599127212750      c
   -0.32937774872602      5.12883037816517      1.82202002713139      o
    0.26743789103672     -4.67347533221844     -1.04382634840090      cl
   -0.19565299008364     -1.50512670885591      3.93676338812872      c
    1.46036220379985     -0.89972130447074      5.00856888381324      h
   -0.28815958317852     -3.56682517457708      3.91961495731064      h
   -1.86833294510768     -0.73939432324671      4.87489194816541      h
    0.24381335645903      1.54109414588585     -4.94420670942843      i
$user-defined bonds
$redundant
     number_of_atoms            35
     degrees_of_freedom         99
     internal_coordinates       99
     frozen_coordinates          0
# definitions of redundant internals
   1 k  1.0000000000000 stre  29   28           val=   2.18990
   2 k  1.0000000000000 linc  29    1   28   31 val=   1.38287
   3 k  1.0000000000000 linp  29    1   28   31 val=   0.02580
   4 k  0.3333333333333 tors  10    4    2    1 val=  54.62199
        0.3333333333333 tors  10    4    2    3
        0.3333333333333 tors  10    4    2   11
        0.3333333333333 tors   7    4    2    1
        0.3333333333333 tors   7    4    2    3
        0.3333333333333 tors   7    4    2   11
        0.3333333333333 tors   5    4    2    1
        0.3333333333333 tors   5    4    2    3
        0.3333333333333 tors   5    4    2   11
   5 k  1.0000000000000 stre   4   10           val=   2.06475
   6 k  1.0000000000000 stre   4    7           val=   2.06617
   7 k  1.0000000000000 stre   4    5           val=   2.06843
   8 k  0.3873590952717 bend   7   10    4      val=  -0.03666
        0.4331004836863 bend   5   10    4
        0.4061720781773 bend   5    7    4
       -0.4100579218070 bend   2   10    4
       -0.4104013461737 bend   2    7    4
       -0.4010291523970 bend   2    5    4
   9 k  0.6358867862125 bend   7   10    4      val=  -0.08790
        0.0179443432250 bend   5   10    4
       -0.6356297190619 bend   5    7    4
        0.3065292359174 bend   2   10    4
       -0.0115707749505 bend   2    7    4
       -0.3117800516497 bend   2    5    4
  10 k  0.3999646669728 bend   7   10    4      val=   1.20350
       -0.7290057485508 bend   5   10    4
        0.3790713422673 bend   5    7    4
       -0.1685094560348 bend   2   10    4
        0.3244225583068 bend   2    7    4
       -0.1767437922908 bend   2    5    4
  11 k -0.3496656725640 bend   7   10    4      val=   0.13661
        0.1814341325657 bend   5   10    4
        0.1649520838785 bend   5    7    4
        0.3261943129516 bend   2   10    4
        0.4157422124863 bend   2    7    4
       -0.7337316034829 bend   2    5    4
  12 k -0.0300750813820 bend   7   10    4      val=   0.78109
       -0.2734880868720 bend   5   10    4
        0.3128881468109 bend   5    7    4
        0.6596011841209 bend   2   10    4
       -0.6240599170853 bend   2    7    4
       -0.0433158308000 bend   2    5    4
  13 k  0.3333333333333 tors  13   11    2    1 val=  59.99920
        0.3333333333333 tors  13   11    2    3
        0.3333333333333 tors  13   11    2    4
        0.3333333333333 tors   8   11    2    1
        0.3333333333333 tors   8   11    2    3
        0.3333333333333 tors   8   11    2    4
        0.3333333333333 tors   6   11    2    1
        0.3333333333333 tors   6   11    2    3
        0.3333333333333 tors   6   11    2    4
  14 k  1.0000000000000 stre  11   13           val=   2.06444
  15 k  1.0000000000000 stre  11    8           val=   2.06279
  16 k  1.0000000000000 stre  11    6           val=   2.06934
  17 k -0.3335289815341 bend   8   13   11      val=   0.71941
       -0.4409983051003 bend   6   13   11
       -0.4315458879748 bend   6    8   11
        0.4221443129010 bend   2   13   11
        0.4227551914897 bend   2    8   11
        0.3887406424614 bend   2    6   11
  18 k  0.7622047514628 bend   8   13   11      val=   0.77370
       -0.2043097993305 bend   6   13   11
       -0.4391539461960 bend   6    8   11
        0.1953165419759 bend   2   13   11
        0.0873144306191 bend   2    8   11
       -0.3723880676416 bend   2    6   11
  19 k  0.1464337019448 bend   8   13   11      val=   0.54005
       -0.6942492628806 bend   6   13   11
        0.5810718384203 bend   6    8   11
       -0.2538173163481 bend   2   13   11
        0.2999333349766 bend   2    8   11
       -0.0674345238804 bend   2    6   11
  20 k -0.3502419291321 bend   8   13   11      val=   0.77452
        0.1707988505528 bend   6   13   11
        0.1739502291629 bend   6    8   11
        0.3723761637847 bend   2   13   11
        0.3800413177689 bend   2    8   11
       -0.7313031183684 bend   2    6   11
  21 k  0.0036526225566 bend   8   13   11      val=   0.05210
        0.2791317183817 bend   6   13   11
       -0.2850424393431 bend   6    8   11
       -0.6484196147557 bend   2   13   11
        0.6483588211990 bend   2    8   11
        0.0024066758678 bend   2    6   11
  22 k  0.3333333333333 tors   9    3    2    1 val=  62.32548
        0.3333333333333 tors   9    3    2    4
        0.3333333333333 tors   9    3    2   11
        0.3333333333333 tors  14    3    2    1
        0.3333333333333 tors  14    3    2    4
        0.3333333333333 tors  14    3    2   11
        0.3333333333333 tors  12    3    2    1
        0.3333333333333 tors  12    3    2    4
        0.3333333333333 tors  12    3    2   11
  23 k  1.0000000000000 stre   3    9           val=   2.06651
  24 k  1.0000000000000 stre   3   14           val=   2.06745
  25 k  1.0000000000000 stre   3   12           val=   2.06825
  26 k  0.3623072122102 bend  14    9    3      val=   0.08074
        0.4401509995875 bend  12    9    3
        0.4220914966734 bend  12   14    3
       -0.4123247806342 bend   2    9    3
       -0.4124841025730 bend   2   14    3
       -0.3958339176701 bend   2   12    3
  27 k  0.7288386329004 bend  14    9    3      val=   1.12934
       -0.1513806055836 bend  12    9    3
       -0.4990478030702 bend  12   14    3
        0.2427949527056 bend   2    9    3
        0.0743825673646 bend   2   14    3
       -0.3637956765944 bend   2   12    3
  28 k  0.2181408061879 bend  14    9    3      val=   1.08855
       -0.7091672936731 bend  12    9    3
        0.5372410006846 bend  12   14    3
       -0.2335652747752 bend   2    9    3
        0.3112705672393 bend   2   14    3
       -0.0970893497413 bend   2   12    3
  29 k -0.3633637387241 bend  14    9    3      val=  -0.21204
        0.1791313988348 bend  12    9    3
        0.1722127500315 bend  12   14    3
        0.3462630024470 bend   2    9    3
        0.3988717539986 bend   2   14    3
       -0.7261024452906 bend   2   12    3
  30 k -0.0189615364876 bend  14    9    3      val=   0.73354
       -0.2730376205830 bend  12    9    3
        0.2971684227979 bend  12   14    3
        0.6563101940366 bend   2    9    3
       -0.6367521095482 bend   2   14    3
       -0.0241976561227 bend   2   12    3
  31 k  0.3333333333333 tors  20   21   15    1 val=  64.66074
        0.3333333333333 tors  20   21   15   16
        0.3333333333333 tors  20   21   15   17
        0.3333333333333 tors  18   21   15    1
        0.3333333333333 tors  18   21   15   16
        0.3333333333333 tors  18   21   15   17
        0.3333333333333 tors  19   21   15    1
        0.3333333333333 tors  19   21   15   16
        0.3333333333333 tors  19   21   15   17
  32 k  1.0000000000000 stre  21   20           val=   2.06426
  33 k  1.0000000000000 stre  21   18           val=   2.06612
  34 k  1.0000000000000 stre  21   19           val=   2.06834
  35 k  0.3776478854026 bend  18   20   21      val=  -0.14827
        0.4420442129935 bend  19   20   21
        0.4046606320851 bend  19   18   21
       -0.4107678614519 bend  15   20   21
       -0.4127063918095 bend  15   18   21
       -0.3989636066211 bend  15   19   21
  36 k  0.6480461766009 bend  18   20   21      val=   0.07937
        0.0021146956516 bend  19   20   21
       -0.6215320224426 bend  19   18   21
        0.3012433744521 bend  15   20   21
       -0.0037818394818 bend  15   18   21
       -0.3208858880856 bend  15   19   21
  37 k  0.3888606324710 bend  18   20   21      val=   1.49821
       -0.7243630135680 bend  19   20   21
        0.4032711793677 bend  19   18   21
       -0.1775341281341 bend  15   20   21
        0.3173509867623 bend  15   18   21
       -0.1709619066606 bend  15   19   21
  38 k -0.3527432872321 bend  18   20   21      val=   0.27720
        0.1398216237333 bend  19   20   21
        0.2095967586664 bend  19   18   21
        0.4162485081151 bend  15   20   21
        0.3243651586347 bend  15   18   21
       -0.7304900471339 bend  15   19   21
  39 k -0.0184088333108 bend  18   20   21      val=  -0.70507
        0.2921814098530 bend  19   20   21
       -0.2848793623119 bend  19   18   21
       -0.6065541646714 bend  15   20   21
        0.6793518309799 bend  15   18   21
       -0.0608935348407 bend  15   19   21
  40 k  0.3333333333333 tors  26   17   15    1 val=  58.94028
        0.3333333333333 tors  26   17   15   16
        0.3333333333333 tors  26   17   15   21
        0.3333333333333 tors  22   17   15    1
        0.3333333333333 tors  22   17   15   16
        0.3333333333333 tors  22   17   15   21
        0.3333333333333 tors  23   17   15    1
        0.3333333333333 tors  23   17   15   16
        0.3333333333333 tors  23   17   15   21
  41 k  1.0000000000000 stre  17   26           val=   2.06429
  42 k  1.0000000000000 stre  17   22           val=   2.06291
  43 k  1.0000000000000 stre  17   23           val=   2.06935
  44 k -0.3372683648231 bend  22   26   17      val=   0.71296
       -0.4396592964373 bend  23   26   17
       -0.4296630348765 bend  23   22   17
        0.4220244803932 bend  15   26   17
        0.4221138296132 bend  15   22   17
        0.3899418961906 bend  15   23   17
  45 k  0.7551744321504 bend  22   26   17      val=   0.65821
       -0.1832376368062 bend  23   26   17
       -0.4607728214026 bend  23   22   17
        0.2059195786504 bend  15   26   17
        0.0775676233471 bend  15   22   17
       -0.3679732917990 bend  15   23   17
  46 k  0.1726414593347 bend  22   26   17      val=   0.58719
       -0.7009943995939 bend  23   26   17
        0.5651925559025 bend  23   22   17
       -0.2473510523091 bend  15   26   17
        0.3032479670967 bend  15   22   17
       -0.0788497329251 bend  15   23   17
  47 k -0.3493926659013 bend  22   26   17      val=   0.73265
        0.1723652113479 bend  23   26   17
        0.1720593203247 bend  23   22   17
        0.3665086048861 bend  15   26   17
        0.3852877699097 bend  15   22   17
       -0.7320077637042 bend  15   23   17
  48 k -0.0070325410505 bend  22   26   17      val=   0.01972
       -0.2776860891838 bend  23   26   17
        0.2876684279550 bend  23   22   17
        0.6508914073914 bend  15   26   17
       -0.6452610680087 bend  15   22   17
       -0.0081476803048 bend  15   23   17
  49 k  0.3333333333333 tors  27   16   15    1 val=  57.80655
        0.3333333333333 tors  27   16   15   17
        0.3333333333333 tors  27   16   15   21
        0.3333333333333 tors  25   16   15    1
        0.3333333333333 tors  25   16   15   17
        0.3333333333333 tors  25   16   15   21
        0.3333333333333 tors  24   16   15    1
        0.3333333333333 tors  24   16   15   17
        0.3333333333333 tors  24   16   15   21
  50 k  1.0000000000000 stre  16   27           val=   2.06648
  51 k  1.0000000000000 stre  16   25           val=   2.06751
  52 k  1.0000000000000 stre  16   24           val=   2.06825
  53 k  0.3629939621903 bend  25   27   16      val=   0.05852
        0.4433818784024 bend  24   27   16
        0.4181155223793 bend  24   25   16
       -0.4116467003306 bend  15   27   16
       -0.4127736540120 bend  15   25   16
       -0.3962224222880 bend  15   24   16
  54 k  0.7161574728457 bend  25   27   16      val=   1.00742
       -0.1192645830128 bend  24   27   16
       -0.5245915048843 bend  24   25   16
        0.2561452187430 bend  15   27   16
        0.0590809912173 bend  15   25   16
       -0.3586045868658 bend  15   24   16
  55 k  0.2557341762729 bend  25   27   16      val=   1.31716
       -0.7135289542838 bend  24   27   16
        0.5151096702449 bend  24   25   16
       -0.2233248492073 bend  15   27   16
        0.3120153428587 bend  15   25   16
       -0.1136262630384 bend  15   24   16
  56 k -0.3637375611809 bend  25   27   16      val=  -0.21101
        0.1693720189535 bend  24   27   16
        0.1825090054608 bend  24   25   16
        0.3647034071765 bend  15   27   16
        0.3806085990560 bend  15   25   16
       -0.7265170939668 bend  15   24   16
  57 k  0.0095846513243 bend  25   27   16      val=  -0.71806
        0.2769605076254 bend  24   27   16
       -0.2933175709526 bend  24   25   16
       -0.6446899706810 bend  15   27   16
        0.6492564563331 bend  15   25   16
        0.0025903394421 bend  15   24   16
  58 k  1.0000000000000 stre   1   28           val=   3.48023
  59 k  1.0000000000000 stre   1   30           val=   4.56426
  60 k  1.0000000000000 stre   1   35           val=   5.36143
  61 k -0.0206230655856 bend  35   28    1      val=   0.33574
       -0.0060391823834 bend  35   30    1
        0.6145624299117 bend  15   28    1
        0.1483769383942 bend  15   30    1
        0.3132578018782 bend  15   35    1
       -0.6161871596807 bend   2   28    1
       -0.1482998066857 bend   2   30    1
       -0.3144666381296 bend   2   35    1
        0.0336823938171 bend  31   28    1
        0.0013610033004 bend  31   30    1
  62 k  0.5447576345158 bend  35   28    1      val=   3.48576
        0.0749941895226 bend  35   30    1
        0.0499229721529 bend  15   28    1
       -0.0007843452321 bend  15   30    1
        0.0381467927258 bend  15   35    1
        0.0056680049514 bend   2   28    1
       -0.0134169995948 bend   2   30    1
        0.0072664614458 bend   2   35    1
       -0.8104808694831 bend  31   28    1
        0.1911091615149 bend  31   30    1
  63 k -0.0194167849656 bend  35   28    1      val=  -0.08356
       -0.0243126934316 bend  35   30    1
       -0.2668141706531 bend  15   28    1
        0.6092231367859 bend  15   30    1
        0.2345948232609 bend  15   35    1
        0.2665325622210 bend   2   28    1
       -0.6120044796441 bend   2   30    1
       -0.2320125644339 bend   2   35    1
       -0.0002192533681 bend  31   28    1
        0.0472816062190 bend  31   30    1
  64 k  0.2865116698673 bend  35   28    1      val=   2.51004
        0.4890775961809 bend  35   30    1
       -0.0131822100655 bend  15   28    1
        0.0635147437734 bend  15   30    1
       -0.0073637201618 bend  15   35    1
        0.0102027672438 bend   2   28    1
       -0.0026138363220 bend   2   30    1
       -0.0489787793750 bend   2   35    1
        0.0432679021134 bend  31   28    1
       -0.8185780900123 bend  31   30    1
  65 k -0.6053616870470 bend  35   28    1      val=   9.21125
        0.7073376442954 bend  35   30    1
        0.0080184596328 bend  15   28    1
       -0.0147752630304 bend  15   30    1
        0.0863990189106 bend  15   35    1
        0.0119663820415 bend   2   28    1
        0.0006822885448 bend   2   30    1
        0.0667070165384 bend   2   35    1
       -0.2915272945508 bend  31   28    1
        0.1894244992513 bend  31   30    1
  66 k -0.0036867196691 bend  35   28    1      val=   0.40511
        0.0189077141973 bend  35   30    1
        0.2229490517681 bend  15   28    1
        0.3226205812562 bend  15   30    1
       -0.5871402654305 bend  15   35    1
       -0.2222885715397 bend   2   28    1
       -0.3221869838517 bend   2   30    1
        0.5897894459477 bend   2   35    1
       -0.0060216815349 bend  31   28    1
       -0.0006190454752 bend  31   30    1
  67 k  0.4082482904639 tors  32   31    1    2 val= 114.59762
        0.4082482904639 tors  32   31    1   15
        0.4082482904639 tors  33   31    1    2
        0.4082482904639 tors  33   31    1   15
        0.4082482904639 tors  34   31    1    2
        0.4082482904639 tors  34   31    1   15
  68 k  1.0000000000000 stre  31   32           val=   2.06341
  69 k  1.0000000000000 stre  31   33           val=   2.06384
  70 k  1.0000000000000 stre  31   34           val=   2.06502
  71 k  0.4201766765007 bend  33   32   31      val=   1.52595
        0.4071581169440 bend  34   32   31
        0.4194820194123 bend  34   33   31
       -0.4042950382609 bend   1   32   31
       -0.3957001402415 bend   1   33   31
       -0.4020890259280 bend   1   34   31
  72 k -0.6253799217285 bend  33   32   31      val=   0.38582
       -0.0494228802591 bend  34   32   31
        0.6763363193637 bend  34   33   31
       -0.2819996836720 bend   1   32   31
        0.0233550676693 bend   1   33   31
        0.2625970958300 bend   1   34   31
  73 k  0.4241913875190 bend  33   32   31      val=   1.25510
       -0.7639882939372 bend  34   32   31
        0.3353776136379 bend  34   33   31
       -0.1188093123150 bend   1   32   31
        0.2948524995257 bend   1   33   31
       -0.1511679879568 bend   1   34   31
  74 k  0.1366700354029 bend  33   32   31      val=   2.17943
       -0.2844988774261 bend  34   32   31
        0.1564227244055 bend  34   33   31
        0.3999371865714 bend   1   32   31
       -0.7627109297710 bend   1   33   31
        0.3663821855127 bend   1   34   31
  75 k -0.2745009150348 bend  33   32   31      val=   0.13046
        0.0062702861016 bend  34   32   31
        0.2707053663609 bend  34   33   31
        0.6408602011042 bend   1   32   31
        0.0213324669361 bend   1   33   31
       -0.6634543422691 bend   1   34   31
  76 k  0.5773502691896 tors  17   15    1   31 val= 109.00509
        0.5773502691896 tors  16   15    1   31
        0.5773502691896 tors  21   15    1   31
  77 k  0.5773502691896 tors  31    1    2   11 val= 129.29925
        0.5773502691896 tors  31    1    2    3
        0.5773502691896 tors  31    1    2    4
  78 k  1.0000000000000 linc  15    2    1    3 val=  -5.00817
  79 k  1.0000000000000 linp  15    2    1    3 val=  -8.23508
  80 k  1.0000000000000 stre   2   11           val=   3.44373
  81 k  1.0000000000000 stre   2    3           val=   3.45215
  82 k  1.0000000000000 stre   2    4           val=   3.45632
  83 k  0.4381153357494 bend   3   11    2      val=   2.60744
        0.4174355749870 bend   4   11    2
        0.4542802871210 bend   4    3    2
       -0.3853348334089 bend   1   11    2
       -0.3677436137591 bend   1    3    2
       -0.3790957857203 bend   1    4    2
  84 k -0.5615847773628 bend   3   11    2      val=   0.30840
        0.5002020026542 bend   4   11    2
        0.0792790717910 bend   4    3    2
       -0.0675570096843 bend   1   11    2
       -0.4332168670517 bend   1    3    2
        0.4856897360410 bend   1    4    2
  85 k  0.2608043980685 bend   3   11    2      val=   0.68112
        0.3869019646928 bend   4   11    2
       -0.6054076686487 bend   4    3    2
        0.5172920204123 bend   1   11    2
       -0.3210021223670 bend   1    3    2
       -0.2124525675533 bend   1    4    2
  86 k  0.2394120416599 bend   3   11    2      val=   1.03075
       -0.5321676070070 bend   4   11    2
        0.2887104082454 bend   4    3    2
        0.3483896434885 bend   1   11    2
       -0.6142170293962 bend   1    3    2
        0.2783665023692 bend   1    4    2
  87 k  0.4766926319965 bend   3   11    2      val=   0.43796
       -0.0341322372928 bend   4   11    2
       -0.4377585865608 bend   4    3    2
       -0.5218048742707 bend   1   11    2
       -0.0354836707119 bend   1    3    2
        0.5535586031940 bend   1    4    2
  88 k  1.0000000000000 stre  15   17           val=   3.44345
  89 k  1.0000000000000 stre  15   16           val=   3.45204
  90 k  1.0000000000000 stre  15   21           val=   3.45496
  91 k  0.4373040871398 bend  16   17   15      val=   2.55374
        0.4134042566925 bend  21   17   15
        0.4575051313369 bend  21   16   15
       -0.3880152581823 bend   1   17   15
       -0.3676776397926 bend   1   16   15
       -0.3779000176423 bend   1   21   15
  92 k -0.4669103897151 bend  16   17   15      val=   0.85317
        0.5900997672567 bend  21   17   15
       -0.0878238538939 bend  21   16   15
        0.0823151179868 bend   1   17   15
       -0.5048029550664 bend   1   16   15
        0.4055392968060 bend   1   21   15
  93 k  0.4115090920213 bend  16   17   15      val=   0.55591
        0.2326893674532 bend  21   17   15
       -0.6027510228888 bend  21   16   15
        0.5119963885212 bend   1   17   15
       -0.1918263861429 bend   1   16   15
       -0.3380376688848 bend   1   21   15
  94 k  0.3394032832213 bend  16   17   15      val=   0.97097
       -0.5274322063199 bend  21   17   15
        0.1814211177376 bend  21   16   15
        0.2180319615786 bend   1   17   15
       -0.6050021411982 bend   1   16   15
        0.4001768733820 bend   1   21   15
  95 k -0.4046494267695 bend  16   17   15      val=   0.21092
       -0.0903720634520 bend  21   17   15
        0.4909987849634 bend  21   16   15
        0.5901544509525 bend   1   17   15
       -0.1040715875466 bend   1   16   15
       -0.4773874248590 bend   1   21   15
  96 k  1.0000000000000 stre   1   31           val=   4.03885
  97 k -0.7070997776775 bend  15   31    1      val=   0.51278
        0.7071137846262 bend   2   31    1
  98 k  1.0000000000000 stre  15    1           val=   4.46759
  99 k  1.0000000000000 stre   1    2           val=   4.47034
        99 non zero eigenvalues  of BmBt
           1           4.423592678    1    0
         1
           2           4.281638813    2    0
         2
           3           4.160784235    3    0
         3
           4           3.761964093    4    0
         4
           5           3.711818278    5    0
         5
           6           3.703252923    6    0
         6
           7           3.700614160    7    0
         7
           8           3.672478934    8    0
         8
           9           3.343252382    9    0
         9
          10           3.342123723   10    0
        10
          11           3.305451582   11    0
        11
          12           3.299149651   12    0
        12
          13           3.261086033   13    0
        13
          14           3.241286342   14    0
        14
          15           3.190235137   15    0
        15
          16           3.151496967   16    0
        16
          17           3.148699088   17    0
        17
          18           3.119130429   18    0
        18
          19           3.115545644   19    0
        19
          20           3.100220336   20    0
        20
          21           3.060834912   21    0
        21
          22           3.050339848   22    0
        22
          23           2.840452201   23    0
        23
          24           2.449568413   24    0
        24
          25           2.216453693   25    0
        25
          26           1.856464172   26    0
        26
          27           1.555016147   27    0
        27
          28           1.428753203   28    0
        28
          29           1.415393171   29    0
        29
          30           1.405592263   30    0
        30
          31           1.191771243   31    0
        31
          32           0.915079904   32    0
        32
          33           0.888199612   33    0
        33
          34           0.879407292   34    0
        34
          35           0.879169020   35    0
        35
          36           0.860504624   36    0
        36
          37           0.857786261   37    0
        37
          38           0.854073095   38    0
        38
          39           0.850275542   39    0
        39
          40           0.837640239   40    0
        40
          41           0.821142717   41    0
        41
          42           0.811678565   42    0
        42
          43           0.808230635   43    0
        43
          44           0.807743393   44    0
        44
          45           0.802765996   45    0
        45
          46           0.706499511   46    0
        46
          47           0.704052676   47    0
        47
          48           0.703185911   48    0
        48
          49           0.703136794   49    0
        49
          50           0.702717275   50    0
        50
          51           0.700743821   51    0
        51
          52           0.700278742   52    0
        52
          53           0.695430135   53    0
        53
          54           0.691145001   54    0
        54
          55           0.689277096   55    0
        55
          56           0.685548591   56    0
        56
          57           0.684524454   57    0
        57
          58           0.679648805   58    0
        58
          59           0.675881095   59    0
        59
          60           0.668666860   60    0
        60
          61           0.616157017   61    0
        61
          62           0.489412490   62    0
        62
          63           0.444119896   63    0
        63
          64           0.370371911   64    0
        64
          65           0.341440253   65    0
        65
          66           0.341144165   66    0
        66
          67           0.336879094   67    0
        67
          68           0.333287260   68    0
        68
          69           0.327270789   69    0
        69
          70           0.321756154   70    0
        70
          71           0.318346208   71    0
        71
          72           0.296909156   72    0
        72
          73           0.295045757   73    0
        73
          74           0.294706748   74    0
        74
          75           0.293388727   75    0
        75
          76           0.278646520   76    0
        76
          77           0.242996320   77    0
        77
          78           0.144997787   78    0
        78
          79           0.129057190   79    0
        79
          80           0.125137581   80    0
        80
          81           0.103734033   81    0
        81
          82           0.083037367   82    0
        82
          83           0.082524757   83    0
        83
          84           0.068200209   84    0
        84
          85           0.056221098   85    0
        85
          86           0.052975411   86    0
        86
          87           0.047659029   87    0
        87
          88           0.041906692   88    0
        88
          89           0.037070289   89    0
        89
          90           0.036701834   90    0
        90
          91           0.034355004   91    0
        91
          92           0.028995583   92    0
        92
          93           0.024833450   93    0
        93
          94           0.023623125   94    0
        94
          95           0.019858389   95    0
        95
          96           0.017739189   96    0
        96
          97           0.014902977   97    0
        97
          98           0.006909524   98    0
        98
          99           0.005374628   99    0
        99
$end
