$coord
   -0.23641507893371     -0.19894796662235     -0.50477047592849      c
    2.49978346022247     -0.11888621536088     -0.26344614560048      c
    3.16010702792416      2.43113852762596     -0.23188093561754      c
    0.86351963099348      3.94850214467568     -0.16237546343900      c
   -1.22315944599883      2.34125190599717     -0.15166104093418      c
   -3.93458444682438      3.02002427051601      0.19922523260563      c
    0.84074520628910      6.76071889980120      0.05405521305248      c
    5.76338367500427      3.50861672103903     -0.09315370264793      c
    4.20011076751283     -2.35453854505201     -0.04506430454782      c
   -1.78607821553649     -2.55147556054567     -0.32696966778542      c
    0.84688120411016      1.58846621592179     -3.85349824829653      rh
   -0.55274400626368     -0.42314548301776     -6.32499635617867      c
   -1.42874263636333     -1.68828600020174     -7.85201744448237      o
   -0.99593662177507      7.55065655798080     -0.43277190043150      h
    1.28477264702101      7.36157734630428      1.97957416243096      h
    2.23369388543297      7.64223696421602     -1.18262051510664      h
   -4.31680747578929      4.96327651816250     -0.36056646148604      h
   -5.17672462506766      1.81376544225637     -0.91284107091336      h
   -4.49825900719941      2.82552643015374      2.17782474099235      h
   -0.87234374613192     -4.13993584568404     -1.26362744918463      h
   -2.07849125446231     -3.07646869704087      1.64890344019816      h
   -3.64020024749583     -2.31071526136625     -1.18717120418657      h
    6.11308034027718     -1.92591527360418     -0.67264085326119      h
    4.32366232753037     -3.00490437725622      1.91235828434377      h
    3.53233301501815     -3.93876839161672     -1.17614762414208      h
    5.97754891875178      5.16865193520162     -1.29549561588316      h
    6.22146429979411      4.10080291115986      1.83201571997092      h
    7.18850752875997      2.14341648305642     -0.67527749484090      h
$user-defined bonds
$end
