$coord
    0.03844182770622     -0.94501610694874     -0.39543902418828      c
   -1.24868589812472      1.36372205142475     -0.39544235145224      c
   -3.88358535674715      1.39299166428235     -0.39543749850536      c
   -5.24982282325621     -0.86179718552836     -0.39543782189049      c
   -3.95722255384143     -3.16002747620099     -0.39543694414584      c
   -1.32369933780555     -3.21201062895393     -0.39544078726795      c
    3.66438909593817     -1.14681217360794     -0.39543064631198      se
    4.04228601200457      1.60988058444623     -0.39543079584037      h
   -0.20710027097596      3.13192295464362     -0.39545280118086      h
   -4.86718394195788      3.19539270284807     -0.39543021843911      h
   -7.30127332200749     -0.82825471356825     -0.39544060324360      h
   -4.99827751641249     -4.92962370959891     -0.39543082193901      h
   -0.33734395651999     -5.01303978023792     -0.39544878159486      h
$user-defined bonds
$redundant
     number_of_atoms            13
     degrees_of_freedom         33
     internal_coordinates       33
     frozen_coordinates          0
# definitions of redundant internals
   1 k  1.0000000000000 tors    8    7    1    2 val=  90.00000
        1.0000000000000 tors    8    7    1    6
   2 k  1.0000000000000 stre    7    8           val=   2.78369
   3 k  1.0000000000000 bend    1    8    7      val=  94.60258
   4 k  1.0000000000000 stre    2    9           val=   2.05217
   5 k  0.7071067811865 bend    3    9    2      val=  -0.31625
       -0.7071067811865 bend    1    9    2
   6 k  1.0000000000000 outp    9    1    3    2 val=   0.00000
   7 k  1.0000000000000 stre    3   10           val=   2.05316
   8 k  0.7071067811865 bend    2   10    3      val=  -0.45722
       -0.7071067811865 bend    4   10    3
   9 k  1.0000000000000 outp   10    4    2    3 val=   0.00000
  10 k  1.0000000000000 stre    4   11           val=   2.05157
  11 k  0.7071067811865 bend    3   11    4      val=  -0.00322
       -0.7071067811865 bend    5   11    4
  12 k  1.0000000000000 outp   11    5    3    4 val=   0.00000
  13 k  1.0000000000000 stre    5   12           val=   2.05296
  14 k -0.7071067811865 bend    6   12    5      val=   0.41196
        0.7071067811865 bend    4   12    5
  15 k  1.0000000000000 outp   12    4    6    5 val=   0.00000
  16 k  1.0000000000000 stre    6   13           val=   2.05339
  17 k  0.7071067811865 bend    5   13    6      val=  -0.29134
       -0.7071067811865 bend    1   13    6
  18 k  1.0000000000000 outp   13    1    5    6 val=   0.00000
  19 k  1.0000000000000 stre    1    7           val=   3.63303
  20 k -0.7071067811865 bend    2    7    1      val=  -2.26294
        0.7071067811865 bend    6    7    1
  21 k  1.0000000000000 outp    7    6    2    1 val=   0.00000
  22 k  1.0000000000000 stre    1    2           val=   2.64279
  23 k  1.0000000000000 stre    2    3           val=   2.63497
  24 k  1.0000000000000 stre    3    4           val=   2.63635
  25 k  1.0000000000000 stre    4    5           val=   2.63692
  26 k  1.0000000000000 stre    5    6           val=   2.63376
  27 k  1.0000000000000 stre    6    1           val=   2.64468
  28 k -0.5000000000000 bend    1    3    2      val=  -0.27791
       -0.5000000000000 bend    2    4    3
        1.0000000000000 bend    3    5    4
       -0.5000000000000 bend    4    6    5
       -0.5000000000000 bend    5    1    6
        1.0000000000000 bend    6    2    1
  29 k  0.8660254037844 bend    1    3    2      val=  -0.04905
       -0.8660254037844 bend    2    4    3
        0.8660254037844 bend    4    6    5
       -0.8660254037844 bend    5    1    6
  30 k -1.0000000000000 bend    1    3    2      val=   0.30403
        1.0000000000000 bend    2    4    3
       -1.0000000000000 bend    3    5    4
        1.0000000000000 bend    4    6    5
       -1.0000000000000 bend    5    1    6
        1.0000000000000 bend    6    2    1
  31 k -0.5000000000000 tors    2    3    4    5 val=   0.00000
       -0.5000000000000 tors    3    4    5    6
        1.0000000000000 tors    4    5    6    1
       -0.5000000000000 tors    5    6    1    2
       -0.5000000000000 tors    6    1    2    3
        1.0000000000000 tors    1    2    3    4
  32 k  0.8660254037844 tors    2    3    4    5 val=   0.00000
       -0.8660254037844 tors    3    4    5    6
        0.8660254037844 tors    5    6    1    2
       -0.8660254037844 tors    6    1    2    3
  33 k -1.0000000000000 tors    2    3    4    5 val=   0.00000
        1.0000000000000 tors    3    4    5    6
       -1.0000000000000 tors    4    5    6    1
        1.0000000000000 tors    5    6    1    2
       -1.0000000000000 tors    6    1    2    3
        1.0000000000000 tors    1    2    3    4
        33 non zero eigenvalues  of BmBt
           1          10.867192373    1    0
         1
           2           5.204649834    2    0
         2
           3           4.801303028    3    0
         3
           4           4.368737819    4    0
         4
           5           4.281226661    5    0
         5
           6           3.544240164    6    0
         6
           7           3.501652731    7    0
         7
           8           3.330076300    8    0
         8
           9           3.184445196    9    0
         9
          10           2.624498901   10    0
        10
          11           2.166390712   11    0
        11
          12           1.921214135   12    0
        12
          13           1.905925090   13    0
        13
          14           1.779624041   14    0
        14
          15           1.594706833   15    0
        15
          16           1.389426178   16    0
        16
          17           1.151594959   17    0
        17
          18           0.851481603   18    0
        18
          19           0.575635852   19    0
        19
          20           0.540164445   20    0
        20
          21           0.418781109   21    0
        21
          22           0.387659601   22    0
        22
          23           0.370061094   23    0
        23
          24           0.356527122   24    0
        24
          25           0.322272479   25    0
        25
          26           0.293221180   26    0
        26
          27           0.280469339   27    0
        27
          28           0.264529318   28    0
        28
          29           0.150324435   29    0
        29
          30           0.135248566   30    0
        30
          31           0.107573084   31    0
        31
          32           0.060940882   32    0
        32
          33           0.045417678   33    0
        33
$end
