$coord
   -0.29267754147449      0.54275070217460      0.57962040649061      rh
    4.73378878839659     -0.22946503623134      0.79303662688419      h
    3.14963281822037      4.18199366705585      1.48765520161125      h
   -1.18529825370367      1.63648640491854      4.66670868718937      c
   -3.48122601725384      1.00363501086499      3.46330597736235      c
   -0.90941876023347     -2.57383761201670      3.39797648159177      c
    0.43716646570866     -0.54732550260084      4.57121289755432      c
   -5.08065440983084      2.24406977889796      3.18214938339997      h
   -4.76591573071863     -2.61164076259526      1.64178885941834      h
   -0.24119564333978     -4.48416392474562      3.12804298351806      h
   -3.29454178414168     -1.57590427700594      2.61394944178082      c
    2.32153295856582     -0.65746980064796      5.35848975616213      h
   -0.70468800143975      3.45036807793210      5.47591364506843      h
    3.81268539382408     -0.03636418457061     -2.52427690678802      h
    2.24365184552109      4.37800334472654     -1.83563041035810      h
    3.53411457300844      0.66571887195822     -0.61528557897416      c
    2.64179512751200      3.16739903372782     -0.22634333609257      c
   -2.15001929498584      1.82724914304262     -2.74399638540951      c
   -1.24579586462727     -0.67194250520820     -3.12187765890570      c
   -1.20879865412628      3.40850201939244     -3.65392007180843      h
    0.39069766730780     -0.99864647772449     -4.31768643876339      h
   -2.54410351988948     -2.26199289918671     -3.02119419107254      h
   -4.14022393329981      2.14769302084200     -2.34216382685909      h
$user-defined bonds
$redundant
     number_of_atoms            23
     degrees_of_freedom         63
     internal_coordinates       76
     frozen_coordinates          0
# definitions of redundant internals
   1 k  1.0000000000000 stre  16   14           val=   2.05299
   2 k  1.0000000000000 stre  16    2           val=   2.05522
   3 k -0.1514592397301 bend   2   14   16      val=   3.46075
        0.6764333938417 bend  17   14   16
       -0.5297798342699 bend  17    2   16
        0.3699998507551 bend   1   14   16
       -0.3192669729838 bend   1    2   16
   4 k -0.7720619822342 bend   2   14   16      val=  19.70737
        0.3047160190449 bend  17   14   16
        0.5251148748993 bend  17    2   16
        0.0376422681420 bend   1   14   16
        0.1841354695181 bend   1    2   16
   5 k -0.1211482276578 bend   2   14   16      val=  30.75544
       -0.3014772918986 bend  17   14   16
       -0.2696914054780 bend  17    2   16
        0.6555942452678 bend   1   14   16
        0.6260169972037 bend   1    2   16
   6 k  0.0032117518808 bend   2   14   16      val=  -1.08021
        0.3358767034057 bend  17   14   16
       -0.3679351692342 bend  17    2   16
       -0.5968649995548 bend   1   14   16
        0.6289295734073 bend   1    2   16
   7 k  1.0000000000000 stre  17   15           val=   2.05278
   8 k  1.0000000000000 stre  17    3           val=   2.05550
   9 k -0.1742582044014 bend   3   15   17      val=   4.11460
        0.6841049580510 bend  16   15   17
       -0.5142292406771 bend  16    3   17
        0.3724644479712 bend   1   15   17
       -0.3138040911125 bend   1    3   17
  10 k -0.7672306190473 bend   3   15   17      val=  19.86730
        0.2843465096273 bend  16   15   17
        0.5391652354216 bend  16    3   17
        0.0294219948095 bend   1   15   17
        0.1973307750788 bend   1    3   17
  11 k -0.1186775338355 bend   3   15   17      val=  30.39601
       -0.3056232772463 bend  16   15   17
       -0.2716072160310 bend  16    3   17
        0.6559457885176 bend   1   15   17
        0.6232773845519 bend   1    3   17
  12 k  0.0035244129369 bend   3   15   17      val=  -1.15556
        0.3355223851046 bend  16   15   17
       -0.3700127056614 bend  16    3   17
       -0.5947626380768 bend   1   15   17
        0.6298891248499 bend   1    3   17
  13 k  1.0000000000000 stre   5    8           val=   2.04350
  14 k -0.7067716558430 bend   4    8    5      val=   2.37155
        0.7068061634008 bend  11    8    5
        0.0299812253851 bend   1    8    5
  15 k  0.0240971848447 bend   4    8    5      val= 119.06497
       -0.0183024561185 bend  11    8    5
        0.9995420680405 bend   1    8    5
  16 k  1.0000000000000 stre  11    9           val=   2.04519
  17 k  0.7071024646589 bend   6    9   11      val=   0.95359
       -0.7070645071317 bend   5    9   11
        0.0081170947955 bend   1    9   11
  18 k -0.0459348445558 bend   6    9   11      val= 104.13746
       -0.0344762683377 bend   5    9   11
        0.9983493261265 bend   1    9   11
  19 k  1.0000000000000 stre   6   10           val=   2.04175
  20 k -0.7070308310966 bend  11   10    6      val=   1.07762
        0.7070742492880 bend   7   10    6
        0.0123858739141 bend   1   10    6
  21 k  0.0192529849842 bend  11   10    6      val= 123.52369
        0.0017379993211 bend   7   10    6
        0.9998131335042 bend   1   10    6
  22 k  1.0000000000000 stre   7   12           val=   2.04518
  23 k  0.7070498453535 bend   6   12    7      val=   1.07686
       -0.7070985842782 bend   4   12    7
        0.0095973067804 bend   1   12    7
  24 k -0.0600740129468 bend   6   12    7      val=  98.67846
       -0.0465363183216 bend   4   12    7
        0.9971085618154 bend   1   12    7
  25 k  1.0000000000000 stre   4   13           val=   2.04352
  26 k -0.7064416348886 bend   5   13    4      val=   3.27709
        0.7065964841597 bend   7   13    4
        0.0407630355727 bend   1   13    4
  27 k  0.0398110245172 bend   5   13    4      val= 119.28687
       -0.0178320557104 bend   7   13    4
        0.9990480969984 bend   1   13    4
  28 k  1.0000000000000 stre  18   20           val=   2.05286
  29 k  1.0000000000000 stre  18   23           val=   2.05550
  30 k -0.1985899367110 bend  23   20   18      val=   4.54579
        0.6940012323890 bend  19   20   18
       -0.4982340205833 bend  19   23   18
        0.3702493337647 bend   1   20   18
       -0.3059454494838 bend   1   23   18
  31 k -0.7615218533833 bend  23   20   18      val=  19.63529
        0.2631854946189 bend  19   20   18
        0.5557022252752 bend  19   23   18
        0.0149389278534 bend   1   20   18
        0.2044253592406 bend   1   23   18
  32 k -0.1181801467969 bend  23   20   18      val=  31.31436
       -0.3017669533598 bend  19   20   18
       -0.2662557418838 bend  19   23   18
        0.6594592024386 bend   1   20   18
        0.6238522252873 bend   1   23   18
  33 k  0.0039849892637 bend  23   20   18      val=  -1.07291
        0.3324414191496 bend  19   20   18
       -0.3687102915394 bend  19   23   18
       -0.5944476492204 bend   1   20   18
        0.6325753203719 bend   1   23   18
  34 k  1.0000000000000 stre  19   21           val=   2.05300
  35 k  1.0000000000000 stre  19   22           val=   2.05524
  36 k -0.1347874639691 bend  22   21   19      val=   3.15619
        0.6708679725083 bend  18   21   19
       -0.5408770707437 bend  18   22   19
        0.3678617111737 bend   1   21   19
       -0.3223325283236 bend   1   22   19
  37 k -0.7751580369439 bend  22   21   19      val=  19.59618
        0.3187259746657 bend  18   21   19
        0.5146786507396 bend  18   22   19
        0.0448387588630 bend   1   21   19
        0.1750404039393 bend   1   22   19
  38 k -0.1220764392652 bend  22   21   19      val=  30.95241
       -0.2987255765411 bend  18   21   19
       -0.2696231684163 bend  18   22   19
        0.6543329191339 bend   1   21   19
        0.6284999211515 bend   1   22   19
  39 k  0.0027799428900 bend  22   21   19      val=  -1.14613
        0.3363129062183 bend  18   21   19
       -0.3653518777440 bend  18   22   19
       -0.5994503367962 bend   1   21   19
        0.6277445341637 bend   1   22   19
  40 k  1.0000000000000 stre   1   16           val=   4.01089
  41 k  1.0000000000000 stre  16   17           val=   2.68438
  42 k  1.0000000000000 stre  17    1           val=   4.01864
  43 k  1.0000000000000 stre   1   19           val=   4.01061
  44 k  1.0000000000000 stre  19   18           val=   2.68447
  45 k  1.0000000000000 stre  18    1           val=   4.01822
  46 k -0.0057826621150 bend  19   16    1      val=   0.14040
        0.0071173714264 bend  19   17    1
       -0.0107807214412 bend  18   16    1
        0.0020423638320 bend  18   17    1
        0.2806607730356 bend   7   16    1
        0.2777577045265 bend   7   17    1
       -0.1613794679488 bend   7   19    1
        0.1459979363417 bend  11   16    1
       -0.2770846510995 bend  11   19    1
       -0.2744393702603 bend  11   18    1
        0.1967606790851 bend   6   16    1
        0.2488079562781 bend   6   17    1
       -0.1923772100696 bend   6   19    1
       -0.2512574480987 bend   6   18    1
        0.2689538796505 bend   4   16    1
        0.2323392494925 bend   4   17    1
       -0.2618808544379 bend   4   19    1
       -0.1462186655020 bend   4   18    1
        0.2774243202385 bend   5   16    1
        0.1506711337126 bend   5   17    1
       -0.2686425795962 bend   5   19    1
       -0.2356916604278 bend   5   18    1
  47 k  0.0766273986779 bend  19   16    1      val=  22.47653
       -0.0505183511559 bend  19   17    1
       -0.0535571262705 bend  18   16    1
       -0.1792924249825 bend  18   17    1
        0.1688929927418 bend   7   16    1
       -0.0186661397190 bend   7   17    1
        0.3678460869566 bend   7   19    1
        0.3748120497025 bend  11   16    1
        0.1854815686588 bend  11   19    1
       -0.0011081361123 bend  11   18    1
        0.3418679765186 bend   6   16    1
        0.1289472691552 bend   6   17    1
        0.3461021794917 bend   6   19    1
        0.1216517315657 bend   6   18    1
       -0.0336037080624 bend   4   16    1
       -0.2440800940958 bend   4   17    1
       -0.0567290088321 bend   4   19    1
       -0.3412560923993 bend   4   18    1
        0.0062755458295 bend   5   16    1
       -0.3400194520190 bend   5   17    1
       -0.0314303850305 bend   5   19    1
       -0.2288746780751 bend   5   18    1
  48 k -0.3964315148685 bend  19   16    1      val=  45.86352
       -0.3629407799168 bend  19   17    1
       -0.3661616043587 bend  18   16    1
       -0.3177377992732 bend  18   17    1
        0.1671488458634 bend   7   16    1
        0.1872090576862 bend   7   17    1
        0.0420926056972 bend   7   19    1
        0.0332957139485 bend  11   16    1
        0.1619851831426 bend  11   19    1
        0.1900302467592 bend  11   18    1
        0.0753991729219 bend   6   16    1
        0.1404251174725 bend   6   17    1
        0.0687597924565 bend   6   19    1
        0.1493357950795 bend   6   18    1
        0.1967217928273 bend   4   16    1
        0.1993701325979 bend   4   17    1
        0.1997599753929 bend   4   19    1
        0.1696830440534 bend   4   18    1
        0.1952629615070 bend   5   16    1
        0.1633148886853 bend   5   17    1
        0.1995355035897 bend   5   19    1
        0.2089878749801 bend   5   18    1
  49 k  0.0030675756752 bend  19   16    1      val=   0.34954
       -0.4419534272955 bend  19   17    1
        0.4299530482050 bend  18   16    1
       -0.0064952073053 bend  18   17    1
       -0.1872081378356 bend   7   16    1
        0.2451264970033 bend   7   17    1
        0.1440309420815 bend   7   19    1
       -0.1279341876503 bend  11   16    1
        0.1929982103916 bend  11   19    1
       -0.2337673048732 bend  11   18    1
       -0.1550348608846 bend   6   16    1
        0.2051853684689 bend   6   17    1
        0.1604494892967 bend   6   19    1
       -0.1976972909697 bend   6   18    1
       -0.1585911967995 bend   4   16    1
        0.2276169796915 bend   4   17    1
        0.1541652214677 bend   4   19    1
       -0.1698826553635 bend   4   18    1
       -0.1679441549672 bend   5   16    1
        0.1655646600238 bend   5   17    1
        0.1614033803513 bend   5   19    1
       -0.2310926055466 bend   5   18    1
  50 k -0.4425713942289 bend  19   16    1      val=   7.53299
        0.0279493940766 bend  19   17    1
        0.0326786717578 bend  18   16    1
        0.5044864447688 bend  18   17    1
        0.1714224262153 bend   7   16    1
       -0.2374819343610 bend   7   17    1
        0.0257779146665 bend   7   19    1
        0.0169664810480 bend  11   16    1
        0.1726408565029 bend  11   19    1
       -0.2413585486365 bend  11   18    1
        0.0639477747461 bend   6   16    1
       -0.2506175417941 bend   6   17    1
        0.0573204920345 bend   6   19    1
       -0.2546612006273 bend   6   18    1
        0.2134535405461 bend   4   16    1
       -0.1392262971637 bend   4   17    1
        0.2299433576787 bend   4   19    1
       -0.0350298437987 bend   4   18    1
        0.2098749482101 bend   5   16    1
       -0.0430194481287 bend   5   17    1
        0.2281783957657 bend   5   19    1
       -0.1446825253180 bend   5   18    1
  51 k -0.0032514335363 bend  19   16    1      val=   1.20424
       -0.0259597133450 bend  19   17    1
        0.0408970577745 bend  18   16    1
        0.0185839671873 bend  18   17    1
        0.0324570098123 bend   7   16    1
       -0.1461990142640 bend   7   17    1
        0.3001811812564 bend   7   19    1
       -0.3194392327684 bend  11   16    1
        0.0052526039423 bend  11   19    1
        0.1613218835998 bend  11   18    1
       -0.2391540744813 bend   6   16    1
       -0.3027661957143 bend   6   17    1
        0.2521737197208 bend   6   19    1
        0.2867015795440 bend   6   18    1
        0.2601808476888 bend   4   16    1
        0.1471669686043 bend   4   17    1
       -0.2603833576155 bend   4   19    1
       -0.3000948336330 bend   4   18    1
        0.2203944597634 bend   5   16    1
        0.3097801607413 bend   5   17    1
       -0.2365004521830 bend   5   19    1
       -0.1197394287271 bend   5   18    1
  52 k  0.5000000000000 tors   4    7    1    5 val=   0.77429
        0.5000000000000 tors   4    7    1   11
        0.5000000000000 tors   6    7    1    5
        0.5000000000000 tors   6    7    1   11
  53 k  0.5000000000000 tors   5   11    1    4 val=  -0.76552
        0.5000000000000 tors   5   11    1    7
        0.5000000000000 tors   6   11    1    4
        0.5000000000000 tors   6   11    1    7
  54 k  0.5000000000000 tors   7    6    1    4 val=   0.00666
        0.5000000000000 tors   7    6    1    5
        0.5000000000000 tors  11    6    1    4
        0.5000000000000 tors  11    6    1    5
  55 k  0.5000000000000 tors   5    4    1    6 val=   0.30947
        0.5000000000000 tors   5    4    1   11
        0.5000000000000 tors   7    4    1    6
        0.5000000000000 tors   7    4    1   11
  56 k  0.5000000000000 tors   4    5    1    6 val=  -0.32497
        0.5000000000000 tors   4    5    1    7
        0.5000000000000 tors  11    5    1    6
        0.5000000000000 tors  11    5    1    7
  57 k  1.0000000000000 stre   1    7           val=   4.20164
  58 k  1.0000000000000 stre   1   11           val=   4.19981
  59 k  1.0000000000000 stre   1    6           val=   4.24695
  60 k  1.0000000000000 stre   7    6           val=   2.70121
  61 k  1.0000000000000 stre  11    6           val=   2.70174
  62 k  1.0000000000000 stre   1    4           val=   4.32404
  63 k  1.0000000000000 stre   7    4           val=   2.72223
  64 k  1.0000000000000 stre   1    5           val=   4.32376
  65 k  1.0000000000000 stre  11    5           val=   2.72218
  66 k  1.0000000000000 stre   4    5           val=   2.66833
  67 k  0.4600521461573 bend  11    7    1      val=  61.76457
        0.4442218871524 bend   4   11    1
        0.4418717327130 bend   4    6    1
        0.4488003863265 bend   5    7    1
        0.4408475052138 bend   5    6    1
  68 k -0.6188200650528 bend  11    7    1      val=   0.95306
       -0.0766151863743 bend   4   11    1
        0.5703830051357 bend   4    6    1
       -0.2916017097416 bend   5    7    1
        0.4481333625530 bend   5    6    1
  69 k -0.1109268545399 bend  11    7    1      val=   0.00129
       -0.6317982308451 bend   4   11    1
       -0.2672459807172 bend   4    6    1
        0.5640789709224 bend   5    7    1
        0.4460053013099 bend   5    6    1
  70 k -0.6246770159062 bend  11    7    1      val=   0.12668
        0.4800711060378 bend   4   11    1
       -0.1385174778161 bend   4    6    1
        0.5460455142239 bend   5    7    1
       -0.2489127631954 bend   5    6    1
  71 k -0.0537364740611 bend  11    7    1      val=   0.17134
        0.4088517541117 bend   4   11    1
       -0.6235423749927 bend   4    6    1
       -0.3117625170994 bend   5    7    1
        0.5864739329549 bend   5    6    1
  72 k  1.0000000000000 bend   7    5    4      val= 107.86300
  73 k  1.0000000000000 bend  11    4    5      val= 107.84556
  74 k  1.0000000000000 bend   7   11    6      val= 106.79964
  75 k  1.0000000000000 bend   4    6    7      val= 108.66056
  76 k  1.0000000000000 bend   5    6   11      val= 108.66355
        63 non zero eigenvalues  of BmBt
           1           5.362470095    1    0
         1
           2           4.564026808    2    0
         2
           3           4.405307279    3    0
         3
           4           4.401295330    4    0
         4
           5           3.660165168    5    0
         5
           6           3.485816797    6    0
         6
           7           2.918779351    7    0
         7
           8           2.724669585    8    0
         8
           9           2.629593408    9    0
         9
          10           2.424647584   10    0
        10
          11           2.347835640   11    0
        11
          12           2.344430065   12    0
        12
          13           2.258915700   13    0
        13
          14           2.090429110   14    0
        14
          15           2.087999774   15    0
        15
          16           2.031644613   16    0
        16
          17           1.683241394   17    0
        17
          18           1.571393407   18    0
        18
          19           1.425021907   19    0
        19
          20           1.370516664   20    0
        20
          21           1.365881000   21    0
        21
          22           1.084780232   22    0
        22
          23           1.032211289   23    0
        23
          24           1.028742547   24    0
        24
          25           0.974814656   25    0
        25
          26           0.908684377   26    0
        26
          27           0.897302848   27    0
        27
          28           0.888939408   28    0
        28
          29           0.888814283   29    0
        29
          30           0.687884629   30    0
        30
          31           0.687174356   31    0
        31
          32           0.620699603   32    0
        32
          33           0.620277875   33    0
        33
          34           0.612889201   34    0
        34
          35           0.585375975   35    0
        35
          36           0.547562768   36    0
        36
          37           0.423241887   37    0
        37
          38           0.409528182   38    0
        38
          39           0.300412967   39    0
        39
          40           0.273606665   40    0
        40
          41           0.203572135   41    0
        41
          42           0.203332099   42    0
        42
          43           0.188314502   43    0
        43
          44           0.183000019   44    0
        44
          45           0.174826687   45    0
        45
          46           0.110553994   46    0
        46
          47           0.101093269   47    0
        47
          48           0.097945833   48    0
        48
          49           0.050332845   49    0
        49
          50           0.030023475   50    0
        50
          51           0.028626923   51    0
        51
          52           1.205545339    0    0
         0.000000000         0.000000000         0.000000000         0.000000000
         0.000000000         0.000000000         0.000000000         0.000000000
         0.000000000         0.000000000         0.000000000         0.000000000
         0.000000000         0.000000000         0.000000000         0.000000000
         0.000000000         0.000000000         0.000000000         0.000000000
         0.000000000         0.000000000         0.000000000         0.000000000
         0.000000000         0.000000000         0.000000000         0.000000000
         0.000000000         0.000000000         0.000000000         0.000000000
         0.000000000         0.000000000         0.000000000         0.000000000
         0.000000000         0.000000000         0.000000000         0.000000000
         0.000000000         0.000000000         0.000000000         0.000000000
         0.000000000         0.000000000         0.000000000         0.000000000
         0.000000000         0.000000000         0.000000000         0.032970577
        -0.065008284         0.021995244        -0.092556861         0.102979966
         0.047219653         0.019537330        -0.152390743        -0.082140230
        -0.340698008        -0.090676706         0.338110926        -0.023855653
         0.517651803        -0.570408070         0.001591166         0.015033080
         0.002131374         0.002207712         0.001244540         0.117660245
        -0.000318218         0.208521284        -0.190486324        -0.126831122
          53           1.168920657    0    0
         0.000000000         0.000000000         0.000000000         0.000000000
         0.000000000         0.000000000         0.000000000         0.000000000
         0.000000000         0.000000000         0.000000000         0.000000000
         0.000000000         0.000000000         0.000000000         0.000000000
         0.000000000         0.000000000         0.000000000         0.000000000
         0.000000000         0.000000000         0.000000000         0.000000000
         0.000000000         0.000000000         0.000000000         0.000000000
         0.000000000         0.000000000         0.000000000         0.000000000
         0.000000000         0.000000000         0.000000000         0.000000000
         0.000000000         0.000000000         0.000000000         0.000000000
         0.000000000         0.000000000         0.000000000         0.000000000
         0.000000000         0.000000000         0.000000000         0.000000000
         0.000000000         0.000000000         0.000000000        -0.032349864
        -0.024083575         0.039796513         0.025141659        -0.008892858
         0.083633547        -0.094470676         0.073776074         0.532216199
        -0.395194148        -0.159631642        -0.402108852         0.214766769
         0.224875648         0.141925929         0.005148461        -0.001928387
         0.028118146        -0.001554816         0.001994118         0.270400430
        -0.304765581        -0.070452124        -0.112472937         0.216411387
          54           1.065917258    0    0
         0.000000000         0.000000000         0.000000000         0.000000000
         0.000000000         0.000000000         0.000000000         0.000000000
         0.000000000         0.000000000         0.000000000         0.000000000
         0.000000000         0.000000000         0.000000000         0.000000000
         0.000000000         0.000000000         0.000000000         0.000000000
         0.000000000         0.000000000         0.000000000         0.000000000
         0.000000000         0.000000000         0.000000000         0.000000000
         0.000000000         0.000000000         0.000000000         0.000000000
         0.000000000         0.000000000         0.000000000         0.000000000
         0.000000000         0.000000000         0.000000000         0.000000000
         0.000000000         0.000000000         0.000000000         0.000000000
         0.000000000         0.000000000         0.000000000         0.000000000
         0.000000000         0.000000000         0.000000000         0.011421872
        -0.024487746         0.008926634        -0.044125526         0.048530818
         0.275156455         0.303175784         0.359734734         0.241061987
         0.261324303         0.370215302         0.376095916         0.324495008
         0.361730911         0.211023632         0.083037927         0.028818727
        -0.003640451         0.003285434         0.000594162        -0.041838957
         0.012678585        -0.026225827         0.042556878         0.010287674
          55           0.887875787    0    0
         0.000000000         0.000000000         0.000000000         0.000000000
         0.000000000         0.000000000         0.000000000         0.000000000
         0.000000000         0.000000000         0.000000000         0.000000000
         0.000000000         0.000000000         0.000000000         0.000000000
         0.000000000         0.000000000         0.000000000         0.000000000
         0.000000000         0.000000000         0.000000000         0.000000000
         0.000000000         0.000000000         0.000000000         0.000000000
         0.000000000         0.000000000         0.000000000         0.000000000
         0.000000000         0.000000000         0.000000000         0.000000000
         0.000000000         0.000000000         0.000000000         0.000000000
         0.000000000         0.000000000         0.000000000         0.000000000
         0.000000000         0.000000000         0.000000000         0.000000000
         0.000000000         0.000000000         0.000000000        -0.104893378
         0.156230501        -0.014790804         0.202856424        -0.238362694
         0.343038567         0.355708315        -0.296629088         0.058204226
         0.142647756        -0.147184449        -0.109183488        -0.020352099
        -0.059909184         0.189902354         0.025962418        -0.176969018
        -0.010890775        -0.001349351         0.004817755         0.184970667
         0.074125975         0.403444752        -0.327777189        -0.307853447
          56           0.847857857    0    0
         0.000000000         0.000000000         0.000000000         0.000000000
         0.000000000         0.000000000         0.000000000         0.000000000
         0.000000000         0.000000000         0.000000000         0.000000000
         0.000000000         0.000000000         0.000000000         0.000000000
         0.000000000         0.000000000         0.000000000         0.000000000
         0.000000000         0.000000000         0.000000000         0.000000000
         0.000000000         0.000000000         0.000000000         0.000000000
         0.000000000         0.000000000         0.000000000         0.000000000
         0.000000000         0.000000000         0.000000000         0.000000000
         0.000000000         0.000000000         0.000000000         0.000000000
         0.000000000         0.000000000         0.000000000         0.000000000
         0.000000000         0.000000000         0.000000000         0.000000000
         0.000000000         0.000000000         0.000000000         0.173500062
        -0.180468706         0.015027599         0.093958558        -0.101522498
         0.061528188         0.121638783         0.357596775         0.356072128
         0.382404067        -0.264384575        -0.129066740        -0.267216199
        -0.084897434        -0.479790876         0.010592643         0.003964181
        -0.005514148        -0.073459856        -0.003534371         0.146908370
         0.169339595        -0.198224923        -0.040875587        -0.079578077
          57           0.820657884    0    0
         0.000000000         0.000000000         0.000000000         0.000000000
         0.000000000         0.000000000         0.000000000         0.000000000
         0.000000000         0.000000000         0.000000000         0.000000000
         0.000000000         0.000000000         0.000000000         0.000000000
         0.000000000         0.000000000         0.000000000         0.000000000
         0.000000000         0.000000000         0.000000000         0.000000000
         0.000000000         0.000000000         0.000000000         0.000000000
         0.000000000         0.000000000         0.000000000         0.000000000
         0.000000000         0.000000000         0.000000000         0.000000000
         0.000000000         0.000000000         0.000000000         0.000000000
         0.000000000         0.000000000         0.000000000         0.000000000
         0.000000000         0.000000000         0.000000000         0.000000000
         0.000000000         0.000000000         0.000000000         0.091616792
         0.074098344         0.151556617        -0.189671106        -0.129870743
        -0.302492793         0.226751701         0.011794157        -0.370226641
         0.316197704        -0.232464264        -0.358119786         0.287047511
         0.391462695        -0.002140031        -0.005659246         0.019235756
         0.015429618        -0.004016154         0.073816205         0.130526212
        -0.172021349        -0.034330843         0.203893901        -0.129540035
          58           0.763760824    0    0
         0.000000000         0.000000000         0.000000000         0.000000000
         0.000000000         0.000000000         0.000000000         0.000000000
         0.000000000         0.000000000         0.000000000         0.000000000
         0.000000000         0.000000000         0.000000000         0.000000000
         0.000000000         0.000000000         0.000000000         0.000000000
         0.000000000         0.000000000         0.000000000         0.000000000
         0.000000000         0.000000000         0.000000000         0.000000000
         0.000000000         0.000000000         0.000000000         0.000000000
         0.000000000         0.000000000         0.000000000         0.000000000
         0.000000000         0.000000000         0.000000000         0.000000000
         0.000000000         0.000000000         0.000000000         0.000000000
         0.000000000         0.000000000         0.000000000         0.000000000
         0.000000000         0.000000000         0.000000000        -0.181307944
        -0.143557575         0.265919186         0.060051772         0.014287273
        -0.267446554         0.291431506        -0.065641969         0.232848550
        -0.232823267         0.294306810        -0.289012477        -0.320077023
         0.223477176         0.061470112         0.006085446         0.010358999
        -0.148140685         0.000347598         0.016653542        -0.279123235
         0.283186096         0.037142288         0.194824710        -0.238073235
          59           0.431695336    0    0
         0.000000000         0.000000000         0.000000000         0.000000000
         0.000000000         0.000000000         0.000000000         0.000000000
         0.000000000         0.000000000         0.000000000         0.000000000
         0.000000000         0.000000000         0.000000000         0.000000000
         0.000000000         0.000000000         0.000000000         0.000000000
         0.000000000         0.000000000         0.000000000         0.000000000
         0.000000000         0.000000000         0.000000000         0.000000000
         0.000000000         0.000000000         0.000000000         0.000000000
         0.000000000         0.000000000         0.000000000         0.000000000
         0.000000000         0.000000000         0.000000000         0.000000000
         0.000000000         0.000000000         0.000000000         0.000000000
         0.000000000         0.000000000         0.000000000         0.000000000
         0.000000000         0.000000000         0.000000000        -0.180926707
         0.164026181        -0.045385278        -0.041694588         0.104160634
        -0.260119607        -0.122696718         0.093084602         0.146136565
         0.129006007        -0.476243385         0.303341248        -0.384023396
         0.245528609         0.353352358         0.363871984        -0.021264134
        -0.001610399         0.069744454        -0.009502126        -0.042774039
        -0.035684094         0.060147288        -0.008604987         0.016930870
          60           0.418459864    0    0
         0.000000000         0.000000000         0.000000000         0.000000000
         0.000000000         0.000000000         0.000000000         0.000000000
         0.000000000         0.000000000         0.000000000         0.000000000
         0.000000000         0.000000000         0.000000000         0.000000000
         0.000000000         0.000000000         0.000000000         0.000000000
         0.000000000         0.000000000         0.000000000         0.000000000
         0.000000000         0.000000000         0.000000000         0.000000000
         0.000000000         0.000000000         0.000000000         0.000000000
         0.000000000         0.000000000         0.000000000         0.000000000
         0.000000000         0.000000000         0.000000000         0.000000000
         0.000000000         0.000000000         0.000000000         0.000000000
         0.000000000         0.000000000         0.000000000         0.000000000
         0.000000000         0.000000000         0.000000000        -0.179558313
         0.249135290         0.114803582        -0.253436375         0.068825979
         0.453407831         0.083184232         0.509425840        -0.304858539
        -0.221939336        -0.089253711        -0.164525242        -0.327242479
         0.001257028         0.024862685        -0.198722584         0.013548335
         0.000305125         0.091679040         0.053943286        -0.042872599
        -0.072937460         0.061410571         0.067708066        -0.009477160
          61           0.415806658    0    0
         0.000000000         0.000000000         0.000000000         0.000000000
         0.000000000         0.000000000         0.000000000         0.000000000
         0.000000000         0.000000000         0.000000000         0.000000000
         0.000000000         0.000000000         0.000000000         0.000000000
         0.000000000         0.000000000         0.000000000         0.000000000
         0.000000000         0.000000000         0.000000000         0.000000000
         0.000000000         0.000000000         0.000000000         0.000000000
         0.000000000         0.000000000         0.000000000         0.000000000
         0.000000000         0.000000000         0.000000000         0.000000000
         0.000000000         0.000000000         0.000000000         0.000000000
         0.000000000         0.000000000         0.000000000         0.000000000
         0.000000000         0.000000000         0.000000000         0.000000000
         0.000000000         0.000000000         0.000000000        -0.144064259
        -0.005735198        -0.270773702         0.153611264         0.266281717
        -0.326757352         0.585314682         0.216449257        -0.035257691
        -0.245103871        -0.264629190         0.102829746         0.236944341
        -0.252104521        -0.045036051        -0.144961812         0.001531270
         0.012235608         0.041198846        -0.102152088        -0.058724204
         0.019604761         0.020403342        -0.073613720         0.092532355
          62           0.288464968    0    0
         0.000000000         0.000000000         0.000000000         0.000000000
         0.000000000         0.000000000         0.000000000         0.000000000
         0.000000000         0.000000000         0.000000000         0.000000000
         0.000000000         0.000000000         0.000000000         0.000000000
         0.000000000         0.000000000         0.000000000         0.000000000
         0.000000000         0.000000000         0.000000000         0.000000000
         0.000000000         0.000000000         0.000000000         0.000000000
         0.000000000         0.000000000         0.000000000         0.000000000
         0.000000000         0.000000000         0.000000000         0.000000000
         0.000000000         0.000000000         0.000000000         0.000000000
         0.000000000         0.000000000         0.000000000         0.000000000
         0.000000000         0.000000000         0.000000000         0.000000000
         0.000000000         0.000000000         0.000000000         0.147068461
        -0.220743662         0.020278741        -0.259190975         0.310888623
         0.374128588         0.323949156        -0.471605554         0.050275511
         0.052897248        -0.237690434        -0.008101524        -0.120012899
        -0.029566873         0.081021487         0.057749513         0.292679234
         0.015076062        -0.001649594        -0.007749978        -0.081683643
        -0.029222890        -0.189215953         0.217739413         0.185250342
          63           0.260582968    0    0
         0.000000000         0.000000000         0.000000000         0.000000000
         0.000000000         0.000000000         0.000000000         0.000000000
         0.000000000         0.000000000         0.000000000         0.000000000
         0.000000000         0.000000000         0.000000000         0.000000000
         0.000000000         0.000000000         0.000000000         0.000000000
         0.000000000         0.000000000         0.000000000         0.000000000
         0.000000000         0.000000000         0.000000000         0.000000000
         0.000000000         0.000000000         0.000000000         0.000000000
         0.000000000         0.000000000         0.000000000         0.000000000
         0.000000000         0.000000000         0.000000000         0.000000000
         0.000000000         0.000000000         0.000000000         0.000000000
         0.000000000         0.000000000         0.000000000         0.000000000
         0.000000000         0.000000000         0.000000000        -0.298280240
        -0.242873277         0.296781784         0.171902488         0.100371162
         0.216198875        -0.288038458         0.064633057        -0.030530313
         0.007460127        -0.390529526         0.027402251         0.429231251
        -0.033375082        -0.006102890        -0.010005504         0.016027851
        -0.307984307         0.003128329        -0.016087751        -0.220354407
         0.243672884         0.029115216         0.126287333        -0.174929840
$end
