$coord
   -1.99549182063706     -4.49343845343803      5.40278131598391      c
   -0.33045075172714     -5.53702635630982      3.62436444444855      c
    1.30686594570847     -7.47740384458101      4.36616474171439      c
    1.27876066728053     -8.35895977686875      6.85199205643280      c
   -0.39487448739074     -7.32768034294783      8.60576828933766      c
   -2.03735456113582     -5.39517008432764      7.87385416880744      c
   -0.41858336340469     -4.35228954868163      0.38205015955144      p
    2.26229004156837     -5.88210217001950     -1.15629417156613      c
    2.01987177655828     -8.31638100521519     -2.17047369138010      c
    4.09850865698000     -9.50820223648756     -3.26654361287298      c
    6.42910670266892     -8.27969424110695     -3.35949617946746      c
    6.67453124674366     -5.85087552835899     -2.36105520250287      c
    4.60014528841916     -4.65093502402690     -1.27423425220350      c
   -0.55721762537775      0.03137790931800      0.01095010621688      ir
   -4.13106940820692      0.22530707365512     -0.63400709088182      c
   -6.30030868533899      0.35969291537006     -0.81754703241749      o
    0.82433551702496     -0.37584713035429     -4.48914174444751      cl
    0.15423515317936      4.36881024906137     -0.18084193681461      p
   -2.32959401139903      6.13061779115123     -1.80689697481039      c
   -3.47212162552423      8.28512223897984     -0.78455766436919      c
   -5.35829707344620      9.54340480944603     -2.13346839487084      c
   -6.09799711626038      8.66616915563866     -4.50509021837349      c
   -4.95279708883544      6.51981199347495     -5.53169605900130      c
   -3.08109480705336      5.24628673510600     -4.19272165568400      c
    3.00746917409258      5.35158328388118     -1.84907179376415      c
    3.13737046003039      7.75613465918477     -2.95463228307477      c
    5.34261430249001      8.54227445267207     -4.16080934471797      c
    7.42807686260037      6.93210811021526     -4.28033119182994      c
    7.29853102568850      4.53102915080465     -3.19899409248435      c
    5.09565454084550      3.73673822655580     -1.99563644439252      c
    0.38163866673496      5.90672393457201      2.90179963583957      c
    2.35904799110956      7.54901855498729      3.52035070912803      c
    2.44127537931868      8.68995104654283      5.89787391352112      c
    0.54377157705049      8.21701141041499      7.66221146285407      c
   -1.43771002090916      6.58189719128583      7.05263099328926      c
   -1.51033950424187      5.42005429940377      4.69422437822512      c
   -3.13959575521743     -5.95699789822370     -1.00902715618496      c
   -3.79580077840827     -5.30732569278430     -3.49663712985625      c
   -5.85061396547326     -6.47055332818999     -4.65527063706558      c
   -7.27429356015934     -8.26922929989291     -3.34733345190190      c
   -6.63038387517356     -8.91008831098013     -0.87435637008296      c
   -4.56200134930099     -7.76404641730747      0.29575860863668      c
    1.50959611659213      9.00375724940977     -2.88329476375458      h
    5.42485577176643     10.40553782848454     -5.01876802599157      h
    9.14163107611120      7.54035140099635     -5.23396857825181      h
    8.90511476124824      3.25885452724569     -3.31833015080820      h
    4.95496082721469      1.85330085850028     -1.20175125979993      h
   -2.89817489824400      8.97448274386499      1.06029630932991      h
   -6.24677380147128     11.20864410461338     -1.32525865266061      h
   -7.56782773731219      9.64706241345472     -5.55047674971800      h
   -5.52714127200283      5.82828963395204     -7.37725696631666      h
   -2.18600883000258      3.56620433654711     -4.97371951546630      h
    3.83758590852611      7.92781076073677      2.15082519624740      h
    3.99334002537296      9.94996146660161      6.36504517756751      h
    0.61011753479878      9.10799208970358      9.51050596163992      h
   -2.91649245833699      6.19791046448741      8.42390976819830      h
   -3.02876275237312      4.11823304937410      4.23318591613524      h
    0.20467039908728     -9.27086737035700     -2.11602039371485      h
    3.89088159803983    -11.39151033487566     -4.05689345050863      h
    8.04461565958250     -9.20465809224638     -4.22550031157644      h
    8.47794786177445     -4.87486312410398     -2.45673890003120      h
    4.75981002878933     -2.74440571102090     -0.53882090377542      h
   -2.68470409737595     -3.89299126855519     -4.49599727365946      h
   -6.35000592845173     -5.96216606384396     -6.58046433755091      h
   -8.88559374322492     -9.16246419563407     -4.25354333514904      h
   -7.73497280736752    -10.30358350615009      0.15208889824289      h
   -4.06138464204980     -8.27157061616641      2.21918959433307      h
    2.60849469581813     -8.29006301271059      3.00567322905756      h
    2.56913493493524     -9.85395135267143      7.41301477331086      h
   -0.41440177966149     -8.01677684959132     10.53950585054336      h
   -3.33844416932418     -4.57721073987760      9.23497751875164      h
   -3.24277191940016     -2.96377987428961      4.84084332417186      h
   -1.02554207636228      0.26847972061671      2.97543235913703      h
    2.41025201991156     -0.09718429824506      0.94933487354739      h
$user-defined bonds
$redundant
     number_of_atoms            74
     degrees_of_freedom        216
     internal_coordinates      216
     frozen_coordinates          0
# definitions of redundant internals
   1 k  1.0000000000000 stre  16   15           val=   2.18113
   2 k  1.0000000000000 linc  16   14   15   73 val=   5.40526
   3 k  1.0000000000000 linp  16   14   15   73 val=  -0.05562
   4 k  0.2041241452319 tors  15   14   18   19 val=  -0.54443
        0.2041241452319 tors  15   14   18   25
        0.2041241452319 tors  15   14   18   31
       -0.2041241452319 tors  15   14    7    2
       -0.2041241452319 tors  15   14    7    8
       -0.2041241452319 tors  15   14    7   37
        0.2041241452319 tors  73   14   18   19
        0.2041241452319 tors  73   14   18   25
        0.2041241452319 tors  73   14   18   31
       -0.2041241452319 tors  73   14    7    2
       -0.2041241452319 tors  73   14    7    8
       -0.2041241452319 tors  73   14    7   37
        0.2041241452319 tors  74   14   18   19
        0.2041241452319 tors  74   14   18   25
        0.2041241452319 tors  74   14   18   31
       -0.2041241452319 tors  74   14    7    2
       -0.2041241452319 tors  74   14    7    8
       -0.2041241452319 tors  74   14    7   37
        0.2041241452319 tors  17   14   18   19
        0.2041241452319 tors  17   14   18   25
        0.2041241452319 tors  17   14   18   31
       -0.2041241452319 tors  17   14    7    2
       -0.2041241452319 tors  17   14    7    8
       -0.2041241452319 tors  17   14    7   37
   5 k  1.0000000000000 stre  14   15           val=   3.63676
   6 k  1.0000000000000 stre  14   73           val=   3.01060
   7 k  1.0000000000000 stre  14   74           val=   3.11496
   8 k  1.0000000000000 stre  14   17           val=   4.72497
   9 k  0.0016656851508 bend  73   15   14      val=  -0.06484
        0.0060213244384 bend  74   73   14
       -0.0036134709829 bend  17   15   14
       -0.0030817088493 bend  17   74   14
        0.3265716460145 bend  18   15   14
        0.4296475511300 bend  18   73   14
        0.4005414777458 bend  18   74   14
        0.2198196580050 bend  18   17   14
       -0.3265840375091 bend   7   15   14
       -0.4295001165440 bend   7   73   14
       -0.4006022520127 bend   7   74   14
       -0.2198375569495 bend   7   17   14
  10 k -0.5445755949864 bend  73   15   14      val=   0.24330
        0.7430776437654 bend  74   73   14
        0.1531629744033 bend  17   15   14
       -0.3516639032657 bend  17   74   14
       -0.0024407131554 bend  18   15   14
        0.0440144977076 bend  18   73   14
       -0.0086722090586 bend  18   74   14
       -0.0055056816478 bend  18   17   14
        0.0052679027973 bend   7   15   14
        0.0448025127967 bend   7   73   14
       -0.0078026657666 bend   7   74   14
       -0.0014102190397 bend   7   17   14
  11 k -0.6389597297934 bend  73   15   14      val=   5.72678
       -0.3369525672833 bend  74   73   14
        0.4852189636365 bend  17   15   14
        0.4909052433114 bend  17   74   14
        0.0044510257160 bend  18   15   14
        0.0305043832395 bend  18   73   14
       -0.0017590362513 bend  18   74   14
        0.0073323511379 bend  18   17   14
        0.0075449534635 bend   7   15   14
       -0.0092235291854 bend   7   73   14
        0.0246550914435 bend   7   74   14
        0.0033121842404 bend   7   17   14
  12 k  0.0186719818167 bend  73   15   14      val=   0.01587
        0.0163313496786 bend  74   73   14
       -0.0236715470996 bend  17   15   14
       -0.0056145757498 bend  17   74   14
        0.0835358829187 bend  18   15   14
        0.4573044346213 bend  18   73   14
       -0.5299863062399 bend  18   74   14
       -0.0528978858375 bend  18   17   14
       -0.0839563681063 bend   7   15   14
       -0.4571140003707 bend   7   73   14
        0.5292596690632 bend   7   74   14
        0.0537200087973 bend   7   17   14
  13 k -0.0124612318682 bend  73   15   14      val=   0.11912
        0.0050838887943 bend  74   73   14
       -0.0087722808201 bend  17   15   14
        0.0133093850518 bend  17   74   14
        0.5707869700010 bend  18   15   14
       -0.3234295169287 bend  18   73   14
       -0.2061366415247 bend  18   74   14
        0.1627726196731 bend  18   17   14
       -0.5706876612107 bend   7   15   14
        0.3255597392096 bend   7   73   14
        0.2062546253532 bend   7   74   14
       -0.1611167277591 bend   7   17   14
  14 k -0.2031089978361 bend  73   15   14      val=   4.56861
        0.2833648412215 bend  74   73   14
       -0.6980447906748 bend  17   15   14
        0.6177706787919 bend  17   74   14
       -0.0152807729360 bend  18   15   14
        0.0359519891514 bend  18   73   14
        0.0115362133181 bend  18   74   14
        0.0562348272799 bend  18   17   14
        0.0120019450981 bend   7   15   14
        0.0387029029954 bend   7   73   14
       -0.0079691501503 bend   7   74   14
        0.0549272618242 bend   7   17   14
  15 k  0.0058429125824 bend  73   15   14      val=   0.39427
        0.0024645188027 bend  74   73   14
        0.0024514209994 bend  17   15   14
       -0.0046419339217 bend  17   74   14
       -0.2457871914515 bend  18   15   14
       -0.0273037361675 bend  18   73   14
       -0.1276391006753 bend  18   74   14
        0.6496082270172 bend  18   17   14
        0.2456909622789 bend   7   15   14
        0.0266969641930 bend   7   73   14
        0.1273374214048 bend   7   74   14
       -0.6505391668851 bend   7   17   14
  16 k  1.0000000000000 stre  26   43           val=   2.05215
  17 k  0.7071068003540 bend  27   43   26      val=   0.01029
       -0.7071067620191 bend  25   43   26
  18 k  1.0000000000000 outp  43   25   27   26 val=  -0.41232
  19 k  1.0000000000000 stre  27   44           val=   2.05295
  20 k -0.7071066648360 bend  26   44   27      val=   0.25185
        0.7071068975371 bend  28   44   27
  21 k  1.0000000000000 outp  44   28   26   27 val=   0.41670
  22 k  1.0000000000000 stre  28   45           val=   2.05321
  23 k  0.7071068338085 bend  29   45   28      val=   0.03917
       -0.7071067285646 bend  27   45   28
  24 k  1.0000000000000 outp  45   27   29   28 val=  -0.63247
  25 k  1.0000000000000 stre  29   46           val=   2.05275
  26 k -0.7071063708228 bend  30   46   29      val=   0.25289
        0.7071071915500 bend  28   46   29
  27 k  1.0000000000000 outp  46   28   30   29 val=  -0.87900
  28 k  1.0000000000000 stre  30   47           val=   2.04875
  29 k  0.7071091752975 bend  29   47   30      val=   0.86394
       -0.7071043870675 bend  25   47   30
  30 k  1.0000000000000 outp  47   25   29   30 val=   1.27107
  31 k  1.0000000000000 stre  20   48           val=   2.05137
  32 k -0.7071067797617 bend  21   48   20      val=   0.03448
        0.7071067826114 bend  19   48   20
  33 k  1.0000000000000 outp  48   19   21   20 val=  -0.21632
  34 k  1.0000000000000 stre  21   49           val=   2.05320
  35 k  0.7071067812296 bend  22   49   21      val=   0.26343
       -0.7071067811435 bend  20   49   21
  36 k  1.0000000000000 outp  49   20   22   21 val=  -0.02176
  37 k  1.0000000000000 stre  22   50           val=   2.05314
  38 k  0.7071067823221 bend  21   50   22      val=  -0.02044
       -0.7071067800510 bend  23   50   22
  39 k  1.0000000000000 outp  50   23   21   22 val=   0.18223
  40 k  1.0000000000000 stre  23   51           val=   2.05284
  41 k -0.7071067679716 bend  24   51   23      val=   0.27579
        0.7071067944014 bend  22   51   23
  42 k  1.0000000000000 outp  51   22   24   23 val=  -0.31669
  43 k  1.0000000000000 stre  24   52           val=   2.05762
  44 k  0.7071068094908 bend  23   52   24      val=   0.70897
       -0.7071067528823 bend  19   52   24
  45 k  1.0000000000000 outp  52   19   23   24 val=  -0.03563
  46 k  1.0000000000000 stre  32   53           val=   2.05065
  47 k  0.7071067812117 bend  33   53   32      val=   0.05648
       -0.7071067811614 bend  31   53   32
  48 k  1.0000000000000 outp  53   31   33   32 val=  -0.29310
  49 k  1.0000000000000 stre  33   54           val=   2.05299
  50 k  0.7071067839534 bend  34   54   33      val=   0.27749
       -0.7071067784197 bend  32   54   33
  51 k  1.0000000000000 outp  54   32   34   33 val=   0.02075
  52 k  1.0000000000000 stre  34   55           val=   2.05291
  53 k  0.7071068052515 bend  33   55   34      val=   0.03334
       -0.7071067571216 bend  35   55   34
  54 k  1.0000000000000 outp  55   35   33   34 val=   0.31262
  55 k  1.0000000000000 stre  35   56           val=   2.05296
  56 k -0.7071067173731 bend  36   56   35      val=   0.19005
        0.7071068450000 bend  34   56   35
  57 k  1.0000000000000 outp  56   34   36   35 val=  -0.53993
  58 k  1.0000000000000 stre  36   57           val=   2.05254
  59 k  0.7071068471363 bend  35   57   36      val=   0.31526
       -0.7071067152368 bend  31   57   36
  60 k  1.0000000000000 outp  57   31   35   36 val=   0.35347
  61 k  1.0000000000000 stre   9   58           val=   2.05158
  62 k  0.7071067852164 bend  10   58    9      val=   0.00368
       -0.7071067771567 bend   8   58    9
  63 k  1.0000000000000 outp  58    8   10    9 val=   0.42646
  64 k  1.0000000000000 stre  10   59           val=   2.05295
  65 k  0.7071068095425 bend  11   59   10      val=   0.26559
       -0.7071067528306 bend   9   59   10
  66 k  1.0000000000000 outp  59    9   11   10 val=   0.32101
  67 k  1.0000000000000 stre  11   60           val=   2.05314
  68 k  0.7071067908829 bend  10   60   11      val=  -0.02540
       -0.7071067714902 bend  12   60   11
  69 k  1.0000000000000 outp  60   12   10   11 val=  -0.56119
  70 k  1.0000000000000 stre  12   61           val=   2.05282
  71 k -0.7071065282882 bend  13   61   12      val=   0.22957
        0.7071070340848 bend  11   61   12
  72 k  1.0000000000000 outp  61   11   13   12 val=   0.89443
  73 k  1.0000000000000 stre  13   62           val=   2.04968
  74 k  0.7071071595838 bend  12   62   13      val=   0.82974
       -0.7071064027891 bend   8   62   13
  75 k  1.0000000000000 outp  62    8   12   13 val=  -0.93069
  76 k  1.0000000000000 stre  38   63           val=   2.05757
  77 k  0.7071068533747 bend  39   63   38      val=   0.72259
       -0.7071067089984 bend  37   63   38
  78 k  1.0000000000000 outp  63   37   39   38 val=  -0.02639
  79 k  1.0000000000000 stre  39   64           val=   2.05286
  80 k -0.7071067456000 bend  38   64   39      val=   0.27742
        0.7071068167731 bend  40   64   39
  81 k  1.0000000000000 outp  64   40   38   39 val=   0.36430
  82 k  1.0000000000000 stre  40   65           val=   2.05314
  83 k  0.7071067828192 bend  41   65   40      val=  -0.01840
       -0.7071067795539 bend  39   65   40
  84 k  1.0000000000000 outp  65   39   41   40 val=  -0.19960
  85 k  1.0000000000000 stre  41   66           val=   2.05318
  86 k  0.7071067858517 bend  40   66   41      val=   0.26474
       -0.7071067765214 bend  42   66   41
  87 k  1.0000000000000 outp  66   42   40   41 val=  -0.00449
  88 k  1.0000000000000 stre  42   67           val=   2.05129
  89 k -0.7071067781360 bend  41   67   42      val=   0.02660
        0.7071067842371 bend  37   67   42
  90 k  1.0000000000000 outp  67   37   41   42 val=   0.14862
  91 k  1.0000000000000 stre   3   68           val=   2.05075
  92 k  0.7071067914454 bend   4   68    3      val=   0.06600
       -0.7071067709277 bend   2   68    3
  93 k  1.0000000000000 outp  68    2    4    3 val=   0.29978
  94 k  1.0000000000000 stre   4   69           val=   2.05300
  95 k  0.7071067817946 bend   5   69    4      val=   0.27166
       -0.7071067805785 bend   3   69    4
  96 k  1.0000000000000 outp  69    3    5    4 val=   0.00435
  97 k  1.0000000000000 stre   5   70           val=   2.05294
  98 k  0.7071067916951 bend   4   70    5      val=   0.02348
       -0.7071067706780 bend   6   70    5
  99 k  1.0000000000000 outp  70    6    4    5 val=  -0.31845
 100 k  1.0000000000000 stre   6   71           val=   2.05294
 101 k -0.7071067089390 bend   1   71    6      val=   0.19588
        0.7071068534340 bend   5   71    6
 102 k  1.0000000000000 outp  71    5    1    6 val=   0.54100
 103 k  1.0000000000000 stre   1   72           val=   2.05215
 104 k  0.7071068698866 bend   6   72    1      val=   0.37722
       -0.7071066924865 bend   2   72    1
 105 k  1.0000000000000 outp  72    2    6    1 val=  -0.44027
 106 k  1.0000000000000 stre  18   14           val=   4.39958
 107 k  1.0000000000000 stre  14    7           val=   4.40153
 108 k  1.0000000000000 linc  18    7   14   37 val= -10.55343
 109 k  1.0000000000000 linp  18    7   14   37 val=   4.23870
 110 k  1.0000000000000 stre   2    3           val=   2.64502
 111 k  1.0000000000000 stre   3    4           val=   2.63766
 112 k  1.0000000000000 stre   4    5           val=   2.63445
 113 k  1.0000000000000 stre   5    6           val=   2.63970
 114 k  1.0000000000000 stre   6    1           val=   2.63079
 115 k  1.0000000000000 stre   1    2           val=   2.65032
 116 k -0.2886751345948 bend   2    4    3      val=  -0.32438
       -0.2886751345948 bend   3    5    4
        0.5773502691896 bend   4    6    5
       -0.2886751345948 bend   5    1    6
       -0.2886751345948 bend   6    2    1
        0.5773502691896 bend   1    3    2
 117 k  0.5000000000000 bend   2    4    3      val=  -0.07085
       -0.5000000000000 bend   3    5    4
        0.5000000000000 bend   5    1    6
       -0.5000000000000 bend   6    2    1
 118 k -0.4082482904639 bend   2    4    3      val=  -0.12256
        0.4082482904639 bend   3    5    4
       -0.4082482904639 bend   4    6    5
        0.4082482904639 bend   5    1    6
       -0.4082482904639 bend   6    2    1
        0.4082482904639 bend   1    3    2
 119 k -0.2886751345948 tors   3    4    5    6 val=   0.50887
       -0.2886751345948 tors   4    5    6    1
        0.5773502691896 tors   5    6    1    2
       -0.2886751345948 tors   6    1    2    3
       -0.2886751345948 tors   1    2    3    4
        0.5773502691896 tors   2    3    4    5
 120 k  0.5000000000000 tors   3    4    5    6 val=  -0.17616
       -0.5000000000000 tors   4    5    6    1
        0.5000000000000 tors   6    1    2    3
       -0.5000000000000 tors   1    2    3    4
 121 k -0.4082482904639 tors   3    4    5    6 val=  -0.12548
        0.4082482904639 tors   4    5    6    1
       -0.4082482904639 tors   5    6    1    2
        0.4082482904639 tors   6    1    2    3
       -0.4082482904639 tors   1    2    3    4
        0.4082482904639 tors   2    3    4    5
 122 k  0.4082482904639 tors   3    2    7    8 val=  75.70639
        0.4082482904639 tors   3    2    7   14
        0.4082482904639 tors   3    2    7   37
        0.4082482904639 tors   1    2    7    8
        0.4082482904639 tors   1    2    7   14
        0.4082482904639 tors   1    2    7   37
 123 k  0.7071421093190 bend   7    3    2      val=   1.72885
       -0.7070714512890 bend   7    1    2
 124 k  1.0000000000000 outp   3    7    1    2 val=  -1.06375
 125 k  1.0000000000000 stre   8   13           val=   2.64485
 126 k  1.0000000000000 stre  13   12           val=   2.63137
 127 k  1.0000000000000 stre  12   11           val=   2.63748
 128 k  1.0000000000000 stre  11   10           val=   2.63620
 129 k  1.0000000000000 stre  10    9           val=   2.63487
 130 k  1.0000000000000 stre   9    8           val=   2.64821
 131 k -0.2886751345948 bend   8   12   13      val=  -0.25207
       -0.2886751345948 bend  13   11   12
        0.5773502691896 bend  12   10   11
       -0.2886751345948 bend  11    9   10
       -0.2886751345948 bend  10    8    9
        0.5773502691896 bend   9   13    8
 132 k  0.5000000000000 bend   8   12   13      val=  -0.02525
       -0.5000000000000 bend  13   11   12
        0.5000000000000 bend  11    9   10
       -0.5000000000000 bend  10    8    9
 133 k -0.4082482904639 bend   8   12   13      val=  -0.08724
        0.4082482904639 bend  13   11   12
       -0.4082482904639 bend  12   10   11
        0.4082482904639 bend  11    9   10
       -0.4082482904639 bend  10    8    9
        0.4082482904639 bend   9   13    8
 134 k -0.2886751345948 tors  13   12   11   10 val=   0.19556
       -0.2886751345948 tors  12   11   10    9
        0.5773502691896 tors  11   10    9    8
       -0.2886751345948 tors  10    9    8   13
       -0.2886751345948 tors   9    8   13   12
        0.5773502691896 tors   8   13   12   11
 135 k  0.5000000000000 tors  13   12   11   10 val=   0.40543
       -0.5000000000000 tors  12   11   10    9
        0.5000000000000 tors  10    9    8   13
       -0.5000000000000 tors   9    8   13   12
 136 k -0.4082482904639 tors  13   12   11   10 val=   0.30946
        0.4082482904639 tors  12   11   10    9
       -0.4082482904639 tors  11   10    9    8
        0.4082482904639 tors  10    9    8   13
       -0.4082482904639 tors   9    8   13   12
        0.4082482904639 tors   8   13   12   11
 137 k  0.4082482904639 tors  13    8    7    2 val= 121.67789
        0.4082482904639 tors  13    8    7   14
        0.4082482904639 tors  13    8    7   37
        0.4082482904639 tors   9    8    7    2
        0.4082482904639 tors   9    8    7   14
        0.4082482904639 tors   9    8    7   37
 138 k -0.7070356871863 bend   7   13    8      val=   0.24082
        0.7071778680396 bend   7    9    8
 139 k  1.0000000000000 outp   9   13    7    8 val=   1.39078
 140 k  1.0000000000000 stre  19   20           val=   2.64432
 141 k  1.0000000000000 stre  20   21           val=   2.63827
 142 k  1.0000000000000 stre  21   22           val=   2.63463
 143 k  1.0000000000000 stre  22   23           val=   2.64050
 144 k  1.0000000000000 stre  23   24           val=   2.63021
 145 k  1.0000000000000 stre  24   19           val=   2.65310
 146 k -0.2886751345948 bend  19   21   20      val=  -0.10576
       -0.2886751345948 bend  20   22   21
        0.5773502691896 bend  21   23   22
       -0.2886751345948 bend  22   24   23
       -0.2886751345948 bend  23   19   24
        0.5773502691896 bend  24   20   19
 147 k  0.5000000000000 bend  19   21   20      val=   0.06571
       -0.5000000000000 bend  20   22   21
        0.5000000000000 bend  22   24   23
       -0.5000000000000 bend  23   19   24
 148 k -0.4082482904639 bend  19   21   20      val=   0.07362
        0.4082482904639 bend  20   22   21
       -0.4082482904639 bend  21   23   22
        0.4082482904639 bend  22   24   23
       -0.4082482904639 bend  23   19   24
        0.4082482904639 bend  24   20   19
 149 k -0.2886751345948 tors  20   21   22   23 val=  -0.27419
       -0.2886751345948 tors  21   22   23   24
        0.5773502691896 tors  22   23   24   19
       -0.2886751345948 tors  23   24   19   20
       -0.2886751345948 tors  24   19   20   21
        0.5773502691896 tors  19   20   21   22
 150 k  0.5000000000000 tors  20   21   22   23 val=  -0.02802
       -0.5000000000000 tors  21   22   23   24
        0.5000000000000 tors  23   24   19   20
       -0.5000000000000 tors  24   19   20   21
 151 k -0.4082482904639 tors  20   21   22   23 val=   0.01837
        0.4082482904639 tors  21   22   23   24
       -0.4082482904639 tors  22   23   24   19
        0.4082482904639 tors  23   24   19   20
       -0.4082482904639 tors  24   19   20   21
        0.4082482904639 tors  19   20   21   22
 152 k  0.4082482904639 tors  20   19   18   14 val= 100.48552
        0.4082482904639 tors  20   19   18   25
        0.4082482904639 tors  20   19   18   31
        0.4082482904639 tors  24   19   18   14
        0.4082482904639 tors  24   19   18   25
        0.4082482904639 tors  24   19   18   31
 153 k  0.7071269935814 bend  18   20   19      val=   2.89611
       -0.7070865682139 bend  18   24   19
 154 k  1.0000000000000 outp  20   18   24   19 val=   0.24003
 155 k  1.0000000000000 stre  25   30           val=   2.64381
 156 k  1.0000000000000 stre  30   29           val=   2.63280
 157 k  1.0000000000000 stre  29   28           val=   2.63652
 158 k  1.0000000000000 stre  28   27           val=   2.63744
 159 k  1.0000000000000 stre  27   26           val=   2.63362
 160 k  1.0000000000000 stre  26   25           val=   2.64972
 161 k -0.2886751345948 bend  25   29   30      val=  -0.22239
       -0.2886751345948 bend  30   28   29
        0.5773502691896 bend  29   27   28
       -0.2886751345948 bend  28   26   27
       -0.2886751345948 bend  27   25   26
        0.5773502691896 bend  26   30   25
 162 k  0.5000000000000 bend  25   29   30      val=  -0.06290
       -0.5000000000000 bend  30   28   29
        0.5000000000000 bend  28   26   27
       -0.5000000000000 bend  27   25   26
 163 k -0.4082482904639 bend  25   29   30      val=  -0.07836
        0.4082482904639 bend  30   28   29
       -0.4082482904639 bend  29   27   28
        0.4082482904639 bend  28   26   27
       -0.4082482904639 bend  27   25   26
        0.4082482904639 bend  26   30   25
 164 k -0.2886751345948 tors  30   29   28   27 val=  -0.08808
       -0.2886751345948 tors  29   28   27   26
        0.5773502691896 tors  28   27   26   25
       -0.2886751345948 tors  27   26   25   30
       -0.2886751345948 tors  26   25   30   29
        0.5773502691896 tors  25   30   29   28
 165 k  0.5000000000000 tors  30   29   28   27 val=  -0.54390
       -0.5000000000000 tors  29   28   27   26
        0.5000000000000 tors  27   26   25   30
       -0.5000000000000 tors  26   25   30   29
 166 k -0.4082482904639 tors  30   29   28   27 val=  -0.36079
        0.4082482904639 tors  29   28   27   26
       -0.4082482904639 tors  28   27   26   25
        0.4082482904639 tors  27   26   25   30
       -0.4082482904639 tors  26   25   30   29
        0.4082482904639 tors  25   30   29   28
 167 k  0.4082482904639 tors  30   25   18   14 val=  64.32270
        0.4082482904639 tors  30   25   18   19
        0.4082482904639 tors  30   25   18   31
        0.4082482904639 tors  26   25   18   14
        0.4082482904639 tors  26   25   18   19
        0.4082482904639 tors  26   25   18   31
 168 k  0.7071267590400 bend  18   30   25      val=   0.17681
       -0.7070868027686 bend  18   26   25
 169 k  1.0000000000000 outp  30   18   26   25 val=  -1.03280
 170 k  1.0000000000000 stre  31   32           val=   2.64384
 171 k  1.0000000000000 stre  32   33           val=   2.63839
 172 k  1.0000000000000 stre  33   34           val=   2.63383
 173 k  1.0000000000000 stre  34   35           val=   2.64035
 174 k  1.0000000000000 stre  35   36           val=   2.63006
 175 k  1.0000000000000 stre  36   31           val=   2.65127
 176 k -0.2886751345948 bend  31   33   32      val=  -0.32595
       -0.2886751345948 bend  32   34   33
        0.5773502691896 bend  33   35   34
       -0.2886751345948 bend  34   36   35
       -0.2886751345948 bend  35   31   36
        0.5773502691896 bend  36   32   31
 177 k  0.5000000000000 bend  31   33   32      val=  -0.08128
       -0.5000000000000 bend  32   34   33
        0.5000000000000 bend  34   36   35
       -0.5000000000000 bend  35   31   36
 178 k -0.4082482904639 bend  31   33   32      val=  -0.12051
        0.4082482904639 bend  32   34   33
       -0.4082482904639 bend  33   35   34
        0.4082482904639 bend  34   36   35
       -0.4082482904639 bend  35   31   36
        0.4082482904639 bend  36   32   31
 179 k -0.2886751345948 tors  32   33   34   35 val=  -0.52937
       -0.2886751345948 tors  33   34   35   36
        0.5773502691896 tors  34   35   36   31
       -0.2886751345948 tors  35   36   31   32
       -0.2886751345948 tors  36   31   32   33
        0.5773502691896 tors  31   32   33   34
 180 k  0.5000000000000 tors  32   33   34   35 val=   0.23712
       -0.5000000000000 tors  33   34   35   36
        0.5000000000000 tors  35   36   31   32
       -0.5000000000000 tors  36   31   32   33
 181 k -0.4082482904639 tors  32   33   34   35 val=   0.16926
        0.4082482904639 tors  33   34   35   36
       -0.4082482904639 tors  34   35   36   31
        0.4082482904639 tors  35   36   31   32
       -0.4082482904639 tors  36   31   32   33
        0.4082482904639 tors  31   32   33   34
 182 k  0.4082482904639 tors  32   31   18   14 val=  99.73581
        0.4082482904639 tors  32   31   18   19
        0.4082482904639 tors  32   31   18   25
        0.4082482904639 tors  36   31   18   14
        0.4082482904639 tors  36   31   18   19
        0.4082482904639 tors  36   31   18   25
 183 k -0.7070838922066 bend  18   32   31      val=  -1.98804
        0.7071296694256 bend  18   36   31
 184 k  1.0000000000000 outp  32   18   36   31 val=   0.26613
 185 k  1.0000000000000 stre  37   42           val=   2.64407
 186 k  1.0000000000000 stre  42   41           val=   2.63833
 187 k  1.0000000000000 stre  41   40           val=   2.63457
 188 k  1.0000000000000 stre  40   39           val=   2.64061
 189 k  1.0000000000000 stre  39   38           val=   2.63017
 190 k  1.0000000000000 stre  38   37           val=   2.65347
 191 k -0.2886751345948 bend  37   41   42      val=  -0.10433
       -0.2886751345948 bend  42   40   41
        0.5773502691896 bend  41   39   40
       -0.2886751345948 bend  40   38   39
       -0.2886751345948 bend  39   37   38
        0.5773502691896 bend  38   42   37
 192 k  0.5000000000000 bend  37   41   42      val=   0.06408
       -0.5000000000000 bend  42   40   41
        0.5000000000000 bend  40   38   39
       -0.5000000000000 bend  39   37   38
 193 k -0.4082482904639 bend  37   41   42      val=   0.07643
        0.4082482904639 bend  42   40   41
       -0.4082482904639 bend  41   39   40
        0.4082482904639 bend  40   38   39
       -0.4082482904639 bend  39   37   38
        0.4082482904639 bend  38   42   37
 194 k -0.2886751345948 tors  42   41   40   39 val=   0.31256
       -0.2886751345948 tors  41   40   39   38
        0.5773502691896 tors  40   39   38   37
       -0.2886751345948 tors  39   38   37   42
       -0.2886751345948 tors  38   37   42   41
        0.5773502691896 tors  37   42   41   40
 195 k  0.5000000000000 tors  42   41   40   39 val=  -0.00941
       -0.5000000000000 tors  41   40   39   38
        0.5000000000000 tors  39   38   37   42
       -0.5000000000000 tors  38   37   42   41
 196 k -0.4082482904639 tors  42   41   40   39 val=  -0.03649
        0.4082482904639 tors  41   40   39   38
       -0.4082482904639 tors  40   39   38   37
        0.4082482904639 tors  39   38   37   42
       -0.4082482904639 tors  38   37   42   41
        0.4082482904639 tors  37   42   41   40
 197 k  0.4082482904639 tors  42   37    7    2 val=  80.65116
        0.4082482904639 tors  42   37    7    8
        0.4082482904639 tors  42   37    7   14
        0.4082482904639 tors  38   37    7    2
        0.4082482904639 tors  38   37    7    8
        0.4082482904639 tors  38   37    7   14
 198 k  0.7071110624260 bend   7   42   37      val=   2.78300
       -0.7071024999212 bend   7   38   37
 199 k  1.0000000000000 outp  42    7   38   37 val=   0.16522
 200 k  0.3333333333333 tors   8    7   18   19 val= 119.42260
        0.3333333333333 tors   8    7   18   25
        0.3333333333333 tors   8    7   18   31
        0.3333333333333 tors   2    7   18   19
        0.3333333333333 tors   2    7   18   25
        0.3333333333333 tors   2    7   18   31
        0.3333333333333 tors  37    7   18   19
        0.3333333333333 tors  37    7   18   25
        0.3333333333333 tors  37    7   18   31
 201 k  1.0000000000000 stre   7    8           val=   3.44876
 202 k  1.0000000000000 stre   7    2           val=   3.45311
 203 k  1.0000000000000 stre   7   37           val=   3.45168
 204 k  0.4182713005379 bend   2    8    7      val=   3.19052
        0.4329628568211 bend  37    8    7
        0.4659136381539 bend  37    2    7
       -0.3743569231961 bend  14    8    7
       -0.3735482743020 bend  14    2    7
       -0.3752803570173 bend  14   37    7
 205 k  0.7477903523150 bend   2    8    7      val=   4.07748
       -0.5078803105420 bend  37    8    7
       -0.1873937729826 bend  37    2    7
        0.0882888475184 bend  14    8    7
        0.2259763718439 bend  14    2    7
       -0.2981451186384 bend  14   37    7
 206 k  0.2180874226343 bend   2    8    7      val=   4.23301
        0.5871114560033 bend  37    8    7
       -0.7340076499670 bend  37    2    7
        0.2082860068426 bend  14    8    7
       -0.1531498764296 bend  14    2    7
       -0.0461826678685 bend  14   37    7
 207 k  0.3009050041367 bend   2    8    7      val=  -0.29893
       -0.2310042482407 bend  37    8    7
       -0.0604175010954 bend  37    2    7
       -0.1425050354298 bend  14    8    7
       -0.5748988736567 bend  14    2    7
        0.7082559857051 bend  14   37    7
 208 k -0.0765873533757 bend   2    8    7      val=   1.63783
       -0.1353787895638 bend  37    8    7
        0.2123703001984 bend  37    2    7
        0.7804912637318 bend  14    8    7
       -0.5091033201180 bend  14    2    7
       -0.2497058527866 bend  14   37    7
 209 k  1.0000000000000 stre  18   25           val=   3.44816
 210 k  1.0000000000000 stre  18   31           val=   3.45247
 211 k  1.0000000000000 stre  18   19           val=   3.45216
 212 k  0.4237239732518 bend  31   25   18      val=   3.18246
        0.4267555790242 bend  19   25   18
        0.4664801864592 bend  19   31   18
       -0.3747562485063 bend  14   25   18
       -0.3724515300724 bend  14   31   18
       -0.3762599073203 bend  14   19   18
 213 k  0.7513606192401 bend  31   25   18      val=   4.11646
       -0.4972245492858 bend  19   25   18
       -0.2102473343628 bend  19   31   18
        0.1024081010335 bend  14   25   18
        0.2162698291402 bend  14   31   18
       -0.2945521476451 bend  14   19   18
 214 k  0.1937234782656 bend  31   25   18      val=   3.47831
        0.6015689964048 bend  19   25   18
       -0.7267912459809 bend  19   31   18
        0.2092163359641 bend  14   25   18
       -0.1619170872747 bend  14   31   18
       -0.0487013645907 bend  14   19   18
 215 k  0.2956223648083 bend  31   25   18      val=   0.39325
       -0.2265828653648 bend  19   25   18
       -0.0586635520439 bend  19   31   18
       -0.1182507547514 bend  14   25   18
       -0.5895024034428 bend  14   31   18
        0.7045068385372 bend  14   19   18
 216 k -0.0923143166549 bend  31   25   18      val=   1.97474
       -0.1291120297608 bend  19   25   18
        0.2213978413937 bend  19   31   18
        0.7818974872337 bend  14   25   18
       -0.4935706706277 bend  14   31   18
       -0.2661117417393 bend  14   19   18
       216 non zero eigenvalues  of BmBt
           1          10.780555190    1    0
         1
           2          10.767266942    2    0
         2
           3          10.739907895    3    0
         3
           4          10.734691567    4    0
         4
           5          10.721847020    5    0
         5
           6          10.717481668    6    0
         6
           7           5.360775907    7    0
         7
           8           5.345689002    8    0
         8
           9           5.341574933    9    0
         9
          10           5.330417265   10    0
        10
          11           5.315706946   11    0
        11
          12           5.311970887   12    0
        12
          13           4.937924623   13    0
        13
          14           4.881553075   14    0
        14
          15           4.823252681   15    0
        15
          16           4.814413675   16    0
        16
          17           4.793760883   17    0
        17
          18           4.788581327   18    0
        18
          19           4.451183116   19    0
        19
          20           4.379508702   20    0
        20
          21           4.373917101   21    0
        21
          22           4.370955092   22    0
        22
          23           4.362891020   23    0
        23
          24           4.353053120   24    0
        24
          25           4.291142617   25    0
        25
          26           4.287032011   26    0
        26
          27           4.266964485   27    0
        27
          28           4.266322540   28    0
        28
          29           4.264505628   29    0
        29
          30           4.263834518   30    0
        30
          31           4.007423061   31    0
        31
          32           3.904919286   32    0
        32
          33           3.809547517   33    0
        33
          34           3.581528736   34    0
        34
          35           3.572670842   35    0
        35
          36           3.555961720   36    0
        36
          37           3.548736091   37    0
        37
          38           3.542291927   38    0
        38
          39           3.533279723   39    0
        39
          40           3.531048443   40    0
        40
          41           3.526103381   41    0
        41
          42           3.524642452   42    0
        42
          43           3.522227888   43    0
        43
          44           3.507428300   44    0
        44
          45           3.409725735   45    0
        45
          46           3.390952238   46    0
        46
          47           3.352870763   47    0
        47
          48           3.347221469   48    0
        48
          49           3.345045676   49    0
        49
          50           3.340548534   50    0
        50
          51           3.308503557   51    0
        51
          52           3.202495946   52    0
        52
          53           3.194035458   53    0
        53
          54           3.189366018   54    0
        54
          55           3.185560176   55    0
        55
          56           3.146455964   56    0
        56
          57           3.082564535   57    0
        57
          58           2.704189498   58    0
        58
          59           2.698131077   59    0
        59
          60           2.696549667   60    0
        60
          61           2.692856223   61    0
        61
          62           2.674864504   62    0
        62
          63           2.542309777   63    0
        63
          64           2.291804997   64    0
        64
          65           2.203239655   65    0
        65
          66           2.130086677   66    0
        66
          67           2.105654986   67    0
        67
          68           2.103192185   68    0
        68
          69           2.077203602   69    0
        69
          70           1.921135579   70    0
        70
          71           1.907527920   71    0
        71
          72           1.901866732   72    0
        72
          73           1.900890414   73    0
        73
          74           1.899827983   74    0
        74
          75           1.899405253   75    0
        75
          76           1.893568556   76    0
        76
          77           1.811780299   77    0
        77
          78           1.804657384   78    0
        78
          79           1.799694787   79    0
        79
          80           1.795235489   80    0
        80
          81           1.790637457   81    0
        81
          82           1.782682511   82    0
        82
          83           1.702617935   83    0
        83
          84           1.666521838   84    0
        84
          85           1.663325367   85    0
        85
          86           1.662634050   86    0
        86
          87           1.659907114   87    0
        87
          88           1.589040619   88    0
        88
          89           1.497060816   89    0
        89
          90           1.471176581   90    0
        90
          91           1.455934025   91    0
        91
          92           1.446059269   92    0
        92
          93           1.436360292   93    0
        93
          94           1.402765005   94    0
        94
          95           1.183363336   95    0
        95
          96           1.178964688   96    0
        96
          97           1.176871588   97    0
        97
          98           1.175612618   98    0
        98
          99           1.168595118   99    0
        99
         100           1.164628171  100    0
       100
         101           1.094932054  101    0
       101
         102           1.000571278  102    0
       102
         103           0.999465137  103    0
       103
         104           0.958590166  104    0
       104
         105           0.901621280  105    0
       105
         106           0.893182577  106    0
       106
         107           0.882435434  107    0
       107
         108           0.879832199  108    0
       108
         109           0.808646609  109    0
       109
         110           0.799743026  110    0
       110
         111           0.698820499  111    0
       111
         112           0.677482888  112    0
       112
         113           0.668300027  113    0
       113
         114           0.664682729  114    0
       114
         115           0.626097271  115    0
       115
         116           0.566708947  116    0
       116
         117           0.510528759  117    0
       117
         118           0.477496457  118    0
       118
         119           0.475804648  119    0
       119
         120           0.461234799  120    0
       120
         121           0.459126801  121    0
       121
         122           0.457928389  122    0
       122
         123           0.456939980  123    0
       123
         124           0.415144043  124    0
       124
         125           0.406299675  125    0
       125
         126           0.399816747  126    0
       126
         127           0.392726195  127    0
       127
         128           0.388998924  128    0
       128
         129           0.378230989  129    0
       129
         130           0.377891065  130    0
       130
         131           0.377860752  131    0
       131
         132           0.377687463  132    0
       132
         133           0.377620054  133    0
       133
         134           0.376530664  134    0
       134
         135           0.360521748  135    0
       135
         136           0.350458769  136    0
       136
         137           0.349840919  137    0
       137
         138           0.349428274  138    0
       138
         139           0.349183551  139    0
       139
         140           0.348806404  140    0
       140
         141           0.348558556  141    0
       141
         142           0.339799274  142    0
       142
         143           0.335473306  143    0
       143
         144           0.331060991  144    0
       144
         145           0.327048027  145    0
       145
         146           0.325109663  146    0
       146
         147           0.323698407  147    0
       147
         148           0.320128031  148    0
       148
         149           0.289091326  149    0
       149
         150           0.287448306  150    0
       150
         151           0.286933212  151    0
       151
         152           0.286470705  152    0
       152
         153           0.286308668  153    0
       153
         154           0.285959655  154    0
       154
         155           0.282830266  155    0
       155
         156           0.282524697  156    0
       156
         157           0.282129907  157    0
       157
         158           0.281950321  158    0
       158
         159           0.280729004  159    0
       159
         160           0.276555026  160    0
       160
         161           0.261158824  161    0
       161
         162           0.261018951  162    0
       162
         163           0.260929524  163    0
       163
         164           0.260795108  164    0
       164
         165           0.260296179  165    0
       165
         166           0.260195208  166    0
       166
         167           0.198694571  167    0
       167
         168           0.165395110  168    0
       168
         169           0.146728733  169    0
       169
         170           0.143398506  170    0
       170
         171           0.134036961  171    0
       171
         172           0.132586812  172    0
       172
         173           0.132474620  173    0
       173
         174           0.131736416  174    0
       174
         175           0.131205188  175    0
       175
         176           0.130149232  176    0
       176
         177           0.115548596  177    0
       177
         178           0.115541479  178    0
       178
         179           0.115319597  179    0
       179
         180           0.115214528  180    0
       180
         181           0.115100945  181    0
       181
         182           0.107983631  182    0
       182
         183           0.082675010  183    0
       183
         184           0.077067413  184    0
       184
         185           0.072136981  185    0
       185
         186           0.067109005  186    0
       186
         187           0.064508284  187    0
       187
         188           0.063921599  188    0
       188
         189           0.061248517  189    0
       189
         190           0.059071697  190    0
       190
         191           0.052514338  191    0
       191
         192           0.050751259  192    0
       192
         193           0.050209267  193    0
       193
         194           0.046776946  194    0
       194
         195           0.045471557  195    0
       195
         196           0.045008213  196    0
       196
         197           0.042617933  197    0
       197
         198           0.039990158  198    0
       198
         199           0.035400184  199    0
       199
         200           0.031909854  200    0
       200
         201           0.030603089  201    0
       201
         202           0.029170511  202    0
       202
         203           0.025615516  203    0
       203
         204           0.021985925  204    0
       204
         205           0.019674657  205    0
       205
         206           0.005859967  206    0
       206
         207           0.005627457  207    0
       207
         208           0.004789950  208    0
       208
         209           0.003903240  209    0
       209
         210           0.003115258  210    0
       210
         211           0.003075572  211    0
       211
         212           0.002525857  212    0
       212
         213           0.002481568  213    0
       213
         214           0.002323166  214    0
       214
         215           0.001005151  215    0
       215
         216           0.000804617  216    0
       216
$end
