$coord
    0.40232453962819      0.14339990909768     -2.04113411091636      p
   -1.01810275865099     -2.91718203613159     -0.91512810072782      c
   -0.78285037559236     -3.67245789278835      1.88330977290117      c
   -1.74265723752307     -6.38395847496601      2.29155598146274      c
   -4.48198621823422     -6.68023978543936      1.39052510617795      c
   -4.76187828960357     -5.87422155664023     -1.38016373837619      c
   -3.78124073273675     -3.17411033931215     -1.79109004725644      c
   -1.46291462242751      2.79453786910398     -0.60301813012645      c
   -2.22162586284123      2.64574485040424      2.19508998941275      c
   -3.38044334955528      5.15550607580844      3.08726117462633      c
   -5.65937371593552      5.89304476543554      1.45340337887284      c
   -4.94541002089169      5.99594641998636     -1.35534630468675      c
   -3.76830030431719      3.49511843734455     -2.24105215906552      c
    3.37105455077274      0.25767915972191     -0.11370835513915      c
    5.08185483280228     -1.97979088581883     -0.85336998067485      c
    7.59311984004322     -1.94104012242406      0.59870143270514      c
    8.99340584744675      0.56440042754245      0.20506763451462      c
    7.30964345450827      2.80798660626827      0.93028833462295      c
    4.79547446016061      2.76177620050480     -0.51964785267424      c
    0.07698655037292     -4.30891301530740     -2.01214110658053      h
   -1.89006972885440     -2.37688353352476      3.05831243555931      h
    1.18074823314609     -3.52852116846682      2.52095876768402      h
   -1.58286561813600     -6.89808321205784      4.29382002609743      h
   -0.52839682866064     -7.69753392919765      1.23381691981695      h
   -5.11488844206157     -8.63833161307523      1.63870454958355      h
   -5.71593955971587     -5.49579068247977      2.57102310155083      h
   -3.68153096239085     -7.17585049393109     -2.58614052965671      h
   -6.74400985154292     -6.00831305300716     -1.97271785127605      h
   -3.95082920148580     -2.63616642541786     -3.78540209517372      h
   -4.96401469201100     -1.85810049900528     -0.70664277763015      h
   -0.12524544961434      4.37861317695175     -0.79619289158210      h
   -1.93851437135949      6.64699233266270      2.96804341687709      h
   -0.59064321191704      2.15351805886033      3.37313683651502      h
   -3.62551141101308      1.13867392706856      2.44067961031739      h
   -3.93749473465628      5.01478188217819      5.07957245490397      h
   -6.42535616888950      7.71804005330004      2.06902835906139      h
   -7.16723579625468      4.48806806380668      1.72105477364400      h
   -6.61158133333673      6.44447046181148     -2.50457642486579      h
   -3.57579854764138      7.52967772599996     -1.65556788508717      h
   -3.20017804934797      3.62231862755535     -4.22874869329823      h
   -5.19393079564786      1.99397829525289     -2.12073189645093      h
    2.90679255228758      0.09508678974278      1.90571265082660      h
    4.10951189456435     -3.77718196461135     -0.51892829779440      h
    5.45839509944356     -1.87779516395737     -2.89404451573572      h
    7.21157156658106     -2.20163263306311      2.62463134103713      h
    8.77760694622379     -3.53376471940614      0.00061152982471      h
    9.53360305483484      0.73556024718958     -1.79389339115248      h
   10.74818209805078      0.59313774516329      1.30786627016393      h
    8.29436224027281      4.59658392985267      0.57120154076507      h
    6.91717927320550      2.73597093111580      2.96957603509933      h
    3.63009764836783      4.36485196731241      0.07967817863354      h
    5.15764206043301      3.00818537268721     -2.55051797652999      h
$user-defined bonds
$end
