$coord
   -0.00809555809037     -0.23711363829304     -0.13820504692855      ir
   -0.00928082046722      4.26570423930325     -0.00107053363946      cl
    4.37757307502540      0.00113840600544     -0.02238772062456      p
   -0.00897513029331     -3.68598113463546     -0.29431525535963      c
   -0.01197556807589     -5.88760768017306     -0.40839387182045      o
   -4.39477964517160     -0.00197287461739     -0.02056736276123      p
    6.11355692484528     -2.90467141243795     -0.71996233160471      c
    5.70764745511405      0.92069757765574      3.03754179801598      c
    5.65979312416317      2.26828591823218     -2.28250166853708      c
   -5.97708455373094      1.22240788296146     -2.84313456830607      c
   -6.07719514257472     -2.97261126617547      0.51463697354228      c
   -5.46148494898455      2.01560044669390      2.56574875107512      c
    7.66922810568456     -3.14651976110289     -2.84440315095017      c
    8.92918129127079     -5.41624826846102     -3.31329449243495      c
    8.65002736494952     -7.45292012542246     -1.66635550607754      c
    7.09955543250287     -7.22092810792761      0.45758123540568      c
    5.83378075289619     -4.96466258468082      0.92571377291044      c
    7.90430146872814     -1.56118164030353     -4.12405576205325      h
   10.13453985176710     -5.58438877135150     -4.96688165371088      h
    9.63245205633711     -9.21750448583129     -2.03418687799396      h
    6.86556827891572     -8.80417420663421      1.74273803751633      h
    4.62255575809225     -4.79363195825936      2.57454872213331      h
    4.44314317018921      2.49242010995224     -4.62468248604413      c
    5.38832310845878      4.13013364228922     -6.45479984422141      c
    7.53628710229338      5.57702525837693     -5.94936543741487      c
    8.73816994355157      5.37701420918564     -3.61141168294205      c
    7.80785082423205      3.72393763801034     -1.78098291479303      c
    2.74007776837147      1.39655492610486     -4.97184595388188      h
    4.43414080554343      4.29806223941742     -8.26476678609939      h
    8.26017633855225      6.87256349597133     -7.36812883097115      h
   10.39700750747588      6.51627645050820     -3.20458754268241      h
    8.73698101611428      3.58450565559800      0.04290739012667      h
    8.14790195464684      0.16458121670463      3.74633334589299      c
    9.14682446336843      0.90702527540742      6.06835661985486      c
    7.71998572111474      2.40652417319536      7.70225721961971      c
    5.29109953489463      3.16275764442959      7.00589117853203      c
    4.28091775664795      2.42203127934460      4.68841290729024      c
    9.25674691103046     -1.01952874829714      2.48995893038294      h
   11.03648464075519      0.30638841452782      6.60142645269062      h
    8.49787248662985      2.97758897329319      9.51466334363240      h
    4.17281293824178      4.32870653910554      8.27310106413110      h
    2.39841904007523      3.01660368650647      4.13066967278201      h
   -7.46252725328335     -3.43691220779490      2.71818194416325      c
   -8.67965852820637     -5.75300962641088      3.05536120879461      c
   -8.52738291309662     -7.61387044999330      1.19735890758276      c
   -7.14885995284833     -7.15840845869946     -1.00747679831397      c
   -5.92565345848212     -4.85583122585999     -1.34543646458546      c
   -7.59741593395788     -1.98836481682358      4.16376631003917      h
   -9.75133988430079     -6.09499713350078      4.77288660497967      h
   -9.47471083235455     -9.41545998802192      1.46372524951421      h
   -7.01460204511384     -8.60451956180362     -2.45784867723292      h
   -4.84549555257684     -4.51214519729452     -3.05736677446157      h
   -4.68083924158409      2.86683627655162     -4.46428726770731      c
   -5.88532966958620      3.83990103521116     -6.59581057062174      c
   -8.37981044184020      3.17487589864576     -7.13542160638947      c
   -9.67662098044488      1.53059456770006     -5.53215918418381      c
   -8.48328911875186      0.55560191214481     -3.39573990887737      c
   -2.74557543131860      3.38779037289147     -4.02649052719351      h
   -4.86792958766234      5.11546402828278     -7.84206599529723      h
   -9.30968913170453      3.92822073008116     -8.80383334149365      h
  -11.61579139115299      0.99798768823367     -5.94665223913506      h
   -9.49208558373341     -0.73985390627422     -2.16495262980718      h
   -7.58710324986041      3.57457929000055      2.38309966176278      c
   -8.32635422671166      5.04333790544028      4.44397741862064      c
   -6.95639856367919      4.95492901162311      6.69433430214504      c
   -4.83210031885941      3.40036302705502      6.88342319476306      c
   -4.07772976211959      1.94675772851512      4.82427939028889      c
   -8.64594531922952      3.66148388968269      0.62802897273793      h
   -9.96815764864445      6.26587338270727      4.28488529186764      h
   -7.53118282805665      6.10888285157628      8.29219473175671      h
   -3.74869321820254      3.34059538237300      8.62635127545646      h
   -2.39548781463806      0.77003505806645      4.92477617462602      h
$user-defined bonds
$end
