$coord
   -0.35007593874302      0.28395830946065      0.17816505448385      ir
   -4.71391709456866      0.60631150953785     -0.01435357581025      p
   -6.58129349388434     -1.85676790090656      1.54594500910623      c
   -5.95155512395801      3.53841635016309      1.34712778754616      c
   -7.99838988606932      3.68381770540922      1.07357685553232      h
   -8.01258561976399      0.96263035911296     -3.24442036797535      h
   -4.99808331039791      5.12280320714059      0.42695911395315      h
   -5.01206592359074      2.15167600408475     -4.28029160031003      h
   -6.10300906027175     -1.90905283437180      3.55535976863531      h
   -5.51572135888575      3.58785977472406      3.36598750782969      h
   -5.96716065371287      0.64380725195154     -3.24088294614261      c
   -8.60830144894511     -1.50138910156883      1.33027354017399      h
   -5.54398943184061     -1.15943949824147     -4.15594794976827      h
   -6.11472504105143     -3.69395763907693      0.72352214901827      h
    4.02644538339052      0.43198909840600      0.08226045372162      p
    5.75959189175613     -2.10569230224430      1.67743578654379      c
    5.35059138650412      0.42428916976759     -3.11602170412707      c
    4.48259445182976      4.93298346099261      0.53789839636523      h
    7.40647756324257      3.37336463839785      1.25115094609370      h
    4.86952697553128      3.37607355441378      3.48544111974925      h
    5.34966452311170      3.31058239041947      1.47713031478508      c
    4.47579415282708      1.96775219166157     -4.17367372936202      h
    7.40614626971426      0.66589915082654     -3.07434417196159      h
    7.80338423345118     -1.83372805323348      1.50277044042300      h
    5.23461681682483     -3.92212115048532      0.84422103120625      h
    4.88008999197461     -1.36119187984052     -4.04275615425543      h
    5.23935410003623     -2.13837481122138      3.67683002866035      h
   -0.42917555329075     -2.62405610622128      2.01509934216960      c
   -0.48036496954047     -4.49376607007828      3.19557754016914      o
   -0.24670267267961      4.09332533302005     -2.23112273445329      cl
$user-defined bonds
$redundant
     number_of_atoms            30
     degrees_of_freedom         84
     internal_coordinates       84
     frozen_coordinates          0
# definitions of redundant internals
   1 k  1.0000000000000 stre  29   28           val=   2.21178
   2 k  1.0000000000000 linc  29    1   28    2 val=   0.00876
   3 k  1.0000000000000 linp  29    1   28    2 val=  -0.01272
   4 k  0.3333333333333 tors   7    4    2    1 val=  57.01253
        0.3333333333333 tors   7    4    2    3
        0.3333333333333 tors   7    4    2   11
        0.3333333333333 tors  10    4    2    1
        0.3333333333333 tors  10    4    2    3
        0.3333333333333 tors  10    4    2   11
        0.3333333333333 tors   5    4    2    1
        0.3333333333333 tors   5    4    2    3
        0.3333333333333 tors   5    4    2   11
   5 k  1.0000000000000 stre   4    7           val=   2.06545
   6 k  1.0000000000000 stre   4   10           val=   2.06596
   7 k  1.0000000000000 stre   4    5           val=   2.07015
   8 k -0.3394080147573 bend  10    7    4      val=   0.44211
       -0.4311243962269 bend   5    7    4
       -0.4444630389447 bend   5   10    4
        0.4168382357152 bend   2    7    4
        0.4184740190654 bend   2   10    4
        0.3905277738159 bend   2    5    4
   9 k  0.7459574540297 bend  10    7    4      val=   1.31743
       -0.4714324218019 bend   5    7    4
       -0.1593436086470 bend   5   10    4
        0.0751867083156 bend   2    7    4
        0.2243070217761 bend   2   10    4
       -0.3740880667830 bend   2    5    4
  10 k  0.1975773327553 bend  10    7    4      val=   1.21957
        0.5563349024025 bend   5    7    4
       -0.7057640233770 bend   5   10    4
        0.3010047503540 bend   2    7    4
       -0.2349473602270 bend   2   10    4
       -0.0868774737404 bend   2    5    4
  11 k -0.3611888813781 bend  10    7    4      val=  -0.17998
        0.1562315914251 bend   5    7    4
        0.1908849938618 bend   5   10    4
        0.4326629081500 bend   2    7    4
        0.3144313743360 bend   2   10    4
       -0.7229335513533 bend   2    5    4
  12 k -0.0375270781985 bend  10    7    4      val=   0.53964
        0.2985077813755 bend   5    7    4
       -0.2566864225805 bend   5   10    4
       -0.6182552079001 bend   2    7    4
        0.6765534509873 bend   2   10    4
       -0.0602729556643 bend   2    5    4
  13 k  0.3333333333333 tors   8   11    2    1 val=  63.09290
        0.3333333333333 tors   8   11    2    3
        0.3333333333333 tors   8   11    2    4
        0.3333333333333 tors  13   11    2    1
        0.3333333333333 tors  13   11    2    3
        0.3333333333333 tors  13   11    2    4
        0.3333333333333 tors   6   11    2    1
        0.3333333333333 tors   6   11    2    3
        0.3333333333333 tors   6   11    2    4
  14 k  1.0000000000000 stre  11    8           val=   2.06549
  15 k  1.0000000000000 stre  11   13           val=   2.06594
  16 k  1.0000000000000 stre  11    6           val=   2.07013
  17 k -0.3366378341789 bend  13    8   11      val=   0.48376
       -0.4333509816476 bend   6    8   11
       -0.4442148069816 bend   6   13   11
        0.4169344308592 bend   2    8   11
        0.4192923263516 bend   2   13   11
        0.3897623968386 bend   2    6   11
  18 k  0.7467851145271 bend  13    8   11      val=   1.36373
       -0.4711626165814 bend   6    8   11
       -0.1558051882314 bend   6   13   11
        0.0733356211941 bend   2    8   11
        0.2233842209835 bend   2   13   11
       -0.3751851559654 bend   2    6   11
  19 k  0.1989436375934 bend  13    8   11      val=   1.20697
        0.5549452262930 bend   6    8   11
       -0.7067593571456 bend   6   13   11
        0.3012021984676 bend   2    8   11
       -0.2335603562081 bend   2   13   11
       -0.0876083991930 bend   2    6   11
  20 k -0.3606153301282 bend  13    8   11      val=  -0.15626
        0.1506531140335 bend   6    8   11
        0.1955613601995 bend   6   13   11
        0.4441052433173 bend   2    8   11
        0.3023264262851 bend   2   13   11
       -0.7213773229963 bend   2    6   11
  21 k -0.0440410953300 bend  13    8   11      val=   0.56405
        0.3007912975737 bend   6    8   11
       -0.2527710636185 bend   6   13   11
       -0.6102106343637 bend   2    8   11
        0.6826165217565 bend   2   13   11
       -0.0732764120149 bend   2    6   11
  22 k  0.3333333333333 tors   9    3    2    1 val=  59.94036
        0.3333333333333 tors   9    3    2    4
        0.3333333333333 tors   9    3    2   11
        0.3333333333333 tors  14    3    2    1
        0.3333333333333 tors  14    3    2    4
        0.3333333333333 tors  14    3    2   11
        0.3333333333333 tors  12    3    2    1
        0.3333333333333 tors  12    3    2    4
        0.3333333333333 tors  12    3    2   11
  23 k  1.0000000000000 stre   3    9           val=   2.06621
  24 k  1.0000000000000 stre   3   14           val=   2.06624
  25 k  1.0000000000000 stre   3   12           val=   2.06920
  26 k  0.3623662406457 bend  14    9    3      val=   0.34912
        0.4338757422850 bend  12    9    3
        0.4348129041831 bend  12   14    3
       -0.4110544914120 bend   2    9    3
       -0.4106965702781 bend   2   14    3
       -0.3921005209186 bend   2   12    3
  27 k  0.7609228003370 bend  14    9    3      val=   1.25000
       -0.3314793181931 bend  12    9    3
       -0.3373835996996 bend  12   14    3
        0.1645147764889 bend   2    9    3
        0.1617192045351 bend   2   14    3
       -0.3795682381241 bend   2   12    3
  28 k  0.0032823423994 bend  14    9    3      val=   0.00422
       -0.6476129595962 bend  12    9    3
        0.6438786973275 bend  12   14    3
       -0.2870846627189 bend   2    9    3
        0.2891146360069 bend   2   14    3
       -0.0014239372946 bend   2   12    3
  29 k -0.3653368902649 bend  14    9    3      val=   0.12985
        0.1814185394870 bend  12    9    3
        0.1736718887756 bend  12   14    3
        0.3637395179004 bend   2    9    3
        0.3813578060680 bend   2   14    3
       -0.7250614677803 bend   2   12    3
  30 k -0.0050162908615 bend  14    9    3      val=   0.02014
       -0.2855914444528 bend  12    9    3
        0.2905626550387 bend  12   14    3
        0.6508129467937 bend   2    9    3
       -0.6405723534899 bend   2   14    3
       -0.0097609122668 bend   2   12    3
  31 k  0.3333333333333 tors  18   21   15    1 val=  62.90402
        0.3333333333333 tors  18   21   15   16
        0.3333333333333 tors  18   21   15   17
        0.3333333333333 tors  20   21   15    1
        0.3333333333333 tors  20   21   15   16
        0.3333333333333 tors  20   21   15   17
        0.3333333333333 tors  19   21   15    1
        0.3333333333333 tors  19   21   15   16
        0.3333333333333 tors  19   21   15   17
  32 k  1.0000000000000 stre  21   18           val=   2.06547
  33 k  1.0000000000000 stre  21   20           val=   2.06595
  34 k  1.0000000000000 stre  21   19           val=   2.07014
  35 k -0.3384837179820 bend  20   18   21      val=   0.44882
       -0.4308795544946 bend  19   18   21
       -0.4454345460784 bend  19   20   21
        0.4169608859636 bend  15   18   21
        0.4186205992435 bend  15   20   21
        0.3902051522021 bend  15   19   21
  36 k  0.7432806979307 bend  20   18   21      val=   1.30483
       -0.4786407693189 bend  19   18   21
       -0.1490881950024 bend  19   20   21
        0.0702476352727 bend  15   18   21
        0.2277533198005 bend  15   20   21
       -0.3733674104669 bend  15   19   21
  37 k  0.2088909827010 bend  20   18   21      val=   1.29401
        0.5502462978808 bend  19   18   21
       -0.7074696284430 bend  19   20   21
        0.3013376766678 bend  15   18   21
       -0.2320208668232 bend  15   20   21
       -0.0918815314656 bend  15   19   21
  38 k -0.3611763736889 bend  20   18   21      val=  -0.16458
        0.1563849370284 bend  19   18   21
        0.1906886491518 bend  19   20   21
        0.4336104057415 bend  15   18   21
        0.3136230786963 bend  15   20   21
       -0.7227418613765 bend  15   19   21
  39 k -0.0383277601317 bend  20   18   21      val=   0.54195
        0.2989924437722 bend  19   18   21
       -0.2560366165006 bend  19   20   21
       -0.6180548620295 bend  15   18   21
        0.6766697744753 bend  15   20   21
       -0.0608765653981 bend  15   19   21
  40 k  0.3333333333333 tors  22   17   15    1 val=  56.77065
        0.3333333333333 tors  22   17   15   16
        0.3333333333333 tors  22   17   15   21
        0.3333333333333 tors  26   17   15    1
        0.3333333333333 tors  26   17   15   16
        0.3333333333333 tors  26   17   15   21
        0.3333333333333 tors  23   17   15    1
        0.3333333333333 tors  23   17   15   16
        0.3333333333333 tors  23   17   15   21
  41 k  1.0000000000000 stre  17   22           val=   2.06547
  42 k  1.0000000000000 stre  17   26           val=   2.06595
  43 k  1.0000000000000 stre  17   23           val=   2.07013
  44 k -0.3369651410771 bend  26   22   17      val=   0.46006
       -0.4321410810152 bend  23   22   17
       -0.4453638235761 bend  23   26   17
        0.4169351045723 bend  15   22   17
        0.4189910694406 bend  15   26   17
        0.3898348967856 bend  15   23   17
  45 k  0.7451101556878 bend  26   22   17      val=   1.36087
       -0.4746023561612 bend  23   22   17
       -0.1518672777434 bend  23   26   17
        0.0716136481593 bend  15   22   17
        0.2257112512977 bend  15   26   17
       -0.3747341801903 bend  15   23   17
  46 k  0.2044250475715 bend  26   22   17      val=   1.27868
        0.5528621359808 bend  23   22   17
       -0.7069864572126 bend  23   26   17
        0.3008660349243 bend  15   22   17
       -0.2326595722274 bend  15   26   17
       -0.0898507669530 bend  15   23   17
  47 k -0.3614244400416 bend  26   22   17      val=  -0.15703
        0.1549950268072 bend  23   22   17
        0.1919182750356 bend  23   26   17
        0.4364143134847 bend  15   22   17
        0.3107927831992 bend  15   26   17
       -0.7221265016671 bend  15   23   17
  48 k -0.0398343333802 bend  26   22   17      val=   0.55511
        0.2991950401253 bend  23   22   17
       -0.2548710253488 bend  23   26   17
       -0.6161797248457 bend  15   22   17
        0.6783517040101 bend  15   26   17
       -0.0640142690486 bend  15   23   17
  49 k  0.3333333333333 tors  27   16   15    1 val=  59.90973
        0.3333333333333 tors  27   16   15   17
        0.3333333333333 tors  27   16   15   21
        0.3333333333333 tors  25   16   15    1
        0.3333333333333 tors  25   16   15   17
        0.3333333333333 tors  25   16   15   21
        0.3333333333333 tors  24   16   15    1
        0.3333333333333 tors  24   16   15   17
        0.3333333333333 tors  24   16   15   21
  50 k  1.0000000000000 stre  16   27           val=   2.06623
  51 k  1.0000000000000 stre  16   25           val=   2.06622
  52 k  1.0000000000000 stre  16   24           val=   2.06919
  53 k  0.3620400072653 bend  25   27   16      val=   0.34464
        0.4344301574685 bend  24   27   16
        0.4344970742506 bend  24   25   16
       -0.4109743633970 bend  15   27   16
       -0.4108637164888 bend  15   25   16
       -0.3920469907960 bend  15   24   16
  54 k  0.7610592713193 bend  25   27   16      val=   1.26584
       -0.3324658920099 bend  24   27   16
       -0.3359396239914 bend  24   25   16
        0.1639441404009 bend  15   27   16
        0.1621973619075 bend  15   25   16
       -0.3797553420822 bend  15   24   16
  55 k  0.0021288565715 bend  25   27   16      val=   0.01299
       -0.6467672230308 bend  24   27   16
        0.6448780989815 bend  24   25   16
       -0.2874771862896 bend  15   27   16
        0.2884023431611 bend  15   25   16
       -0.0009057918551 bend  15   24   16
  56 k -0.3655030291376 bend  25   27   16      val=   0.12921
        0.1782374497194 bend  24   27   16
        0.1768974314057 bend  24   25   16
        0.3709012565518 bend  15   27   16
        0.3742961276278 bend  15   25   16
       -0.7250385594587 bend  15   24   16
  57 k -0.0010078928116 bend  25   27   16      val=   0.00540
       -0.2874036461765 bend  24   27   16
        0.2884769709149 bend  24   25   16
        0.6467544798264 bend  15   27   16
       -0.6448910516164 bend  15   25   16
       -0.0018275496948 bend  15   24   16
  58 k  0.2886751345948 tors  28    1    2    3 val=  -0.09377
        0.2886751345948 tors  28    1    2    4
        0.2886751345948 tors  28    1    2   11
       -0.2886751345948 tors  28    1   15   16
       -0.2886751345948 tors  28    1   15   17
       -0.2886751345948 tors  28    1   15   21
        0.2886751345948 tors  30    1    2    3
        0.2886751345948 tors  30    1    2    4
        0.2886751345948 tors  30    1    2   11
       -0.2886751345948 tors  30    1   15   16
       -0.2886751345948 tors  30    1   15   17
       -0.2886751345948 tors  30    1   15   21
  59 k  1.0000000000000 stre   1   28           val=   3.44051
  60 k  1.0000000000000 stre   1   30           val=   4.50851
  61 k -0.6314266781947 bend   2   28    1      val=   0.00553
       -0.3182770108501 bend   2   30    1
        0.6314269720053 bend  15   28    1
        0.3182767246479 bend  15   30    1
  62 k -0.3182770280054 bend   2   28    1      val=   0.01086
        0.6314269960687 bend   2   30    1
        0.3182767074927 bend  15   28    1
       -0.6314266541312 bend  15   30    1
  63 k  0.6324342231981 outp  30   28    2    1 val=   0.02256
       -0.6324350761307 outp  28   15   30    1
       -0.3213184086078 outp  28   15    2    1
       -0.3111387280574 outp  30   15    2    1
  64 k  1.0000000000000 stre   2    1           val=   4.37996
  65 k  1.0000000000000 stre   1   15           val=   4.38007
  66 k  1.0000000000000 linc   2   15    1   17 val=   4.21215
  67 k  1.0000000000000 linp   2   15    1   17 val=   5.85626
  68 k  0.3333333333333 tors  11    2   15   16 val= 120.10686
        0.3333333333333 tors  11    2   15   17
        0.3333333333333 tors  11    2   15   21
        0.3333333333333 tors   4    2   15   16
        0.3333333333333 tors   4    2   15   17
        0.3333333333333 tors   4    2   15   21
        0.3333333333333 tors   3    2   15   16
        0.3333333333333 tors   3    2   15   17
        0.3333333333333 tors   3    2   15   21
  69 k  1.0000000000000 stre   2   11           val=   3.46158
  70 k  1.0000000000000 stre   2    4           val=   3.46159
  71 k  1.0000000000000 stre   2    3           val=   3.46242
  72 k  0.3869197242671 bend   4   11    2      val=   2.68141
        0.4629853663202 bend   3   11    2
        0.4638033152726 bend   3    4    2
       -0.3744456094335 bend   1   11    2
       -0.3744070855530 bend   1    4    2
       -0.3747452229879 bend   1    3    2
  73 k  0.7907322670749 bend   4   11    2      val=   7.07536
       -0.3272917760087 bend   3   11    2
       -0.3210901071541 bend   3    4    2
        0.1690293488931 bend   1   11    2
        0.1720452792907 bend   1    4    2
       -0.3261184130619 bend   1    3    2
  74 k  0.0046072775770 bend   4   11    2      val=   0.16930
        0.6874605728948 bend   3   11    2
       -0.6897736157052 bend   3    4    2
        0.1610940162537 bend   1   11    2
       -0.1601169944954 bend   1    4    2
       -0.0005989878760 bend   1    3    2
  75 k -0.3401116523834 bend   4   11    2      val=  -0.61550
        0.1584036957611 bend   3   11    2
        0.1553561890113 bend   3    4    2
        0.3823894458427 bend   1   11    2
        0.3885201382058 bend   1    4    2
       -0.7334352060917 bend   1    3    2
  76 k -0.0007009418786 bend   4   11    2      val=   0.07748
       -0.1601613352035 bend   3   11    2
        0.1610499241821 bend   3    4    2
        0.6907698097078 bend   1   11    2
       -0.6864652603314 bend   1    4    2
       -0.0036460474059 bend   1    3    2
  77 k  1.0000000000000 stre  15   21           val=   3.46163
  78 k  1.0000000000000 stre  15   17           val=   3.46156
  79 k  1.0000000000000 stre  15   16           val=   3.46240
  80 k  0.3850756005877 bend  17   21   15      val=   2.65616
        0.4642906299801 bend  16   21   15
        0.4638984068146 bend  16   17   15
       -0.3745943170434 bend   1   21   15
       -0.3745726803381 bend   1   17   15
       -0.3745980054441 bend   1   16   15
  81 k  0.7915102971140 bend  17   21   15      val=   7.21080
       -0.3201148698668 bend  16   21   15
       -0.3252771435112 bend  16   17   15
        0.1718348365673 bend   1   21   15
        0.1693786993286 bend   1   17   15
       -0.3271335273517 bend   1   16   15
  82 k  0.0036885298487 bend  17   21   15      val=   0.12807
       -0.6894109079507 bend  16   21   15
        0.6872628869552 bend  16   17   15
       -0.1613372420749 bend   1   21   15
        0.1622921017516 bend   1   17   15
       -0.0005357133211 bend   1   16   15
  83 k -0.3410242620449 bend  17   21   15      val=  -0.58214
        0.1559458484003 bend  16   21   15
        0.1581785639624 bend  16   17   15
        0.3878447675970 bend   1   21   15
        0.3835040186438 bend   1   17   15
       -0.7327100319348 bend   1   16   15
  84 k -0.0004493443499 bend  17   21   15      val=   0.05538
        0.1620841636553 bend  16   21   15
       -0.1615468147145 bend  16   17   15
       -0.6868119820358 bend   1   21   15
        0.6898648286601 bend   1   17   15
       -0.0026397248359 bend   1   16   15
        84 non zero eigenvalues  of BmBt
           1           4.202560379    1    0
         1
           2           3.805921214    2    0
         2
           3           3.730784934    3    0
         3
           4           3.709935039    4    0
         4
           5           3.688096998    5    0
         5
           6           3.662504814    6    0
         6
           7           3.624403453    7    0
         7
           8           3.622778917    8    0
         8
           9           3.364322882    9    0
         9
          10           3.334334459   10    0
        10
          11           3.324620104   11    0
        11
          12           3.306145424   12    0
        12
          13           3.295074365   13    0
        13
          14           3.139182777   14    0
        14
          15           3.135733380   15    0
        15
          16           3.114217637   16    0
        16
          17           3.103157266   17    0
        17
          18           3.099550513   18    0
        18
          19           3.057880646   19    0
        19
          20           2.855950032   20    0
        20
          21           2.156867392   21    0
        21
          22           2.058925388   22    0
        22
          23           1.862656133   23    0
        23
          24           1.445949375   24    0
        24
          25           1.423634853   25    0
        25
          26           1.378540264   26    0
        26
          27           1.356860261   27    0
        27
          28           1.157891763   28    0
        28
          29           0.903044871   29    0
        29
          30           0.880013473   30    0
        30
          31           0.878658682   31    0
        31
          32           0.854114057   32    0
        32
          33           0.852887630   33    0
        33
          34           0.847857906   34    0
        34
          35           0.846647883   35    0
        35
          36           0.829373720   36    0
        36
          37           0.814371396   37    0
        37
          38           0.808228283   38    0
        38
          39           0.806587919   39    0
        39
          40           0.800519028   40    0
        40
          41           0.701473944   41    0
        41
          42           0.701397219   42    0
        42
          43           0.700130853   43    0
        43
          44           0.700079072   44    0
        44
          45           0.700030905   45    0
        45
          46           0.699964235   46    0
        46
          47           0.696172174   47    0
        47
          48           0.692083650   48    0
        48
          49           0.684922195   49    0
        49
          50           0.681912803   50    0
        50
          51           0.672768607   51    0
        51
          52           0.670628954   52    0
        52
          53           0.645685107   53    0
        53
          54           0.570052727   54    0
        54
          55           0.467883820   55    0
        55
          56           0.367854450   56    0
        56
          57           0.341486289   57    0
        57
          58           0.340915754   58    0
        58
          59           0.340484825   59    0
        59
          60           0.337411350   60    0
        60
          61           0.322134987   61    0
        61
          62           0.295657248   62    0
        62
          63           0.295146538   63    0
        63
          64           0.294894542   64    0
        64
          65           0.294407814   65    0
        65
          66           0.280301220   66    0
        66
          67           0.247726821   67    0
        67
          68           0.177081816   68    0
        68
          69           0.130241621   69    0
        69
          70           0.103459371   70    0
        70
          71           0.096592494   71    0
        71
          72           0.076154154   72    0
        72
          73           0.075567906   73    0
        73
          74           0.062898701   74    0
        74
          75           0.046637644   75    0
        75
          76           0.042814944   76    0
        76
          77           0.039248214   77    0
        77
          78           0.038885058   78    0
        78
          79           0.034049280   79    0
        79
          80           0.027618845   80    0
        80
          81           0.025547151   81    0
        81
          82           0.023907879   82    0
        82
          83           0.006873013   83    0
        83
          84           0.005596673   84    0
        84
$end
