$coord
   -0.91478160993533     -0.00145970323640     -0.09847831808666      ir
   -0.70072603362620      4.47267766303971      0.07677020079635      p
   -3.74118020925100      6.11631979956255      0.14238334847008      c
    0.98953496761380      5.71148478530560      2.80399842908658      c
    0.04309953254125      5.08376131268957      4.52580236507397      h
   -0.13999304352978      5.43386623161410     -4.36705910027017      h
    1.04206821049343      7.77813634270664      2.71411661173557      h
    1.10192797304723      7.89172762580368     -2.41845166054045      h
   -4.89123181238973      5.51742912936736     -1.46563374281835      h
    2.90401496539060      4.93677839826640      2.78599903111771      h
    0.92022894162995      5.84356683373675     -2.64145330376573      c
   -4.73596350274690      5.63822196029604      1.88763980450865      h
    2.79308209384646      4.97984268726284     -2.77926748142251      h
   -3.45543044732671      8.16384067716510      0.06689534152530      h
   -0.69975949173834     -4.47508615503365      0.08359799907962      p
    0.93423280835381     -5.84981519192483     -2.62485992751290      c
    0.97805092161582     -5.70860449540237      2.82085338676956      c
   -3.45278477317841     -8.16761133951845      0.06629652478046      h
   -4.88069030790932     -5.52509078059137     -1.48014204789585      h
   -4.74552695215763     -5.63878971582338      1.87397363102401      h
   -3.73984288276411     -6.12006729378821      0.13588564082306      c
    2.89085231860001     -4.92960238992502      2.81270870350762      h
    0.02101237022349     -5.08209784391210      4.53718868238200      h
    1.11468542805596     -7.89762609508109     -2.39763017323592      h
    2.80762132409839     -4.98620330295121     -2.75528736776775      h
    1.03577913943339     -7.77516096428048      2.73250009458482      h
   -0.11790626646392     -5.44290819612696     -4.35605025589448      h
   -0.51375872710149     -0.00498961572783     -3.58331094675275      c
   -0.23706849732085     -0.00695397302050     -5.74672097656525      o
   -1.25741512112061      0.00534140026572      4.43815863906372      cl
   -4.82632103271027     -0.00186239516141     -0.53435564564271      c
   -5.77784348218209      0.00075812044855     -2.63210753838829      o
    4.53441935976162     -0.00263474948270      0.15720479916101      i
   -6.53062918617222     -0.00516678744352      1.78637966143860      c
   -6.12155577514884     -1.64188514550233      2.97686712320144      h
   -8.50007215072263     -0.01454723644028      1.16331533883877      h
   -6.13604639930864      1.64175834724214      2.96792083179304      h
$user-defined bonds
$end
