$coord
    0.17128636685671      0.12521324858984     -0.16629646421909      w
    0.20211024935250     -3.64493068316254     -0.88165060642690      c
    0.18166639952466     -5.79272033219919     -1.39918149345681      o
    0.05343088726292      0.71805990023558     -3.77534768643285      c
    0.05296777766989      1.09305036647618     -5.97016585199510      o
   -0.17632637762664      3.93146701083970      0.26982624379866      c
   -0.48573081222688      6.11420086610004      0.38970236284933      o
   -4.50413217768314     -0.17715526157477      0.36571491494155      p
   -5.51949796341987     -0.82634134384697      3.69802175478527      c
   -7.59030471831023     -0.86038061541892      3.73375244848805      h
   -6.26706840144270      2.81786798437960     -0.33921168697327      c
   -5.16401561593064      4.18246550389674      0.76677629792724      h
   -5.99331848619452     -2.89072581071554     -1.36085211652679      c
   -4.93435739678740     -4.47741676305393     -0.54277535216935      h
    6.65013366177731     -2.39327528707458     -1.50595956026907      c
    4.78579974344060     -0.06387665125354      0.37742380273072      p
    6.50920698679070     -0.39948684828613      4.74621341193813      h
    5.87232680711266     -4.19415685985212     -0.83474051934626      h
    6.77545050175314      2.85073771238338      0.45243532271434      c
    8.73197423259088      2.24085476003130      0.77087530946682      h
   -6.02477616840871      3.59369166976603     -3.12503904310530      c
   -6.58472095672617      5.57580348184359     -3.34184358996803      h
   -7.26673638815553      2.45660236868777     -4.32472498828939      h
   -4.09084571088314      3.38494499679609     -3.81367898761263      h
   -9.02554291070983      2.99714868731802      0.54242573115115      c
  -10.26195142608161      1.75102534021465     -0.54457176248302      h
   -9.69699559968542      4.93819836011308      0.26146664878231      h
   -9.25493953881307      2.54495799759060      2.54597194004867      h
   -8.81729388057445     -3.35742296018667     -0.88840246820364      c
   -9.31501171088910     -3.33061864538887      1.11765945345923      h
   -9.33735582245713     -5.21726033970715     -1.64109387686492      h
   -9.97976033225019     -1.95352657768675     -1.86183537354931      h
   -5.42389235455077     -2.88372890364488     -4.20576717121774      c
   -5.94171235607509     -4.72080554773297     -5.01114292458829      h
   -3.42546074083855     -2.54745398357690     -4.58260943438155      h
   -6.51609770793522     -1.43325649242992     -5.19115985134196      h
   -4.55120993750023     -3.40782936160297      4.59752740739621      c
   -5.42830777708979     -4.96609326116028      3.56158339611443      h
   -4.97366689366565     -3.66294397609319      6.60987230118124      h
   -2.50182343916691     -3.56597876141607      4.34764802532250      h
   -4.60889919308174      1.30552837083545      5.44226837092105      c
   -2.55137830731966      1.50755371771834      5.34915616315958      h
   -5.12841923460140      0.89291485328765      7.40514326193806      h
   -5.43673407434636      3.12949476197054      4.93202891411550      h
    9.50032649142405     -2.35356036663747     -0.97971031830244      c
    9.92647446715534     -2.40129291819558      1.04577806712891      h
   10.38182191743033     -0.66048136807995     -1.77903639898484      h
   10.40337687932902     -3.99798473258342     -1.85874664955427      h
    6.06937005993016     -2.23901684526593     -4.34470306317148      c
    6.82458367924597     -0.51228869957123     -5.19282588065110      h
    2.40951906601979     -0.34245010578390      4.86432374977115      c
    4.03573639388552     -2.28064012184520     -4.69165520146123      h
    6.93645930016870     -3.85158969305607     -5.31402479469649      h
    5.11325188970292     -4.14472691648567      3.94293661864337      c
    0.78570305277082     -1.18611430399640      3.79134920573343      h
    2.11108040033558     -1.05266613186842      6.79031997752377      h
    2.24682451611961      1.71169400447044      4.89475272761808      h
    4.92437648967941     -1.26227710202200      3.72430173892488      c
    4.91829339092086     -4.70573626541117      5.92844744770791      h
    6.92785294125533     -4.85850828324810      3.26174781717591      h
    3.60633000981294     -5.07355993939667      2.87100759486660      h
    6.00306999794329      4.62194691949862      2.61398822649386      c
    4.02279787197782      5.18633835315451      2.43924762055756      h
    7.15513420835543      6.34198761432902      2.53637825679165      h
    6.28709051167835      3.76140427017562      4.47292407735925      h
    6.58795785394671      4.22467052366838     -2.09690809593248      c
    4.61256034984651      4.65398778097344     -2.53870840797532      h
    7.35497569627398      3.09477281054297     -3.64646626189221      h
    7.64352193502713      6.00556750599994     -2.01860292374609      h
$user-defined bonds
$end
