$coord
    1.01787252781934     -0.35124785162371      0.28939474252234      ni
    4.70875471624913     -0.54841058790305     -0.24207806501888      c
    3.72994682612738      1.87382766853594     -0.81456520315207      c
    2.28861642074093      3.06630977554337      1.09705457658731      c
   -0.39218124025840     -3.76897353789548     -0.07781630266792      o
   -2.51700105318307     -2.84458323089196      0.61064358556925      c
   -2.58847738023344     -0.48773115045778      1.15701858148881      o
    5.41939107892523     -1.74843524493288     -1.74870590336814      h
    5.41421450768883     -0.97058414440556      1.64692870253376      h
    3.60226051347642      2.51151382394162     -2.76677689605706      h
    2.82979730877388      2.89017351233106      3.07699165449979      h
    1.11254958658875      4.68415895187591      0.63397447616976      h
   -4.85526295245103     -4.47529604619387      0.79246392508467      c
   -7.11797297286707     -3.25619938401943     -0.42816393666179      c
   -4.44245773155298     -6.32173039457776     -0.03470500895098      h
   -5.21852579679830     -4.74612793670779      2.82251364332814      h
   -8.48245324748069     -4.33521829771570     -2.24769222300039      c
   -7.59228320646667     -1.37513248534981      0.25334828154738      h
  -10.10362921166639     -3.38639495918618     -3.07432448765373      h
   -8.03067071493184     -6.20520815676680     -2.97221311100007      h
$user-defined bonds
$end
