$coord
    0.49488169631285      7.05940346972397      0.34643384859092      c
   -0.17187781121479      4.52248378150811      0.57802731713482      c
    1.56955643676127      2.69044862381527      0.19432950679229      n
    3.99671874284552      3.27117034461922     -0.32891479657890      c
    4.76705269208411      5.77785858887283     -0.54862156020405      c
    2.98700825171802      7.69025524412062     -0.23333019729681      c
   -2.75290609412169      3.63150603006445      1.34020350368488      c
   -3.33467863711637      0.30446392613815      0.26972493947828      p
   -5.70429347750201     -0.82898492356361      2.71280990274768      c
   -4.26773768583851     -1.55312833857234      5.13705444716984      c
    0.64100208192975     -1.14974497640454      0.22233993026349      ru
   -0.23994519786688     -4.51028324948248      0.41647191882370      c
   -0.84023023996684     -6.63021361988225      0.62379224212088      o
    5.71681779789855      1.05212176194313     -0.76391527736129      c
    4.87449323919363     -1.24182222993754      0.65336986075165      n
    5.82296948619015     -3.57371919490663     -0.66345479488113      c
    8.68363906855450     -3.75248722525556     -1.05946045418810      c
    1.81148173150888     -0.84390582203186     -3.68306274320572      o
    1.36668074354013     -2.66417026070983     -5.54459494785976      c
    5.78729817613633     -1.24757712527004      3.32909390121944      c
    5.11311404771435      1.07988054004073      4.88148718296287      c
   -4.97729002274885      0.74376983324319     -2.87897093428828      c
   -7.56929300342788      2.04520043431926     -2.83168717015718      c
   -3.12094384885927      2.37908063102821     -4.42710075672193      c
   -5.21590199835750     -1.85909353613835     -4.15986453228459      c
   -7.67134257096116      1.19756076155579      3.42871164659292      c
   -7.06667841781984     -3.20292499404387      1.72773317462101      c
    6.72773436638219      6.21160857041048     -0.96683298365695      h
    3.53833800346523      9.65866297330738     -0.41487617904156      h
   -0.92266892310645      8.51288768954005      0.63349365882185      h
   -4.21940461319723      4.96222787706213      0.74310818169437      h
   -8.15282074292502     -4.04136996922123      3.28242614508807      h
   -8.39212045497583     -2.75398273873639      0.20840546227090      h
   -5.72958227153667     -4.62429386855255      1.04694518657252      h
   -5.66104129251309     -2.09448298398806      6.57671110714561      h
   -2.97999277884747     -3.12897794543446      4.81329809045311      h
   -3.15061998526393      0.02332693817582      5.87700438138909      h
   -8.98927780110350      0.37263496250120      4.80110528797660      h
   -6.78965973722561      2.83491662038220      4.33410797904165      h
   -8.77348197960677      1.85901569877062      1.81842122186448      h
   -3.79269475129566      2.45878175430741     -6.38798378839282      h
   -3.05539104192232      4.32384835238136     -3.71607969848618      h
   -1.20475843923994      1.57476514639233     -4.39791956184920      h
   -5.62308072011992     -1.58769405611547     -6.17447010698257      h
   -3.45756271762097     -2.92540980745104     -3.99342249325586      h
   -6.74567833254638     -2.98352079856095     -3.35010774851228      h
   -8.15828289099475      2.41277302541071     -4.78693538151488      h
   -9.02462851011792      0.86607844469720     -1.95786094441621      h
   -7.51548356476142      3.86810292211781     -1.85128733864032      h
    5.52471794592273      0.54668568948033     -2.76403445442507      h
    7.68247886001462      1.54579407235375     -0.31891562388400      h
    4.95599051661598     -2.92989787685334      4.19258586932695      h
    7.85322562415377     -1.47399566175703      3.31961502673810      h
    4.84332765001436     -3.58960536981876     -2.47631698819076      h
    5.14881037414729     -5.17152567317381      0.46006125377157      h
    9.08969034614863     -5.51445752678144     -2.06557539143131      h
    9.39843421240331     -2.19882382639332     -2.22306626087203      h
    9.74932985531604     -3.79038127499718      0.71245984482883      h
    5.77534251839044      0.78346175159531      6.82003272129571      h
    6.02785207851186      2.79032262626839      4.16416539970320      h
    3.06863456586641      1.36187337680642      4.91315713776492      h
    0.39099616590814     -1.03403128429467      3.27040826683070      h
   -2.80689427930387      3.53867591691280      3.41279925969323      h
    2.84561362142991     -2.56060366807519     -7.01887085302334      h
    1.36897845840700     -4.62281718417542     -4.80751589275205      h
   -0.46021903676259     -2.39688149438789     -6.52648718057192      h
$user-defined bonds
$end
