$coord
   -0.21661299431739      0.61990286064484      0.85165275061556      rh
   -4.75847880388962     -2.79969514941602      0.04695717221046      rh
   -3.96012753483543      1.34343073999166     -1.58154723335821      cl
   -3.08333246036954     -1.10884347416359      3.89296272658993      cl
   -5.91302429097978     -3.96005544597695     -3.03500023352207      c
   -5.19882787390248     -5.96714348525263      1.44422995063085      c
    1.84981227942992      1.88479267652890     -1.66003437023647      c
    2.56873825689824     -0.11911791843557      2.82002445297047      c
   -6.60851137313552     -4.67810435046057     -4.96313360130456      o
   -5.44856951968578     -7.94035521860306      2.31661946500123      o
    3.12826777939268      2.65313071635744     -3.23871167303535      o
    4.29750687639472     -0.60304850921447      4.04240596243818      o
$user-defined bonds
$redundant
     number_of_atoms            12
     degrees_of_freedom         30
     internal_coordinates       30
     frozen_coordinates          0
# definitions of redundant internals
   1 k  1.0000000000000 stre   9    5           val=   2.17186
   2 k  1.0000000000000 linc   9    2    5    6 val=  -0.27809
   3 k  1.0000000000000 linp   9    2    5    6 val=   0.61207
   4 k  1.0000000000000 stre  10    6           val=   2.17187
   5 k  1.0000000000000 linc  10    2    6    5 val=  -0.25718
   6 k  1.0000000000000 linp  10    2    6    5 val=  -0.59432
   7 k  1.0000000000000 stre  11    7           val=   2.17187
   8 k  1.0000000000000 linc  11    1    7    8 val=  -0.28210
   9 k  1.0000000000000 linp  11    1    7    8 val=  -0.61317
  10 k  1.0000000000000 stre  12    8           val=   2.17188
  11 k  1.0000000000000 linc  12    1    8    7 val=  -0.24970
  12 k  1.0000000000000 linp  12    1    8    7 val=   0.59893
  13 k  1.0000000000000 stre   2    6           val=   3.48984
  14 k  1.0000000000000 stre   2    5           val=   3.48968
  15 k  0.0001466265104 bend   5    6    2      val=   0.01631
       -0.7071798508760 bend   3    5    2
        0.7070336887416 bend   4    6    2
  16 k  0.8164968003208 bend   5    6    2      val=  -1.00959
       -0.4081212031348 bend   3    5    2
       -0.4083748995931 bend   4    6    2
  17 k -0.5119443261112 outp   6    3    5    2 val=   1.95368
       -0.5119295136130 outp   5    6    4    2
       -0.4877720100479 outp   6    4    3    2
       -0.4877700752080 outp   5    4    3    2
  18 k  0.4871342687784 outp   6    3    5    2 val=   0.02230
       -0.4871497995191 outp   5    6    4    2
        0.5125352366100 outp   6    4    3    2
       -0.5125357628920 outp   5    4    3    2
  19 k  1.0000000000000 stre   1    8           val=   3.48982
  20 k  1.0000000000000 stre   1    7           val=   3.48979
  21 k -0.0071408222967 bend   7    8    1      val=  -0.01111
        0.7106502670763 bend   3    7    1
       -0.7035092085831 bend   4    8    1
  22 k  0.8164654715185 bend   7    8    1      val=  -1.00887
       -0.4020483577081 bend   3    7    1
       -0.4144167611019 bend   4    8    1
  23 k -0.5122207214492 outp   8    3    7    1 val=  -1.95892
       -0.5117430620835 outp   7    8    4    1
       -0.4876399114687 outp   8    4    3    1
       -0.4878076338786 outp   7    4    3    1
  24 k  0.4868558071631 outp   8    3    7    1 val=  -0.02048
       -0.4873242038334 outp   7    8    4    1
        0.5126803466356 outp   8    4    3    1
       -0.5124894199526 outp   7    4    3    1
  25 k  1.0000000000000 stre   1    3           val=   4.52304
  26 k  1.0000000000000 stre   3    2           val=   4.52271
  27 k  1.0000000000000 stre   2    4           val=   4.52293
  28 k  1.0000000000000 stre   4    1           val=   4.52285
  29 k -0.5000000000000 bend   1    2    3      val=   2.67939
        0.5000000000000 bend   3    4    2
       -0.5000000000000 bend   2    1    4
        0.5000000000000 bend   4    3    1
  30 k -0.5000000000000 tors   3    2    4    1 val=  42.11543
        0.5000000000000 tors   2    4    1    3
       -0.5000000000000 tors   4    1    3    2
        0.5000000000000 tors   1    3    2    4
        30 non zero eigenvalues  of BmBt
           1           3.620906857    1    0
         1
           2           3.590423961    2    0
         2
           3           3.589042090    3    0
         3
           4           3.540071713    4    0
         4
           5           2.354394120    5    0
         5
           6           2.134308085    6    0
         6
           7           2.127992139    7    0
         7
           8           2.098360979    8    0
         8
           9           2.057022332    9    0
         9
          10           1.782364038   10    0
        10
          11           1.028823012   11    0
        11
          12           0.955895050   12    0
        12
          13           0.948213601   13    0
        13
          14           0.943585423   14    0
        14
          15           0.915845623   15    0
        15
          16           0.814581725   16    0
        16
          17           0.714522743   17    0
        17
          18           0.640736236   18    0
        18
          19           0.619511104   19    0
        19
          20           0.571512670   20    0
        20
          21           0.569172794   21    0
        21
          22           0.340208187   22    0
        22
          23           0.201100691   23    0
        23
          24           0.142489306   24    0
        24
          25           0.092912534   25    0
        25
          26           0.075377134   26    0
        26
          27           0.055777300   27    0
        27
          28           0.051850191   28    0
        28
          29           0.036913929   29    0
        29
          30           0.027404476   30    0
        30
$end
