$coord
   -0.13062762505709     -0.01382793032032     -0.20211950980840      c
    2.51379431790077     -0.14606018892717     -0.33534865316476      c
    3.93267548871111      2.09549691218261     -0.30335257953231      c
    2.72634176283580      4.42598484492847     -0.10628244778298      c
    0.09455219936243      4.54641915447565      0.04324256623999      c
   -1.32610034406451      2.32609316678234     -0.00803135969136      c
    4.07635589580990     -3.16258449848481     -0.81629290686661      p
    6.87023912102752     -3.10162640328012      1.18019258061063      c
    8.98945658618596     -4.49136906171875      0.40936172205021      c
   11.12140865242545     -4.62802102108151      1.94953076114755      c
   11.15742860521973     -3.36327543252029      4.26334671182611      c
    9.05479859808204     -1.96950437017673      5.03913264335565      c
    6.91538050838321     -1.83886817586559      3.50966228975488      c
    1.92487719652579     -5.56841067951820      0.42014966785356      c
    0.20006037986737     -6.40086334449587     -1.80355122725685      c
    1.24768828413197     -6.21990406364003     -4.03783293903734      o
    4.30258463190970     -4.35053763411774     -4.69790700651215      ni
    3.88059598808794     -5.18585854598716     -8.57733999144681      c
    4.38649137174051     -2.91653365135839    -10.23444676420030      c
    3.97984795233963     -0.42219153586344     -8.78631358566770      c
    6.10277671055867      0.13876524371966     -6.87210688555013      c
    7.18905675282516     -2.17249125611057     -5.48208157426847      c
    9.19545328539508     -3.66008452965140     -7.02603443379968      c
    8.44953945197095     -6.44247290117621     -7.46219308565715      c
    5.61828781499502     -6.77949690477996     -7.45077654746055      c
   -1.93485212160125     -7.18273761481328     -1.37883995633324      o
    7.66962233034832      1.08579112267390     -7.87023094874043      h
    1.92003917288988     -5.80879366821262     -8.52447602366296      h
    8.08474783790000     -1.49252380855570     -3.74487300672412      h
    4.90088950027753     -8.57036649167837     -6.73220494700703      h
    3.81321368890921      1.15180908276879    -10.12525333980369      h
    2.16627357331895     -0.55141707161268     -7.78435153476510      h
   11.02153620214340     -3.60240228123155     -6.04792199589283      h
    9.50012879359784     -2.71378705989710     -8.84373029323816      h
    9.26727131018893     -7.17799431373750     -9.22838546435509      h
    9.22407503265594     -7.61908665923439     -5.94307965881556      h
    6.28673125531161     -2.97625849761882    -11.04920028461354      h
    3.05028195214211     -2.99942128302763    -11.81706825422776      h
    8.94505490961949     -5.45233848293840     -1.40594040725590      h
   12.75625217946492     -5.70856987482609      1.33862923706635      h
   12.82245975509434     -3.45890305012822      5.46002267101006      h
    9.08043550878698     -0.98569167864987      6.84064971812220      h
    5.28306980558147     -0.75178848509719      4.11558886558463      h
    5.98089333361018      2.00957138155368     -0.41520206023856      h
    3.84139644933105      6.14920436455214     -0.06990713022059      h
   -0.84431005302259      6.36492142322386      0.19901890226607      h
   -3.37379646264131      2.40781756493719      0.10436124544107      h
   -1.26193190230087     -1.72556722536250     -0.25810210819302      h
    0.83829567240695     -4.98889407105678      2.07706711520034      h
    3.10015905870955     -7.19370123877628      0.93824604010081      h
    5.38504806129809      1.50207380753441     -5.48802795801247      h
$user-defined bonds
$end
