$coord
   -0.05403889928892      0.51918732605465      1.00664665849729      fe
    0.21175341094859      0.33340825259710      6.60282501162296      o
    0.10378500915525      0.44136818231554      4.43532077124639      c
   -0.14885895942711      0.15390811813171     -2.40571843124565      c
   -0.20019166032094     -0.13542552982714     -4.55863114509441      o
   -3.25152023912080      1.53207240347725      1.08220365319217      c
   -5.21456184424254      2.49611029334193      1.11406576082290      o
    2.74356579261005      2.36184160918764      0.82535783174827      c
    4.36704068768641      3.82246133572138      0.70339349121005      o
$user-defined bonds
$redundant
     number_of_atoms             9
     degrees_of_freedom         21
     internal_coordinates       21
     frozen_coordinates          0
# definitions of redundant internals
   1 k  1.0000000000000 stre   2    3           val=   2.17288
   2 k  1.0000000000000 linc   2    1    3    8 val=  -0.65131
   3 k  1.0000000000000 linp   2    1    3    8 val=   1.42193
   4 k  1.0000000000000 stre   5    4           val=   2.17287
   5 k  1.0000000000000 linc   5    1    4    8 val=  -0.64328
   6 k  1.0000000000000 linp   5    1    4    8 val=  -1.42173
   7 k  1.0000000000000 stre   7    6           val=   2.18722
   8 k  1.0000000000000 linc   7    1    6    4 val=   0.14638
   9 k  1.0000000000000 linp   7    1    6    4 val=   8.56320
  10 k  1.0000000000000 stre   9    8           val=   2.18723
  11 k  1.0000000000000 linc   9    1    8    4 val=   0.14904
  12 k  1.0000000000000 linp   9    1    8    4 val=  -8.56792
  13 k  1.0000000000000 stre   1    8           val=   3.35482
  14 k  1.0000000000000 stre   1    6           val=   3.35493
  15 k  1.0000000000000 stre   1    3           val=   3.43319
  16 k  1.0000000000000 stre   1    4           val=   3.43317
  17 k  0.6649104752796 bend   6    8    1      val=  -4.43383
        0.0858998351268 bend   3    8    1
        0.0871351927296 bend   3    6    1
        0.0864928670026 bend   4    8    1
        0.0876831239713 bend   4    6    1
       -0.7264663723153 bend   4    3    1
  18 k -0.0001210273039 bend   6    8    1      val=   0.02689
       -0.4998872995228 bend   3    8    1
       -0.5002827264241 bend   3    6    1
        0.4999292295384 bend   4    8    1
        0.4999002210003 bend   4    6    1
        0.0006334562901 bend   4    3    1
  19 k  0.0015353145646 bend   6    8    1      val=   0.09636
        0.5004065287631 bend   3    8    1
       -0.4999501006209 bend   3    6    1
        0.4998366580168 bend   4    8    1
       -0.4998040801580 bend   4    6    1
       -0.0002059845596 bend   4    3    1
  20 k  0.0000297046352 bend   6    8    1      val=  -0.00032
       -0.4999228089640 bend   3    8    1
        0.4997191529990 bend   3    6    1
        0.5002602080160 bend   4    8    1
       -0.5000976642642 bend   4    6    1
        0.0000528626112 bend   4    3    1
  21 k  0.7247808251708 bend   6    8    1      val=  58.83909
       -0.1927605072432 bend   3    8    1
       -0.1919187386493 bend   3    6    1
       -0.1931593670216 bend   4    8    1
       -0.1921990729900 bend   4    6    1
        0.5713600575302 bend   4    3    1
        21 non zero eigenvalues  of BmBt
           1           3.866374693    1    0
         1
           2           3.605157336    2    0
         2
           3           2.913155205    3    0
         3
           4           2.610948436    4    0
         4
           5           1.775041501    5    0
         5
           6           1.711953668    6    0
         6
           7           1.707163516    7    0
         7
           8           1.089824642    8    0
         8
           9           0.972163079    9    0
         9
          10           0.873108643   10    0
        10
          11           0.802235610   11    0
        11
          12           0.766999330   12    0
        12
          13           0.701677635   13    0
        13
          14           0.641986337   14    0
        14
          15           0.596364367   15    0
        15
          16           0.378343579   16    0
        16
          17           0.112370955   17    0
        17
          18           0.074368042   18    0
        18
          19           0.066184560   19    0
        19
          20           0.061773397   20    0
        20
          21           0.046057994   21    0
        21
$end
