$coord
   -0.00688857356575     -0.01274017640967      0.10322444402764      ir
    4.42428658726515      0.49761397096441     -0.15640618073612      p
    5.35221930440356      3.11796500383536     -2.17583713454384      c
    5.95433139679409      1.09793501364030      2.87728815886145      c
    5.17732534530654      2.82991071709296      3.69328451378997      h
    5.81971916069789     -3.85785920611246     -0.18346355817466      h
    7.99833183539904      1.30778469779406      2.64021480449979      h
    5.31506565501893     -2.65797397555321     -3.29481715707724      h
    7.41465137114070      3.26532658258992     -2.25292011059146      h
    5.56556496146587     -0.47765781018377      4.15704477889581      h
    6.09724196516737     -2.23502594357128     -1.43076220137740      c
    4.57839503962226      2.78207421935727     -4.06003087175448      h
    8.11870147409913     -1.82945239687693     -1.59832929117316      h
    4.51449428627480      4.85205238502032     -1.43431632549009      h
   -4.48463249730501     -0.06742957519724     -0.13220904208348      p
   -5.93311654159234      1.89292467236480      2.30727790072025      c
   -5.68695876133744      1.20568639439305     -3.09023443425194      c
   -5.56633064729260     -4.35923789262302     -1.34864709869951      h
   -8.11563868457163     -2.87486036971030      0.27259402724287      h
   -5.44247525699654     -4.01901124698530      1.98655947677258      h
   -6.06237676536951     -3.12501750618172      0.22970580017553      c
   -7.75341490921746      1.29466962438447     -3.03647784195799      h
   -4.88008138861315      3.09181132562031     -3.32894071413159      h
   -7.97769667919620      2.01317847896627      2.01865734670065      h
   -5.08170282444974      3.77174082094239      2.19226230802810      h
   -5.05398179234130      0.01869891289330     -4.65404459845510      h
   -5.55159779142647      1.08698382024281      4.17144973803311      h
   -0.08426561902868      0.50717123557001      3.56640482043586      c
   -0.12304326263467      0.87387262644900      5.71622550764185      o
   -0.62919804479395      4.73558779038325     -0.47980819788620      cl
    0.44519032864318     -3.85167812455822      0.69853327384593      c
    1.10943212358198     -4.68117398972691      2.74781392026239      o
    0.25503491540641     -0.51364389874283     -4.41402643496499      cl
    0.00163724913450     -5.69827475352817     -1.47063552621340      c
   -0.23265284015681     -7.59781267047567     -0.69182819650390      h
    1.65817680505938     -5.65608418493703     -2.70998585710952      h
   -1.59678863678732     -5.15162088363391     -2.65060139244582      h
$user-defined bonds
$end
