$coord
    3.16634659763518      0.59199812775690     -1.60017356172287      p
   -3.17447917507571      0.59910553297629      1.60626886071145      p
    1.18656378854091      3.15041571658483     -0.46022293871951      c
   -1.18437764221617      3.15351778925137      0.47494591060428      c
    2.91234653444734     -1.88665796364072      0.79413534366206      c
    2.36392143328398     -1.39996116654897      3.34028614382292      c
    2.16342040748571     -3.38780189426080      5.05843421063804      c
    2.53082626111165     -5.87323155387824      4.25697635917047      c
    3.09441689160754     -6.37258380352641      1.72826631621910      c
    3.26661123435881     -4.39080067179454      0.00421524727663      c
    6.28334738972563      1.98931957766233     -0.91990330115821      c
    7.03891774055123      4.08850700572240     -2.35772816910514      c
    9.39749566297767      5.19665178235193     -1.98599211769452      c
   11.06511545882266      4.19311427035164     -0.20392029706394      c
   10.34982812841484      2.08171858198110      1.20080111892834      c
    7.97451250168532      0.98852953917023      0.85329428800555      c
   -6.28495131539560      2.01116152400845      0.92626154170767      c
   -7.03908205745553      4.09796190344522      2.38289542748353      c
   -9.39105707672393      5.22009948525525      2.01115679815500      c
  -11.05343648376208      4.24295619942136      0.20952632216741      c
  -10.33981141087727      2.14368694520910     -1.21435856945486      c
   -7.97108408238366      1.03641278837108     -0.86626518347509      c
   -2.92482515543061     -1.87446079016872     -0.79372331068240      c
   -3.27814090040529     -4.38016780698960     -0.00829558313428      c
   -3.10628393750471     -6.35870690381734     -1.73601938405059      c
   -2.54500160611025     -5.85447539559806     -4.26428105500923      c
   -2.17898934749565     -3.36748999562817     -5.06147897107569      c
   -2.37795395793364     -1.38293362780339     -3.33931889652687      c
    2.04771024889465      4.98933279200187     -0.81998145337091      h
   -2.03829350486298      4.99450506697549      0.84140811629537      h
    2.09148253958970      0.53547553577253      3.96403767761622      h
    1.71067239259314     -2.99473056206690      7.02186269746270      h
    2.36908084304010     -7.41898644357371      5.59885606790089      h
    3.36847893740778     -8.30629395465659      1.09533952614203      h
    3.64432366127291     -4.77466877656690     -1.97760680009194      h
    5.77404012211193      4.85418517705473     -3.78700292967341      h
    9.94272051882940      6.83101266239695     -3.10358967886439      h
   12.91167285313565      5.04498129475744      0.07617616624795      h
   11.63804804657586      1.28362426320063      2.58711952439601      h
    7.43054564668334     -0.64230746531415      1.97249346073006      h
   -5.77813920960023      4.84247367548714      3.82686950969831      h
   -9.93535770921563      6.84447828878210      3.14383620255805      h
  -12.89495341997416      5.10560833948640     -0.07080712894189      h
  -11.62424511304369      1.36618731747621     -2.61595500139598      h
   -7.42814394448324     -0.58463342469174     -2.00020633296382      h
   -3.65370445620714     -4.76781628250133      1.97316546831734      h
   -3.37853693576872     -8.29371398825323     -1.10631117730669      h
   -2.38366226440629     -7.39774017171829     -5.60907811001878      h
   -1.72798239962680     -2.97067278108491     -7.02454538347242      h
   -2.10556736532707      0.55370239906828     -3.95949567243704      h
$user-defined bonds
$end
