$coord
   -0.37281148940359      0.21402922131609      0.17756108717496      ru
   -4.93164105454986      0.18582891810801      0.25054695701415      cl
    4.06315958179815      0.40456369926677      1.15798563863383      cl
   -0.39582970856102      4.70851073577033      0.37725343424694      p
   -0.51659082975114     -4.15069528954418      1.27652306275870      p
   -0.56718880108363     -0.04405036531965     -3.29382973933080      c
    2.52390149491195      6.29137709771634     -0.73667902770403      c
    3.41395893860625      5.39152523229297     -3.34988838257175      c
    6.05948805308833      6.43184723842673     -3.91385705494712      c
    6.11523664476620      9.32522380485191     -3.73882540910187      c
    5.16721295741622     10.23327740766507     -1.15339150856759      c
    2.51938185083389      9.19138189771494     -0.57147375488007      c
   -3.21605051846977      6.13873306126319     -1.15478002238680      c
   -2.94979293674625      6.22908063523071     -4.04827971158337      c
   -5.49914922137432      6.86004043742609     -5.27560575990660      c
   -6.51990992059770      9.38502912900773     -4.28414896346681      c
   -6.69775480494001      9.37172794855623     -1.39147455949819      c
   -4.15366680470595      8.70387658368098     -0.15556040297512      c
   -0.63706462050349      5.76842952009765      3.72381035952967      c
   -2.89121056689140      4.47074958550012      5.02640127737102      c
   -3.21744201103651      5.41982135591892      7.74455122277579      c
   -0.78532536409969      5.07562262197438      9.28250046927191      c
    1.46536484978262      6.33765671445785      7.96846338316447      c
    1.79910189859750      5.36412503902288      5.25613003916295      c
   -1.10063017474711     -4.38612257730456      4.74206247995337      c
    0.68844224810000     -2.56101305143021      6.13180305739646      c
    0.37972147158502     -2.75709499987312      9.00485595605036      c
   -2.37280120750210     -2.31699538866678      9.79654512926157      c
   -4.15619545884890     -4.11713321619987      8.39549072278124      c
   -3.85653644939482     -3.89008055235351      5.51866022951484      c
    2.51488411340921     -5.87223613500290      0.79880568963460      c
    3.19190007504507     -7.98801442996479      2.67422114802420      c
    5.88865145768942     -8.94369390654885      2.16355707703084      c
    6.22471027520203     -9.82899098460013     -0.57579464217294      c
    5.47907053927274     -7.73880738440987     -2.43908674436679      c
    2.77449157541602     -6.83026580718595     -1.93494845369174      c
   -3.17700032301862     -5.96931835895743     -0.09648165635213      c
   -3.46513875699773     -5.72430791233036     -2.97541739855576      c
   -5.95838243532006     -6.93465898514464     -3.82848074489598      c
   -6.12671872834991     -9.70773286197771     -2.99943634745059      c
   -5.79093196534510     -9.95848455436859     -0.13144971729818      c
   -3.30307482280357     -8.74796371446014      0.74922342826731      c
   -2.46104214787890      0.36063511638582     -4.06180653847496      h
    3.91970848008039      5.55285044575185      0.61182712077169      h
    2.10006913357031      6.01956923086263     -4.82190128173772      h
    3.43868716870064      3.33088902810604     -3.37859131717158      h
    6.67151849182880      5.80868705438965     -5.79332126779690      h
    7.39665345772057      5.62805686463893     -2.54354115369904      h
    4.89987780468158     10.12214073257918     -5.22474627557602      h
    8.03091499551470     10.03629841751967     -4.08577963228821      h
    5.14135393401792     12.30491846402895     -1.07810143238024      h
    6.48023078548550      9.58972083636285      0.32189666082591      h
    1.90540659774698      9.82810580265376      1.30158794962700      h
    1.16963785862069      9.96041954492969     -1.94614596411034      h
   -4.66775374186884      4.71554045040269     -0.72300412960896      h
   -2.23276565608065      4.42471664346735     -4.76212757379985      h
   -1.56805661995201      7.68520578605425     -4.57246039998823      h
   -6.84739142443190      5.34330669711061     -4.84023906780768      h
   -5.29476375925147      6.92438888604077     -7.33749917087709      h
   -8.37563469916392      9.79071694357659     -5.11275764511771      h
   -5.24611711391560     10.91443194643784     -4.88271194654768      h
   -8.11065583107190      7.96943109278042     -0.80084747773757      h
   -7.34805751842228     11.21485254284339     -0.70041595821572      h
   -2.76938700243806     10.19042083229255     -0.57021222381000      h
   -4.39471424251821      8.65115828548598      1.89784308193257      h
   -1.00711871148308      7.81123045739563      3.65368612249238      h
   -2.56815497185406      2.42068806453965      5.03645236558834      h
   -4.62944832004328      4.74548196395146      3.93923940128037      h
   -4.79358067814091      4.42174748466237      8.64799866856103      h
   -3.72583618185454      7.43458330780228      7.70730582873318      h
   -0.39089911747154      3.04898583357797      9.48960202784192      h
   -1.02759424519023      5.83739525487806     11.19459987645366      h
    3.20584770305608      6.00739457688459      9.04397565272529      h
    1.16789908206391      8.39420673967314      7.92121762327761      h
    3.38860403113265      6.34247528968208      4.36531124597744      h
    2.28870252494306      3.35098481190721      5.26923097705030      h
   -0.62318765004525     -6.32935056894710      5.29520993378419      h
    0.24578718259231     -0.61997309283126      5.52996379099176      h
    2.65490790369989     -2.87791098927978      5.57243581513327      h
    1.63282856649821     -1.39455377203188      9.93740362248386      h
    0.98083365449385     -4.64708275117830      9.62519871418469      h
   -2.90714907112193     -0.36240769983951      9.34827087188543      h
   -2.57823341568524     -2.54062492374525     11.84657022049646      h
   -6.12402803427096     -3.73193812488362      8.91868526670062      h
   -3.75092402440234     -6.07236015240606      8.97325014021171      h
   -5.12414272238368     -5.23671291648788      4.59251485148569      h
   -4.42890188509107     -2.00540883694784      4.87617487478141      h
    3.89621501023389     -4.33931124483682      1.05006966043637      h
    1.84958679735962     -9.55986359426217      2.49870686465969      h
    3.08107580397484     -7.30492968383330      4.62359357789113      h
    6.34700138407896    -10.47809582430876      3.47994915463862      h
    7.22135756285402     -7.39814921692001      2.54781951247355      h
    5.02662055191597    -11.49432092258444     -0.90847609126571      h
    8.18332482885510    -10.42459153574609     -0.89852778843520      h
    5.64421056229517     -8.41092410021602     -4.39262807124504      h
    6.77866514205113     -6.13248762104165     -2.23757850422597      h
    2.25752824097113     -5.34295747086805     -3.27136580633812      h
    1.46659222539756     -8.41065530504648     -2.24231194547236      h
   -4.79896618214573     -4.95497820949324      0.71143457758224      h
   -1.88479726874187     -6.63788276426932     -3.95115762568364      h
   -3.44326823827512     -3.72204019232422     -3.48289395389648      h
   -6.14101298644561     -6.78636067835304     -5.88781777499515      h
   -7.53532045417676     -5.86758726200323     -3.00100439461151      h
   -4.63906901901793    -10.79921270335927     -3.95621636440413      h
   -7.93970198396023    -10.52676235003580     -3.58042621532170      h
   -5.84202345847450    -11.95238732993691      0.43376820473985      h
   -7.37352454276308     -9.01542883179859      0.82781649880276      h
   -3.13435062897973     -8.89653576006787      2.80832804333027      h
   -1.70988750041418     -9.79734300048932     -0.06368061845466      h
    1.19802555547694     -0.71018474894327     -5.30251483876557      c
    0.22190126170107     -0.82353981854914     -7.78323259468963      c
    1.76194524275619     -1.43792058198084     -9.82306749906809      c
    4.32320633407515     -1.93516800010147     -9.42868527087601      c
    5.32460265418995     -1.81820670515175     -6.98525678393628      c
    3.78676481573150     -1.22506002848068     -4.94270837006467      c
   -1.77248645964454     -0.42401043175515     -8.07675302087202      h
    0.97301260096671     -1.52465570251940    -11.71657114748549      h
    7.31818355603107     -2.20044704941960     -6.67669295107496      h
    4.54969300051102     -1.12482418380352     -3.04131516343175      h
    5.53497680371782     -2.40986530620095    -11.01691480878737      h
$user-defined bonds
$redundant
     number_of_atoms           120
     degrees_of_freedom        354
     internal_coordinates      354
     frozen_coordinates          0
# definitions of redundant internals
   1 k  1.0000000000000 stre   1    2           val=   4.55950
   2 k  1.0000000000000 stre   1    3           val=   4.54702
   3 k -0.6668412086877 bend   6    2    1      val=   8.57392
        0.7133892333524 bend   6    3    1
        0.0969143363435 bend   5    2    1
       -0.1023638785600 bend   5    3    1
        0.1096657835461 bend   4    2    1
       -0.1204212100471 bend   4    3    1
   4 k  0.0155725093375 bend   6    2    1      val=   1.96571
        0.0012341205561 bend   6    3    1
        0.1746057137753 bend   5    2    1
        0.6853910623876 bend   5    3    1
       -0.1787322440188 bend   4    2    1
       -0.6837855622662 bend   4    3    1
   5 k -0.0004926575243 bend   6    2    1      val=  -0.56585
        0.0150214251464 bend   6    3    1
        0.6860208828709 bend   5    2    1
       -0.1792731362530 bend   5    3    1
       -0.6831625223058 bend   4    2    1
        0.1740677255408 bend   4    3    1
   6 k  0.7136399870752 bend   6    2    1      val=  52.43348
        0.6665903387049 bend   6    3    1
       -0.1195008918090 bend   5    2    1
       -0.1107309468561 bend   5    3    1
       -0.1016392430057 bend   4    2    1
       -0.0974830638578 bend   4    3    1
   7 k  1.0000000000000 stre   6   43           val=   2.08332
   8 k -0.7070723542444 bend   1   43    6      val=  -1.32136
        0.7071412064526 bend 110   43    6
   9 k  1.0000000000000 outp  43  110    1    6 val=   1.25842
  10 k  1.0000000000000 stre   7   44           val=   2.07658
  11 k  0.4725474011239 bend   8   44    7      val=  -0.07225
       -0.8015179384785 bend  12   44    7
        0.3664259106399 bend   4   44    7
  12 k  0.6896910041500 bend   8   44    7      val=   5.65422
        0.0774839071066 bend  12   44    7
       -0.7199462222514 bend   4   44    7
  13 k  1.0000000000000 stre   8   46           val=   2.06098
  14 k  1.0000000000000 stre   8   45           val=   2.07064
  15 k  0.0118413807571 bend  45   46    8      val=   0.50178
        0.5087261474632 bend   9   46    8
        0.4897314307935 bend   9   45    8
       -0.5103961214722 bend   7   46    8
       -0.4906285901455 bend   7   45    8
  16 k  0.0498652996256 bend  45   46    8      val=   1.66138
       -0.5020190266420 bend   9   46    8
        0.4902837117675 bend   9   45    8
       -0.5072809260738 bend   7   46    8
        0.4977733347617 bend   7   45    8
  17 k  0.8975809611419 bend  45   46    8      val=   0.18130
       -0.2000631215640 bend   9   46    8
       -0.2490222123949 bend   9   45    8
       -0.1883739343285 bend   7   46    8
       -0.2383828101715 bend   7   45    8
  18 k  0.0000568179593 bend  45   46    8      val=  -0.57056
       -0.4933590128411 bend   9   46    8
        0.5128353674140 bend   9   45    8
        0.4870536062661 bend   7   46    8
       -0.5063354142984 bend   7   45    8
  19 k  1.0000000000000 stre   9   47           val=   2.07251
  20 k  1.0000000000000 stre   9   48           val=   2.07650
  21 k  0.0172264285307 bend  48   47    9      val=   0.28756
        0.5060957683598 bend   8   47    9
        0.4913143385596 bend   8   48    9
       -0.5066261431526 bend  10   47    9
       -0.4954901565204 bend  10   48    9
  22 k  0.0291467334034 bend  48   47    9      val=   0.72828
       -0.4940506983301 bend   8   47    9
        0.4922414740018 bend   8   48    9
       -0.5083836926740 bend  10   47    9
        0.5042903208541 bend  10   48    9
  23 k  0.9008088734717 bend  48   47    9      val=   0.83850
       -0.2104304576756 bend   8   47    9
       -0.2391973919524 bend   8   48    9
       -0.1950457562981 bend  10   47    9
       -0.2213688247934 bend  10   48    9
  24 k -0.0014578134333 bend  48   47    9      val=   0.09454
        0.5005641597900 bend   8   47    9
       -0.5123987937383 bend   8   48    9
       -0.4863082079444 bend  10   47    9
        0.5003850515105 bend  10   48    9
  25 k  1.0000000000000 stre  10   50           val=   2.07264
  26 k  1.0000000000000 stre  10   49           val=   2.07849
  27 k  0.0035921010898 bend  49   50   10      val=   0.01003
       -0.5102782383286 bend   9   50   10
       -0.4900507741042 bend   9   49   10
        0.5084726328390 bend  11   50   10
        0.4908248534372 bend  11   49   10
  28 k  0.0437074996679 bend  49   50   10      val=   1.16695
       -0.5026759196943 bend   9   50   10
        0.4992526072991 bend   9   49   10
       -0.5012776316452 bend  11   50   10
        0.4948475970938 bend  11   49   10
  29 k  0.9011037449358 bend  49   50   10      val=   0.91031
       -0.1927324550724 bend   9   50   10
       -0.2354765710724 bend   9   49   10
       -0.1973071334865 bend  11   50   10
       -0.2376697733743 bend  11   49   10
  30 k -0.0007535293340 bend  49   50   10      val=   0.09935
        0.4893302479056 bend   9   50   10
       -0.5075163511381 bend   9   49   10
       -0.4915485253064 bend  11   50   10
        0.5112362871264 bend  11   49   10
  31 k  1.0000000000000 stre  11   51           val=   2.07317
  32 k  1.0000000000000 stre  11   52           val=   2.07718
  33 k  0.0117655816937 bend  52   51   11      val=   0.18259
       -0.5080800468997 bend  10   51   11
       -0.4935400777420 bend  10   52   11
        0.5061607744701 bend  12   51   11
        0.4918695956045 bend  12   52   11
  34 k  0.0337493337786 bend  52   51   11      val=   0.82062
       -0.5063486366963 bend  10   51   11
        0.5032696745143 bend  10   52   11
       -0.4967768147233 bend  12   51   11
        0.4923458861948 bend  12   52   11
  35 k  0.9018325823403 bend  52   51   11      val=   1.18123
       -0.1934506477035 bend  10   51   11
       -0.2259161430480 bend  10   52   11
       -0.2052146919425 bend  12   51   11
       -0.2369043411458 bend  12   52   11
  36 k  0.0001407066595 bend  52   51   11      val=   0.04748
        0.4876115717118 bend  10   51   11
       -0.5019740836392 bend  10   52   11
       -0.4978189302395 bend  12   51   11
        0.5122824097938 bend  12   52   11
  37 k  1.0000000000000 stre  12   53           val=   2.07141
  38 k  1.0000000000000 stre  12   54           val=   2.07436
  39 k  0.0356146785068 bend  54   53   12      val=   0.98676
        0.4999992095580 bend  11   53   12
        0.4943881720473 bend  11   54   12
       -0.5117388050934 bend   7   53   12
       -0.4923780212576 bend   7   54   12
  40 k  0.0270833168272 bend  54   53   12      val=   0.47084
       -0.4933009046461 bend  11   53   12
        0.4817151241470 bend  11   54   12
       -0.5094233035596 bend   7   53   12
        0.5141586801595 bend   7   54   12
  41 k  0.8967124021960 bend  54   53   12      val=  -0.45541
       -0.2270108554018 bend  11   53   12
       -0.2473627419696 bend  11   54   12
       -0.1875533979508 bend   7   53   12
       -0.2191080465889 bend   7   54   12
  42 k -0.0032989857347 bend  54   53   12      val=   0.37742
       -0.5040264205888 bend  11   53   12
        0.5200780393169 bend  11   54   12
        0.4831270855725 bend   7   53   12
       -0.4919893659909 bend   7   54   12
  43 k  1.0000000000000 stre  13   55           val=   2.07830
  44 k -0.7820038999259 bend  18   55   13      val=  -0.05747
        0.5851115083830 bend  14   55   13
        0.2147426908148 bend   4   55   13
  45 k  0.2235338942872 bend  18   55   13      val=   4.98815
        0.5849087091187 bend  14   55   13
       -0.7796886558761 bend   4   55   13
  46 k  1.0000000000000 stre  14   56           val=   2.06868
  47 k  1.0000000000000 stre  14   57           val=   2.07467
  48 k  0.0156871013847 bend  57   56   14      val=   0.50952
        0.5032869464588 bend  15   56   14
        0.4946546653560 bend  15   57   14
       -0.5018174561267 bend  13   56   14
       -0.4999521648542 bend  13   57   14
  49 k  0.0237371799434 bend  57   56   14      val=  -0.53949
       -0.4996265239807 bend  15   56   14
        0.4910631820606 bend  15   57   14
       -0.5114861370541 bend  13   56   14
        0.4970400040735 bend  13   57   14
  50 k  0.8981611560541 bend  57   56   14      val=  -0.06419
       -0.2125356330785 bend  15   56   14
       -0.2411092463356 bend  15   57   14
       -0.1997253317607 bend  13   56   14
       -0.2238554569630 bend  13   57   14
  51 k -0.0019192123508 bend  57   56   14      val=   0.23868
        0.5026914823526 bend  15   56   14
       -0.5060911075111 bend  15   57   14
       -0.4920066350771 bend  13   56   14
        0.4990980385981 bend  13   57   14
  52 k  1.0000000000000 stre  15   59           val=   2.07300
  53 k  1.0000000000000 stre  15   58           val=   2.07552
  54 k  0.0215423723550 bend  58   59   15      val=   0.52139
       -0.5068948740267 bend  16   59   15
       -0.4958240558656 bend  16   58   15
        0.5058548271496 bend  14   59   15
        0.4907778645713 bend  14   58   15
  55 k  0.0299110407752 bend  58   59   15      val=   0.83184
       -0.5104764631826 bend  16   59   15
        0.5065246176908 bend  16   58   15
       -0.4917491638993 bend  14   59   15
        0.4900353881649 bend  14   58   15
  56 k  0.9019046475388 bend  58   59   15      val=   1.27458
       -0.1913966262974 bend  16   59   15
       -0.2182912260872 bend  16   58   15
       -0.2108974746074 bend  14   59   15
       -0.2404298941635 bend  14   58   15
  57 k -0.0017141404449 bend  58   59   15      val=   0.14681
       -0.4839450704360 bend  16   59   15
        0.4982681087744 bend  16   58   15
        0.5027439526644 bend  14   59   15
       -0.5145596567561 bend  14   58   15
  58 k  1.0000000000000 stre  16   60           val=   2.07241
  59 k  1.0000000000000 stre  16   61           val=   2.07844
  60 k  0.0041552711584 bend  61   60   16      val=   0.11869
       -0.5096715189751 bend  15   60   16
       -0.4907359368192 bend  15   61   16
        0.5087599428333 bend  17   60   16
        0.4904683856780 bend  17   61   16
  61 k  0.0418974895367 bend  61   60   16      val=   1.10535
       -0.5032634207817 bend  15   60   16
        0.4991115888954 bend  15   61   16
       -0.5005532707532 bend  17   60   16
        0.4952823181198 bend  17   61   16
  62 k  0.9001553237106 bend  61   60   16      val=   0.58916
       -0.1947945301541 bend  15   60   16
       -0.2349573232070 bend  15   61   16
       -0.1991401348070 bend  17   60   16
       -0.2385660227231 bend  17   61   16
  63 k -0.0001010799922 bend  61   60   16      val=   0.09930
        0.4890440016556 bend  15   60   16
       -0.5074898300499 bend  15   61   16
       -0.4921642421022 bend  17   60   16
        0.5109446011256 bend  17   61   16
  64 k  1.0000000000000 stre  17   63           val=   2.07306
  65 k  1.0000000000000 stre  17   62           val=   2.07643
  66 k  0.0124937134175 bend  62   63   17      val=   0.15210
       -0.5089751468455 bend  16   63   17
       -0.4927635915109 bend  16   62   17
        0.5048339271368 bend  18   63   17
        0.4930668878677 bend  18   62   17
  67 k  0.0320574788885 bend  62   63   17      val=   0.76553
       -0.5054085282434 bend  16   63   17
        0.5047200628711 bend  16   62   17
       -0.4974771672546 bend  18   63   17
        0.4912317821782 bend  18   62   17
  68 k  0.9012764038083 bend  62   63   17      val=   1.06611
       -0.1937285590645 bend  16   63   17
       -0.2262810856064 bend  16   62   17
       -0.2078565599110 bend  18   63   17
       -0.2361410810085 bend  18   62   17
  69 k -0.0012047607905 bend  62   63   17      val=   0.08855
        0.4881700475103 bend  16   63   17
       -0.5008760458417 bend  16   62   17
       -0.4976892316004 bend  18   63   17
        0.5129494796919 bend  18   62   17
  70 k  1.0000000000000 stre  18   65           val=   2.06818
  71 k  1.0000000000000 stre  18   64           val=   2.07316
  72 k  0.0306039912616 bend  64   65   18      val=   0.51642
        0.5022831150284 bend  17   65   18
        0.4929936297298 bend  17   64   18
       -0.5161343205605 bend  13   65   18
       -0.4871731850806 bend  13   64   18
  73 k  0.0409472502625 bend  64   65   18      val=   1.78989
       -0.4965620016672 bend  17   65   18
        0.4815771670290 bend  17   64   18
       -0.5058001250904 bend  13   65   18
        0.5138084923890 bend  13   64   18
  74 k  0.8983714494209 bend  64   65   18      val=   0.16410
       -0.2175201023859 bend  17   65   18
       -0.2477312942379 bend  17   64   18
       -0.1804917893227 bend  13   65   18
       -0.2273008221845 bend  13   64   18
  75 k -0.0051099825617 bend  64   65   18      val=   0.55146
       -0.4981514551799 bend  17   65   18
        0.5226110726471 bend  17   64   18
        0.4823140335931 bend  13   65   18
       -0.4960542868741 bend  13   64   18
  76 k  1.0000000000000 stre  19   66           val=   2.07723
  77 k -0.7402081179444 bend  24   66   19      val=   0.93531
        0.6672686421721 bend  20   66   19
        0.0827315012732 bend   4   66   19
  78 k  0.3428981480147 bend  24   66   19      val=   2.09535
        0.4804618676639 bend  20   66   19
       -0.8072033534426 bend   4   66   19
  79 k  1.0000000000000 stre  20   68           val=   2.06854
  80 k  1.0000000000000 stre  20   67           val=   2.07538
  81 k  0.0122037167977 bend  67   68   20      val=   0.72110
        0.5036613027042 bend  21   68   20
        0.4952145241727 bend  21   67   20
       -0.5112689612879 bend  19   68   20
       -0.4894312880544 bend  19   67   20
  82 k  0.0349716509922 bend  67   68   20      val=   0.61513
       -0.5020177974318 bend  21   68   20
        0.4910743682712 bend  21   67   20
       -0.5010441693682 bend  19   68   20
        0.5045352513530 bend  19   67   20
  83 k  0.9020996139989 bend  67   68   20      val=   0.24723
       -0.2070661076926 bend  21   68   20
       -0.2340814846322 bend  21   67   20
       -0.1897803264610 bend  19   68   20
       -0.2291924948789 bend  19   67   20
  84 k -0.0044629877949 bend  67   68   20      val=   0.46142
       -0.4935307275070 bend  21   68   20
        0.5128424395345 bend  21   67   20
        0.4911568472727 bend  19   68   20
       -0.5021604189258 bend  19   67   20
  85 k  1.0000000000000 stre  21   69           val=   2.07282
  86 k  1.0000000000000 stre  21   70           val=   2.07825
  87 k  0.0118005214263 bend  70   69   21      val=   0.21965
       -0.5092475997727 bend  22   69   21
       -0.4922699787313 bend  22   70   21
        0.5024547775000 bend  20   69   21
        0.4957187654580 bend  20   70   21
  88 k  0.0288236007687 bend  70   69   21      val=   0.65035
       -0.5038854617589 bend  22   69   21
        0.5053617293171 bend  22   70   21
       -0.4997329582462 bend  20   69   21
        0.4900460533979 bend  20   70   21
  89 k  0.9025762952578 bend  70   69   21      val=   1.26424
       -0.1928923341238 bend  22   69   21
       -0.2253950066105 bend  22   70   21
       -0.2087588308789 bend  20   69   21
       -0.2318737160613 bend  20   70   21
  90 k -0.0032883064775 bend  70   69   21      val=   0.32428
        0.4905882398900 bend  22   69   21
       -0.4993711381776 bend  22   70   21
       -0.4974320193128 bend  20   69   21
        0.5123497032689 bend  20   70   21
  91 k  1.0000000000000 stre  22   72           val=   2.07247
  92 k  1.0000000000000 stre  22   71           val=   2.07502
  93 k  0.0013999036158 bend  71   72   22      val=   0.00899
        0.5115152436548 bend  23   72   22
        0.4881658576076 bend  23   71   22
       -0.5076604734720 bend  21   72   22
       -0.4922653094816 bend  21   71   22
  94 k  0.0402655381540 bend  71   72   22      val=   1.23029
       -0.4981630883625 bend  23   72   22
        0.5002012394166 bend  23   71   22
       -0.5028803137221 bend  21   72   22
        0.4971140050202 bend  21   71   22
  95 k  0.9001947556435 bend  71   72   22      val=   0.56260
       -0.1975492181662 bend  23   72   22
       -0.2378655820080 bend  23   71   22
       -0.1992591334008 bend  21   72   22
       -0.2331082816337 bend  21   71   22
  96 k -0.0025341360457 bend  71   72   22      val=   0.22247
        0.4916921914056 bend  23   72   22
       -0.5087474910807 bend  23   71   22
       -0.4887430610017 bend  21   72   22
        0.5104297970408 bend  21   71   22
  97 k  1.0000000000000 stre  23   73           val=   2.07246
  98 k  1.0000000000000 stre  23   74           val=   2.07849
  99 k  0.0102434267039 bend  74   73   23      val=   0.13188
       -0.5080938943721 bend  22   73   23
       -0.4933569542360 bend  22   74   23
        0.5019461842679 bend  24   73   23
        0.4963714440991 bend  24   74   23
 100 k  0.0256753788623 bend  74   73   23      val=   0.43905
       -0.5041639760845 bend  22   73   23
        0.5041619438418 bend  22   74   23
       -0.5003851185886 bend  24   73   23
        0.4905047681885 bend  24   74   23
 101 k  0.9012691786347 bend  74   73   23      val=   0.87860
       -0.1966648830523 bend  22   73   23
       -0.2259728034004 bend  22   74   23
       -0.2104266873323 bend  24   73   23
       -0.2317189953345 bend  24   74   23
 102 k -0.0028144017350 bend  74   73   23      val=   0.28137
        0.4917759186668 bend  22   73   23
       -0.4992697462686 bend  22   74   23
       -0.4979774470225 bend  24   73   23
        0.5107804887426 bend  24   74   23
 103 k  1.0000000000000 stre  24   75           val=   2.06815
 104 k  1.0000000000000 stre  24   76           val=   2.07186
 105 k  0.0130734854115 bend  76   75   24      val=   0.44609
        0.4994483130648 bend  23   75   24
        0.4993101452907 bend  23   76   24
       -0.5101838015447 bend  19   75   24
       -0.4906957652223 bend  19   76   24
 106 k  0.0214695307585 bend  76   75   24      val=   0.93721
       -0.5022647748510 bend  23   75   24
        0.4904649646075 bend  23   76   24
       -0.4992037671029 bend  19   75   24
        0.5074533206076 bend  19   76   24
 107 k  0.9013675245638 bend  76   75   24      val=   0.40905
       -0.2163572629712 bend  23   75   24
       -0.2279408956671 bend  23   76   24
       -0.1957902917995 bend  19   75   24
       -0.2245778932594 bend  19   76   24
 108 k -0.0063955712248 bend  76   75   24      val=   0.76382
       -0.4956568098881 bend  23   75   24
        0.5114422237521 bend  23   76   24
        0.4943967350791 bend  19   75   24
       -0.4982791823737 bend  19   76   24
 109 k  1.0000000000000 stre  25   77           val=   2.07607
 110 k -0.7652917092958 bend  30   77   25      val=   1.94009
        0.6207329559005 bend  26   77   25
        0.1703502190844 bend   5   77   25
 111 k  0.2646375513997 bend  30   77   25      val=   1.74698
        0.5446638000204 bend  26   77   25
       -0.7958067047572 bend   5   77   25
 112 k  1.0000000000000 stre  26   79           val=   2.06889
 113 k  1.0000000000000 stre  26   78           val=   2.07985
 114 k  0.0049457596711 bend  78   79   26      val=   0.42066
        0.5135052410837 bend  27   79   26
        0.4860854367734 bend  27   78   26
       -0.5138956762195 bend  25   79   26
       -0.4857160579604 bend  25   78   26
 115 k  0.0608421483895 bend  78   79   26      val=   1.70841
       -0.5005450818154 bend  27   79   26
        0.4969479466699 bend  27   78   26
       -0.5004963062415 bend  25   79   26
        0.4982961366386 bend  25   78   26
 116 k  0.9021041921634 bend  78   79   26      val=   0.70401
       -0.1881206729829 bend  27   79   26
       -0.2441351949270 bend  27   78   26
       -0.1834613338641 bend  25   79   26
       -0.2399137020940 bend  25   78   26
 117 k -0.0000240519629 bend  78   79   26      val=   0.18280
       -0.4862006181894 bend  27   79   26
        0.5140844882044 bend  27   78   26
        0.4856127484272 bend  25   79   26
       -0.5133287015611 bend  25   78   26
 118 k  1.0000000000000 stre  27   80           val=   2.07279
 119 k  1.0000000000000 stre  27   81           val=   2.07803
 120 k  0.0126565337682 bend  81   80   27      val=   0.19470
       -0.5093639154161 bend  28   80   27
       -0.4922222061484 bend  28   81   27
        0.5015118639244 bend  26   80   27
        0.4965796652526 bend  26   81   27
 121 k  0.0263948873057 bend  81   80   27      val=   0.49764
       -0.5034157431514 bend  28   80   27
        0.5059609051569 bend  28   81   27
       -0.5001655883988 bend  26   80   27
        0.4896058068548 bend  26   81   27
 122 k  0.9013572204275 bend  81   80   27      val=   0.84185
       -0.1946502944233 bend  28   80   27
       -0.2255229546003 bend  28   81   27
       -0.2119133238709 bend  26   80   27
       -0.2321606430436 bend  26   81   27
 123 k -0.0037627311023 bend  81   80   27      val=   0.32795
        0.4912011894782 bend  28   80   27
       -0.4986832052575 bend  28   81   27
       -0.4976444925664 bend  26   80   27
        0.5122228549395 bend  26   81   27
 124 k  1.0000000000000 stre  28   83           val=   2.07239
 125 k  1.0000000000000 stre  28   82           val=   2.07530
 126 k  0.0026686075478 bend  82   83   28      val=   0.05977
        0.5106150467927 bend  29   83   28
        0.4889101141465 bend  29   82   28
       -0.5081747681436 bend  27   83   28
       -0.4919252563450 bend  27   82   28
 127 k  0.0400939261188 bend  82   83   28      val=   1.10459
       -0.4988004172379 bend  29   83   28
        0.4987076641923 bend  29   82   28
       -0.5030662427307 bend  27   83   28
        0.4978008054959 bend  27   82   28
 128 k  0.8998861186228 bend  82   83   28      val=   0.48213
       -0.1988742504413 bend  29   83   28
       -0.2383112005223 bend  29   82   28
       -0.1983705067119 bend  27   83   28
       -0.2334757370559 bend  27   82   28
 129 k -0.0017606454109 bend  82   83   28      val=   0.21346
        0.4919917280699 bend  29   83   28
       -0.5093806977177 bend  29   82   28
       -0.4888478063220 bend  27   83   28
        0.5094115886838 bend  27   82   28
 130 k  1.0000000000000 stre  29   84           val=   2.07231
 131 k  1.0000000000000 stre  29   85           val=   2.07869
 132 k  0.0114693579465 bend  85   84   29      val=   0.19249
       -0.5098618881679 bend  28   84   29
       -0.4917624871029 bend  28   85   29
        0.5025723659267 bend  30   84   29
        0.4954795476177 bend  30   85   29
 133 k  0.0316525369519 bend  85   84   29      val=   0.74838
       -0.5045563165736 bend  28   84   29
        0.5050826865922 bend  28   85   29
       -0.5003335620189 bend  30   84   29
        0.4888546274021 bend  30   85   29
 134 k  0.9021561004860 bend  85   84   29      val=   1.22179
       -0.1916376374951 bend  28   84   29
       -0.2276103224863 bend  28   85   29
       -0.2075508104031 bend  30   84   29
       -0.2334643194365 bend  30   85   29
 135 k -0.0035030515119 bend  85   84   29      val=   0.35000
        0.4900553116666 bend  28   84   29
       -0.4993651503161 bend  28   85   29
       -0.4972146278156 bend  30   84   29
        0.5130746346034 bend  30   85   29
 136 k  1.0000000000000 stre  30   86           val=   2.06833
 137 k  1.0000000000000 stre  30   87           val=   2.07181
 138 k  0.0098402444644 bend  87   86   30      val=   0.34703
        0.4919395585575 bend  29   86   30
        0.5069822619912 bend  29   87   30
       -0.5074044731427 bend  25   86   30
       -0.4933642943872 bend  25   87   30
 139 k -0.0029822492859 bend  87   86   30      val=   0.15879
        0.5062529187628 bend  29   86   30
       -0.4882020374025 bend  29   87   30
        0.4970950030312 bend  25   86   30
       -0.5081873838170 bend  25   87   30
 140 k  0.9011476561232 bend  87   86   30      val=   0.41084
       -0.2252441178188 bend  29   86   30
       -0.2171873496831 bend  29   87   30
       -0.2037113199858 bend  25   86   30
       -0.2202937640945 bend  25   87   30
 141 k -0.0094675439805 bend  87   86   30      val=   1.00272
       -0.4985749478385 bend  29   86   30
        0.5067927686575 bend  29   87   30
        0.5018069253180 bend  25   86   30
       -0.4926299689811 bend  25   87   30
 142 k  1.0000000000000 stre  31   88           val=   2.07872
 143 k -0.7973395731935 bend  32   88   31      val=   1.47143
        0.4890527010706 bend  36   88   31
        0.3536623539411 bend   5   88   31
 144 k  0.0928959284876 bend  32   88   31      val=   6.00105
        0.6784537703223 bend  36   88   31
       -0.7287460655166 bend   5   88   31
 145 k  1.0000000000000 stre  32   90           val=   2.06856
 146 k  1.0000000000000 stre  32   89           val=   2.07444
 147 k  0.0397052076313 bend  89   90   32      val=   0.86250
        0.4945637007688 bend  33   90   32
        0.4989293962351 bend  33   89   32
       -0.5066353782908 bend  31   90   32
       -0.4982171147255 bend  31   89   32
 148 k -0.0085037605968 bend  89   90   32      val=  -0.02930
        0.4911384721410 bend  33   90   32
       -0.4800090457504 bend  33   89   32
        0.5127051570720 bend  31   90   32
       -0.5152042557552 bend  31   89   32
 149 k  0.8974848355456 bend  89   90   32      val=  -0.17707
       -0.2364003537781 bend  33   90   32
       -0.2409509074308 bend  33   89   32
       -0.1932147497982 bend  31   90   32
       -0.2079580807952 bend  31   89   32
 150 k -0.0035989724660 bend  89   90   32      val=   0.51168
       -0.5112847990934 bend  33   90   32
        0.5167378442773 bend  33   89   32
        0.4862884596319 bend  31   90   32
       -0.4848509419745 bend  31   89   32
 151 k  1.0000000000000 stre  33   91           val=   2.07301
 152 k  1.0000000000000 stre  33   92           val=   2.07665
 153 k  0.0139697192788 bend  92   91   33      val=   0.18514
       -0.5095487181619 bend  34   91   33
       -0.4924184434275 bend  34   92   33
        0.5058282521938 bend  32   91   33
        0.4917588907359 bend  32   92   33
 154 k  0.0364263448605 bend  92   91   33      val=   0.95340
       -0.5066222121195 bend  34   91   33
        0.5053934319750 bend  34   92   33
       -0.4960982378024 bend  32   91   33
        0.4903784996848 bend  32   92   33
 155 k  0.9026021684811 bend  92   91   33      val=   1.53511
       -0.1896436631063 bend  34   91   33
       -0.2257682973823 bend  34   92   33
       -0.2048373973215 bend  32   91   33
       -0.2375182583561 bend  32   92   33
 156 k -0.0007514074853 bend  92   91   33      val=   0.07723
        0.4861364694345 bend  34   91   33
       -0.5008167065855 bend  34   92   33
       -0.4980658410047 bend  32   91   33
        0.5145714847344 bend  32   92   33
 157 k  1.0000000000000 stre  34   94           val=   2.07245
 158 k  1.0000000000000 stre  34   93           val=   2.07832
 159 k  0.0032981076181 bend  93   94   34      val=   0.07062
       -0.5103997673130 bend  35   94   34
       -0.4898905273236 bend  35   93   34
        0.5073144945694 bend  33   94   34
        0.4920573897945 bend  33   93   34
 160 k  0.0407529065253 bend  93   94   34      val=   1.04875
       -0.5017634085844 bend  35   94   34
        0.4998774196380 bend  35   93   34
       -0.5020791783144 bend  33   94   34
        0.4945823960219 bend  33   93   34
 161 k  0.9006034408383 bend  93   94   34      val=   0.70887
       -0.1944223343565 bend  35   94   34
       -0.2354429642242 bend  35   93   34
       -0.1997016017725 bend  33   94   34
       -0.2362187103097 bend  33   93   34
 162 k -0.0015974117797 bend  93   94   34      val=   0.20504
        0.4904282208157 bend  35   94   34
       -0.5067922097703 bend  35   93   34
       -0.4915237015996 bend  33   94   34
        0.5109243734498 bend  33   93   34
 163 k  1.0000000000000 stre  35   95           val=   2.07252
 164 k  1.0000000000000 stre  35   96           val=   2.07601
 165 k  0.0187718228396 bend  96   95   35      val=   0.38726
       -0.5076340336673 bend  34   95   35
       -0.4947244741842 bend  34   96   35
        0.5051907456544 bend  36   95   35
        0.4919200256936 bend  36   96   35
 166 k  0.0289107107079 bend  96   95   35      val=   0.72530
       -0.5080782522941 bend  34   95   35
        0.5057213364128 bend  34   96   35
       -0.4943111389995 bend  36   95   35
        0.4908391672534 bend  36   96   35
 167 k  0.9000527444845 bend  96   95   35      val=   0.55075
       -0.1945177947926 bend  34   95   35
       -0.2219886959214 bend  34   96   35
       -0.2127224122980 bend  36   95   35
       -0.2398709629035 bend  36   96   35
 168 k  0.0004363288822 bend  96   95   35      val=   0.02198
        0.4861169953854 bend  34   95   35
       -0.4993710313486 bend  34   96   35
       -0.5006095845356 bend  36   95   35
        0.5135257474903 bend  36   96   35
 169 k  1.0000000000000 stre  36   97           val=   2.06527
 170 k  1.0000000000000 stre  36   98           val=   2.07430
 171 k  0.0152248127613 bend  98   97   36      val=   0.44608
        0.5087487364912 bend  35   97   36
        0.4892583253019 bend  35   98   36
       -0.5078649079796 bend  31   97   36
       -0.4936015139368 bend  31   98   36
 172 k  0.0445470429498 bend  98   97   36      val=   0.71810
       -0.4990734927792 bend  35   97   36
        0.4909938014093 bend  35   98   36
       -0.5096907142191 bend  31   97   36
        0.4980779784192 bend  31   98   36
 173 k  0.8983763119030 bend  98   97   36      val=   0.24546
       -0.2026233505858 bend  35   97   36
       -0.2486926315052 bend  35   98   36
       -0.1897533802573 bend  31   97   36
       -0.2323992463948 bend  31   98   36
 174 k -0.0018449836195 bend  98   97   36      val=   0.20746
        0.4966254393717 bend  35   97   36
       -0.5119222259198 bend  35   98   36
       -0.4863209290531 bend  31   97   36
        0.5047646556353 bend  31   98   36
 175 k  1.0000000000000 stre  37   99           val=   2.07663
 176 k  0.6908743769020 bend  38   99   37      val=  -1.45117
       -0.7221481530513 bend  42   99   37
        0.0345635701969 bend   5   99   37
 177 k  0.4404810955184 bend  38   99   37      val=   3.77435
        0.3825324056594 bend  42   99   37
       -0.8121855472190 bend   5   99   37
 178 k  1.0000000000000 stre  38  101           val=   2.06569
 179 k  1.0000000000000 stre  38  100           val=   2.06982
 180 k  0.0166279407072 bend 100  101   38      val=   0.58815
        0.5017109208969 bend  39  101   38
        0.4959092827356 bend  39  100   38
       -0.4928211232491 bend  37  101   38
       -0.5091276728060 bend  37  100   38
 181 k  0.0016431525560 bend 100  101   38      val=   0.54006
        0.4929235271541 bend  39  101   38
       -0.4967954431078 bend  39  100   38
        0.5141835235368 bend  37  101   38
       -0.4958157805659 bend  37  100   38
 182 k  0.8983287840910 bend 100  101   38      val=   0.21081
       -0.2226142430729 bend  39  101   38
       -0.2322139383765 bend  39  100   38
       -0.2147370122488 bend  37  101   38
       -0.2083578576601 bend  37  100   38
 183 k -0.0059498808424 bend 100  101   38      val=   0.89502
        0.5105940704750 bend  39  101   38
       -0.4994717430570 bend  39  100   38
       -0.4945578466245 bend  37  101   38
        0.4951755328603 bend  37  100   38
 184 k  1.0000000000000 stre  39  102           val=   2.07273
 185 k  1.0000000000000 stre  39  103           val=   2.07608
 186 k  0.0166283409697 bend 103  102   39      val=   0.29793
       -0.5081309677887 bend  40  102   39
       -0.4940328818491 bend  40  103   39
        0.5055026409955 bend  38  102   39
        0.4918587291583 bend  38  103   39
 187 k  0.0322992036690 bend 103  102   39      val=   0.87890
       -0.5078873405554 bend  40  102   39
        0.5054857449483 bend  40  103   39
       -0.4948548389670 bend  38  102   39
        0.4905201940297 bend  38  103   39
 188 k  0.9022859864046 bend 103  102   39      val=   1.35975
       -0.1912794992967 bend  40  102   39
       -0.2224462930056 bend  40  103   39
       -0.2078534443879 bend  38  102   39
       -0.2379217187875 bend  38  103   39
 189 k  0.0001587093954 bend 103  102   39      val=  -0.03671
        0.4860107896484 bend  40  102   39
       -0.4997811749184 bend  40  103   39
       -0.4999288469736 bend  38  102   39
        0.5138904672374 bend  38  103   39
 190 k  1.0000000000000 stre  40  105           val=   2.07250
 191 k  1.0000000000000 stre  40  104           val=   2.07843
 192 k  0.0042180151246 bend 104  105   40      val=   0.07296
        0.5084548843119 bend  41  105   40
        0.4908374139085 bend  41  104   40
       -0.5089096066297 bend  39  105   40
       -0.4914727707161 bend  39  104   40
 193 k  0.0398006740419 bend 104  105   40      val=   1.02286
       -0.5005240820774 bend  41  105   40
        0.4956306603747 bend  41  104   40
       -0.5034275366886 bend  39  105   40
        0.4988010759879 bend  39  104   40
 194 k  0.9002077971043 bend 104  105   40      val=   0.58042
       -0.1999565020717 bend  41  105   40
       -0.2378680612685 bend  41  104   40
       -0.1959058579099 bend  39  105   40
       -0.2338439641660 bend  39  104   40
 195 k  0.0001547869600 bend 104  105   40      val=   0.02923
       -0.4927131580157 bend  41  105   40
        0.5101633369667 bend  41  104   40
        0.4896018049728 bend  39  105   40
       -0.5072052465636 bend  39  104   40
 196 k  1.0000000000000 stre  41  106           val=   2.07310
 197 k  1.0000000000000 stre  41  107           val=   2.07705
 198 k  0.0131312419685 bend 107  106   41      val=   0.22443
       -0.5097259220148 bend  40  106   41
       -0.4920804619284 bend  40  107   41
        0.5049088936162 bend  42  106   41
        0.4928801913712 bend  42  107   41
 199 k  0.0335975785963 bend 107  106   41      val=   0.83235
       -0.5053322281105 bend  40  106   41
        0.5051514452249 bend  40  107   41
       -0.4976304752982 bend  42  106   41
        0.4906082646950 bend  42  107   41
 200 k  0.9008568848555 bend 107  106   41      val=   0.87411
       -0.1928500765200 bend  40  106   41
       -0.2273321563025 bend  40  107   41
       -0.2080455714713 bend  42  106   41
       -0.2372822199339 bend  42  107   41
 201 k -0.0015357636068 bend 107  106   41      val=   0.15708
        0.4876819019109 bend  40  106   41
       -0.5009067458295 bend  40  107   41
       -0.4973132296794 bend  42  106   41
        0.5137470073363 bend  42  107   41
 202 k  1.0000000000000 stre  42  108           val=   2.07134
 203 k  1.0000000000000 stre  42  109           val=   2.07371
 204 k  0.0241385351354 bend 109  108   42      val=   0.63560
        0.5032101005943 bend  41  108   42
        0.4933648756629 bend  41  109   42
       -0.5121184691634 bend  37  108   42
       -0.4904311356197 bend  37  109   42
 205 k  0.0339216413324 bend 109  108   42      val=   1.04215
       -0.4964045668959 bend  41  108   42
        0.4868125635874 bend  41  109   42
       -0.5054557580292 bend  37  108   42
        0.5098625626802 bend  37  109   42
 206 k  0.8995401760406 bend 109  108   42      val=   0.33935
       -0.2155921250485 bend  41  108   42
       -0.2422211050117 bend  41  109   42
       -0.1877242174379 bend  37  108   42
       -0.2245797448129 bend  37  109   42
 207 k -0.0031284097719 bend 109  108   42      val=   0.25462
       -0.4984944796306 bend  41  108   42
        0.5175216478729 bend  41  109   42
        0.4854806866966 bend  37  108   42
       -0.4979691894662 bend  37  109   42
 208 k  1.0000000000000 stre 111  116           val=   2.05508
 209 k  0.7071070134820 bend 112  116  111      val=   0.77658
       -0.7071065488910 bend 110  116  111
 210 k  1.0000000000000 outp 116  110  112  111 val=  -0.13630
 211 k  1.0000000000000 stre 112  117           val=   2.05312
 212 k -0.7071067793989 bend 111  117  112      val=   0.08119
        0.7071067829742 bend 113  117  112
 213 k  1.0000000000000 outp 117  113  111  112 val=  -0.15009
 214 k  1.0000000000000 stre 114  118           val=   2.05321
 215 k -0.7071067809132 bend 115  118  114      val=   0.14872
        0.7071067814599 bend 113  118  114
 216 k  1.0000000000000 outp 118  113  115  114 val=  -0.20475
 217 k  1.0000000000000 stre 115  119           val=   2.05120
 218 k  0.7071068044894 bend 114  119  115      val=   1.23010
       -0.7071067578837 bend 110  119  115
 219 k  1.0000000000000 outp 119  110  114  115 val=  -0.63337
 220 k  1.0000000000000 stre 113  120           val=   2.05334
 221 k  0.7071067826291 bend 112  120  113      val=  -0.02919
       -0.7071067797440 bend 114  120  113
 222 k  1.0000000000000 outp 120  114  112  113 val=  -0.05307
 223 k  1.0000000000000 stre   7    8           val=   2.90358
 224 k  1.0000000000000 stre   8    9           val=   2.89813
 225 k  1.0000000000000 stre   9   10           val=   2.89920
 226 k  1.0000000000000 stre  10   11           val=   2.89962
 227 k  1.0000000000000 stre  11   12           val=   2.90434
 228 k  1.0000000000000 stre  12    7           val=   2.90471
 229 k -0.2886751345948 bend   7    9    8      val=   0.18975
       -0.2886751345948 bend   8   10    9
        0.5773502691896 bend   9   11   10
       -0.2886751345948 bend  10   12   11
       -0.2886751345948 bend  11    7   12
        0.5773502691896 bend  12    8    7
 230 k  0.5000000000000 bend   7    9    8      val=  -0.01977
       -0.5000000000000 bend   8   10    9
        0.5000000000000 bend  10   12   11
       -0.5000000000000 bend  11    7   12
 231 k -0.4082482904639 bend   7    9    8      val=   0.41229
        0.4082482904639 bend   8   10    9
       -0.4082482904639 bend   9   11   10
        0.4082482904639 bend  10   12   11
       -0.4082482904639 bend  11    7   12
        0.4082482904639 bend  12    8    7
 232 k -0.2886751345948 tors   8    9   10   11 val=  -0.21866
       -0.2886751345948 tors   9   10   11   12
        0.5773502691896 tors  10   11   12    7
       -0.2886751345948 tors  11   12    7    8
       -0.2886751345948 tors  12    7    8    9
        0.5773502691896 tors   7    8    9   10
 233 k  0.5000000000000 tors   8    9   10   11 val=  -0.97153
       -0.5000000000000 tors   9   10   11   12
        0.5000000000000 tors  11   12    7    8
       -0.5000000000000 tors  12    7    8    9
 234 k -0.4082482904639 tors   8    9   10   11 val= -56.35482
        0.4082482904639 tors   9   10   11   12
       -0.4082482904639 tors  10   11   12    7
        0.4082482904639 tors  11   12    7    8
       -0.4082482904639 tors  12    7    8    9
        0.4082482904639 tors   7    8    9   10
 235 k  0.4082482904639 tors   8    7    4    1 val=  52.41542
        0.4082482904639 tors   8    7    4   13
        0.4082482904639 tors   8    7    4   19
        0.4082482904639 tors  12    7    4    1
        0.4082482904639 tors  12    7    4   13
        0.4082482904639 tors  12    7    4   19
 236 k -0.5333897654170 bend   4    8    7      val=  26.91849
        0.8458695869627 bend   4   12    7
 237 k  0.8458695869627 bend   4    8    7      val= 114.41499
        0.5333897654170 bend   4   12    7
 238 k  1.0000000000000 stre  13   18           val=   2.90818
 239 k  1.0000000000000 stre  18   17           val=   2.90618
 240 k  1.0000000000000 stre  17   16           val=   2.89817
 241 k  1.0000000000000 stre  16   15           val=   2.89836
 242 k  1.0000000000000 stre  15   14           val=   2.89891
 243 k  1.0000000000000 stre  14   13           val=   2.90713
 244 k -0.2886751345948 bend  13   17   18      val=  -0.05005
       -0.2886751345948 bend  18   16   17
        0.5773502691896 bend  17   15   16
       -0.2886751345948 bend  16   14   15
       -0.2886751345948 bend  15   13   14
        0.5773502691896 bend  14   18   13
 245 k  0.5000000000000 bend  13   17   18      val=  -0.39999
       -0.5000000000000 bend  18   16   17
        0.5000000000000 bend  16   14   15
       -0.5000000000000 bend  15   13   14
 246 k -0.4082482904639 bend  13   17   18      val=   0.25490
        0.4082482904639 bend  18   16   17
       -0.4082482904639 bend  17   15   16
        0.4082482904639 bend  16   14   15
       -0.4082482904639 bend  15   13   14
        0.4082482904639 bend  14   18   13
 247 k -0.2886751345948 tors  18   17   16   15 val=   0.52387
       -0.2886751345948 tors  17   16   15   14
        0.5773502691896 tors  16   15   14   13
       -0.2886751345948 tors  15   14   13   18
       -0.2886751345948 tors  14   13   18   17
        0.5773502691896 tors  13   18   17   16
 248 k  0.5000000000000 tors  18   17   16   15 val=  -1.76424
       -0.5000000000000 tors  17   16   15   14
        0.5000000000000 tors  15   14   13   18
       -0.5000000000000 tors  14   13   18   17
 249 k -0.4082482904639 tors  18   17   16   15 val= -56.94684
        0.4082482904639 tors  17   16   15   14
       -0.4082482904639 tors  16   15   14   13
        0.4082482904639 tors  15   14   13   18
       -0.4082482904639 tors  14   13   18   17
        0.4082482904639 tors  13   18   17   16
 250 k  0.4082482904639 tors  18   13    4    1 val=  40.15051
        0.4082482904639 tors  18   13    4    7
        0.4082482904639 tors  18   13    4   19
        0.4082482904639 tors  14   13    4    1
        0.4082482904639 tors  14   13    4    7
        0.4082482904639 tors  14   13    4   19
 251 k  0.7497484830355 bend   4   18   13      val=  10.16420
       -0.6617229119397 bend   4   14   13
 252 k  0.6617229119397 bend   4   18   13      val= 114.71863
        0.7497484830355 bend   4   14   13
 253 k  1.0000000000000 stre  19   24           val=   2.90626
 254 k  1.0000000000000 stre  24   23           val=   2.90102
 255 k  1.0000000000000 stre  23   22           val=   2.89569
 256 k  1.0000000000000 stre  22   21           val=   2.89809
 257 k  1.0000000000000 stre  21   20           val=   2.89750
 258 k  1.0000000000000 stre  20   19           val=   2.90893
 259 k -0.2886751345948 bend  19   23   24      val=  -0.15889
       -0.2886751345948 bend  24   22   23
        0.5773502691896 bend  23   21   22
       -0.2886751345948 bend  22   20   21
       -0.2886751345948 bend  21   19   20
        0.5773502691896 bend  20   24   19
 260 k  0.5000000000000 bend  19   23   24      val=  -0.22025
       -0.5000000000000 bend  24   22   23
        0.5000000000000 bend  22   20   21
       -0.5000000000000 bend  21   19   20
 261 k -0.4082482904639 bend  19   23   24      val=   0.12844
        0.4082482904639 bend  24   22   23
       -0.4082482904639 bend  23   21   22
        0.4082482904639 bend  22   20   21
       -0.4082482904639 bend  21   19   20
        0.4082482904639 bend  20   24   19
 262 k -0.2886751345948 tors  24   23   22   21 val=   0.37133
       -0.2886751345948 tors  23   22   21   20
        0.5773502691896 tors  22   21   20   19
       -0.2886751345948 tors  21   20   19   24
       -0.2886751345948 tors  20   19   24   23
        0.5773502691896 tors  19   24   23   22
 263 k  0.5000000000000 tors  24   23   22   21 val=   0.76144
       -0.5000000000000 tors  23   22   21   20
        0.5000000000000 tors  21   20   19   24
       -0.5000000000000 tors  20   19   24   23
 264 k -0.4082482904639 tors  24   23   22   21 val=  55.92791
        0.4082482904639 tors  23   22   21   20
       -0.4082482904639 tors  22   21   20   19
        0.4082482904639 tors  21   20   19   24
       -0.4082482904639 tors  20   19   24   23
        0.4082482904639 tors  19   24   23   22
 265 k  0.4082482904639 tors  24   19    4    1 val=  69.28816
        0.4082482904639 tors  24   19    4    7
        0.4082482904639 tors  24   19    4   13
        0.4082482904639 tors  20   19    4    1
        0.4082482904639 tors  20   19    4    7
        0.4082482904639 tors  20   19    4   13
 266 k  0.9018275358033 bend   4   24   19      val=  41.19119
       -0.4320961648371 bend   4   20   19
 267 k  0.4320961648371 bend   4   24   19      val= 111.30910
        0.9018275358033 bend   4   20   19
 268 k  1.0000000000000 stre  25   30           val=   2.90589
 269 k  1.0000000000000 stre  30   29           val=   2.90129
 270 k  1.0000000000000 stre  29   28           val=   2.89550
 271 k  1.0000000000000 stre  28   27           val=   2.89773
 272 k  1.0000000000000 stre  27   26           val=   2.89624
 273 k  1.0000000000000 stre  26   25           val=   2.90916
 274 k -0.2886751345948 bend  25   29   30      val=  -0.23901
       -0.2886751345948 bend  30   28   29
        0.5773502691896 bend  29   27   28
       -0.2886751345948 bend  28   26   27
       -0.2886751345948 bend  27   25   26
        0.5773502691896 bend  26   30   25
 275 k  0.5000000000000 bend  25   29   30      val=  -0.33466
       -0.5000000000000 bend  30   28   29
        0.5000000000000 bend  28   26   27
       -0.5000000000000 bend  27   25   26
 276 k -0.4082482904639 bend  25   29   30      val=   0.04215
        0.4082482904639 bend  30   28   29
       -0.4082482904639 bend  29   27   28
        0.4082482904639 bend  28   26   27
       -0.4082482904639 bend  27   25   26
        0.4082482904639 bend  26   30   25
 277 k -0.2886751345948 tors  30   29   28   27 val=   0.45652
       -0.2886751345948 tors  29   28   27   26
        0.5773502691896 tors  28   27   26   25
       -0.2886751345948 tors  27   26   25   30
       -0.2886751345948 tors  26   25   30   29
        0.5773502691896 tors  25   30   29   28
 278 k  0.5000000000000 tors  30   29   28   27 val=   0.64650
       -0.5000000000000 tors  29   28   27   26
        0.5000000000000 tors  27   26   25   30
       -0.5000000000000 tors  26   25   30   29
 279 k -0.4082482904639 tors  30   29   28   27 val=  55.98876
        0.4082482904639 tors  29   28   27   26
       -0.4082482904639 tors  28   27   26   25
        0.4082482904639 tors  27   26   25   30
       -0.4082482904639 tors  26   25   30   29
        0.4082482904639 tors  25   30   29   28
 280 k  0.4082482904639 tors  30   25    5    1 val=  74.67047
        0.4082482904639 tors  30   25    5   31
        0.4082482904639 tors  30   25    5   37
        0.4082482904639 tors  26   25    5    1
        0.4082482904639 tors  26   25    5   31
        0.4082482904639 tors  26   25    5   37
 281 k  0.9646891671157 bend   5   30   25      val=  66.26645
       -0.2633909847539 bend   5   26   25
 282 k  0.2633909847539 bend   5   30   25      val= 110.12590
        0.9646891671157 bend   5   26   25
 283 k  1.0000000000000 stre  31   32           val=   2.90724
 284 k  1.0000000000000 stre  32   33           val=   2.90630
 285 k  1.0000000000000 stre  33   34           val=   2.89840
 286 k  1.0000000000000 stre  34   35           val=   2.89771
 287 k  1.0000000000000 stre  35   36           val=   2.89730
 288 k  1.0000000000000 stre  36   31           val=   2.90837
 289 k -0.2886751345948 bend  31   33   32      val=  -0.10776
       -0.2886751345948 bend  32   34   33
        0.5773502691896 bend  33   35   34
       -0.2886751345948 bend  34   36   35
       -0.2886751345948 bend  35   31   36
        0.5773502691896 bend  36   32   31
 290 k  0.5000000000000 bend  31   33   32      val=  -0.42534
       -0.5000000000000 bend  32   34   33
        0.5000000000000 bend  34   36   35
       -0.5000000000000 bend  35   31   36
 291 k -0.4082482904639 bend  31   33   32      val=   0.25227
        0.4082482904639 bend  32   34   33
       -0.4082482904639 bend  33   35   34
        0.4082482904639 bend  34   36   35
       -0.4082482904639 bend  35   31   36
        0.4082482904639 bend  36   32   31
 292 k -0.2886751345948 tors  32   33   34   35 val=   0.68097
       -0.2886751345948 tors  33   34   35   36
        0.5773502691896 tors  34   35   36   31
       -0.2886751345948 tors  35   36   31   32
       -0.2886751345948 tors  36   31   32   33
        0.5773502691896 tors  31   32   33   34
 293 k  0.5000000000000 tors  32   33   34   35 val=  -1.46154
       -0.5000000000000 tors  33   34   35   36
        0.5000000000000 tors  35   36   31   32
       -0.5000000000000 tors  36   31   32   33
 294 k -0.4082482904639 tors  32   33   34   35 val= -56.72801
        0.4082482904639 tors  33   34   35   36
       -0.4082482904639 tors  34   35   36   31
        0.4082482904639 tors  35   36   31   32
       -0.4082482904639 tors  36   31   32   33
        0.4082482904639 tors  31   32   33   34
 295 k  0.4082482904639 tors  32   31    5    1 val=  34.71503
        0.4082482904639 tors  32   31    5   25
        0.4082482904639 tors  32   31    5   37
        0.4082482904639 tors  36   31    5    1
        0.4082482904639 tors  36   31    5   25
        0.4082482904639 tors  36   31    5   37
 296 k  0.8592042239210 bend   5   32   31      val=  32.34839
       -0.5116327800253 bend   5   36   31
 297 k  0.5116327800253 bend   5   32   31      val= 113.88490
        0.8592042239210 bend   5   36   31
 298 k  1.0000000000000 stre  37   38           val=   2.90367
 299 k  1.0000000000000 stre  38   39           val=   2.89982
 300 k  1.0000000000000 stre  39   40           val=   2.89924
 301 k  1.0000000000000 stre  40   41           val=   2.89844
 302 k  1.0000000000000 stre  41   42           val=   2.90351
 303 k  1.0000000000000 stre  42   37           val=   2.90723
 304 k -0.2886751345948 bend  37   39   38      val=   0.22910
       -0.2886751345948 bend  38   40   39
        0.5773502691896 bend  39   41   40
       -0.2886751345948 bend  40   42   41
       -0.2886751345948 bend  41   37   42
        0.5773502691896 bend  42   38   37
 305 k  0.5000000000000 bend  37   39   38      val=  -0.11207
       -0.5000000000000 bend  38   40   39
        0.5000000000000 bend  40   42   41
       -0.5000000000000 bend  41   37   42
 306 k -0.4082482904639 bend  37   39   38      val=   0.45940
        0.4082482904639 bend  38   40   39
       -0.4082482904639 bend  39   41   40
        0.4082482904639 bend  40   42   41
       -0.4082482904639 bend  41   37   42
        0.4082482904639 bend  42   38   37
 307 k -0.2886751345948 tors  38   39   40   41 val=  -0.27406
       -0.2886751345948 tors  39   40   41   42
        0.5773502691896 tors  40   41   42   37
       -0.2886751345948 tors  41   42   37   38
       -0.2886751345948 tors  42   37   38   39
        0.5773502691896 tors  37   38   39   40
 308 k  0.5000000000000 tors  38   39   40   41 val=  -0.60315
       -0.5000000000000 tors  39   40   41   42
        0.5000000000000 tors  41   42   37   38
       -0.5000000000000 tors  42   37   38   39
 309 k -0.4082482904639 tors  38   39   40   41 val= -56.28871
        0.4082482904639 tors  39   40   41   42
       -0.4082482904639 tors  40   41   42   37
        0.4082482904639 tors  41   42   37   38
       -0.4082482904639 tors  42   37   38   39
        0.4082482904639 tors  37   38   39   40
 310 k  0.4082482904639 tors  38   37    5    1 val=  52.84014
        0.4082482904639 tors  38   37    5   25
        0.4082482904639 tors  38   37    5   31
        0.4082482904639 tors  42   37    5    1
        0.4082482904639 tors  42   37    5   25
        0.4082482904639 tors  42   37    5   31
 311 k  0.7504147776181 bend   5   38   37      val=   7.42766
       -0.6609672166851 bend   5   42   37
 312 k  0.6609672166851 bend   5   38   37      val= 114.67662
        0.7504147776181 bend   5   42   37
 313 k  1.0000000000000 stre 110  115           val=   2.66386
 314 k  1.0000000000000 stre 115  114           val=   2.62465
 315 k  1.0000000000000 stre 114  113           val=   2.64326
 316 k  1.0000000000000 stre 113  112           val=   2.63872
 317 k  1.0000000000000 stre 112  111           val=   2.62871
 318 k  1.0000000000000 stre 111  110           val=   2.66826
 319 k -0.2886751345948 bend 110  114  115      val=  -0.72739
       -0.2886751345948 bend 115  113  114
        0.5773502691896 bend 114  112  113
       -0.2886751345948 bend 113  111  112
       -0.2886751345948 bend 112  110  111
        0.5773502691896 bend 111  115  110
 320 k  0.5000000000000 bend 110  114  115      val=  -0.32851
       -0.5000000000000 bend 115  113  114
        0.5000000000000 bend 113  111  112
       -0.5000000000000 bend 112  110  111
 321 k -0.4082482904639 bend 110  114  115      val=  -0.50083
        0.4082482904639 bend 115  113  114
       -0.4082482904639 bend 114  112  113
        0.4082482904639 bend 113  111  112
       -0.4082482904639 bend 112  110  111
        0.4082482904639 bend 111  115  110
 322 k -0.2886751345948 tors 115  114  113  112 val=  -0.38950
       -0.2886751345948 tors 114  113  112  111
        0.5773502691896 tors 113  112  111  110
       -0.2886751345948 tors 112  111  110  115
       -0.2886751345948 tors 111  110  115  114
        0.5773502691896 tors 110  115  114  113
 323 k  0.5000000000000 tors 115  114  113  112 val=   0.08488
       -0.5000000000000 tors 114  113  112  111
        0.5000000000000 tors 112  111  110  115
       -0.5000000000000 tors 111  110  115  114
 324 k -0.4082482904639 tors 115  114  113  112 val=  -0.03534
        0.4082482904639 tors 114  113  112  111
       -0.4082482904639 tors 113  112  111  110
        0.4082482904639 tors 112  111  110  115
       -0.4082482904639 tors 111  110  115  114
        0.4082482904639 tors 110  115  114  113
 325 k  0.7071067811865 tors 115  110    6    1 val=  86.07286
        0.7071067811865 tors 111  110    6    1
 326 k  0.7072375127776 bend   6  115  110      val=   3.93615
       -0.7069760254210 bend   6  111  110
 327 k  1.0000000000000 outp 115    6  111  110 val=  -0.38830
 328 k  0.5773502691896 tors   7    4    1    6 val=  52.87645
        0.5773502691896 tors  13    4    1    6
        0.5773502691896 tors  19    4    1    6
 329 k  1.0000000000000 stre   4    7           val=   3.50302
 330 k  1.0000000000000 stre   4   13           val=   3.51373
 331 k  1.0000000000000 stre   4   19           val=   3.51867
 332 k  0.5499766409709 bend  13    7    4      val=   1.71393
        0.3715082888923 bend  19    7    4
        0.3400345345908 bend  19   13    4
       -0.3655134476642 bend   1    7    4
       -0.3746301014228 bend   1   13    4
       -0.4122329531235 bend   1   19    4
 333 k  0.0264867497158 bend  13    7    4      val=   0.32263
       -0.5629082041133 bend  19    7    4
        0.5646277966316 bend  19   13    4
       -0.4281790706150 bend   1    7    4
        0.4244290901470 bend   1   13    4
       -0.0122836487526 bend   1   19    4
 334 k -0.5716144777686 bend  13    7    4      val=   5.42894
        0.4150659584503 bend  19    7    4
        0.4314082283793 bend  19   13    4
       -0.2677107613161 bend   1    7    4
       -0.2454471881256 bend   1   13    4
        0.4277273729194 bend   1   19    4
 335 k  0.4355463979422 bend  13    7    4      val=   1.70929
       -0.2517965091725 bend  19    7    4
       -0.2453945293500 bend  19   13    4
       -0.2995077274816 bend   1    7    4
       -0.3164309131977 bend   1   13    4
        0.7048730215613 bend   1   19    4
 336 k  0.0051221045925 bend  13    7    4      val=  -0.58165
        0.4190337405647 bend  19    7    4
       -0.4338139133901 bend  19   13    4
       -0.5620237376408 bend   1    7    4
        0.5658661592799 bend   1   13    4
        0.0107137748769 bend   1   19    4
 337 k  0.5773502691896 tors  37    5    1    6 val=  72.76833
        0.5773502691896 tors  31    5    1    6
        0.5773502691896 tors  25    5    1    6
 338 k  1.0000000000000 stre   5   37           val=   3.50290
 339 k  1.0000000000000 stre   5   31           val=   3.51877
 340 k  1.0000000000000 stre   5   25           val=   3.52228
 341 k  0.5456797892495 bend  31   37    5      val=   2.07744
        0.3559120821364 bend  25   37    5
        0.3633215784321 bend  25   31    5
       -0.3759995513899 bend   1   37    5
       -0.3655481942952 bend   1   31    5
       -0.4105562605074 bend   1   25    5
 342 k -0.1471644956809 bend  31   37    5      val=   2.06053
       -0.4301721850279 bend  25   37    5
        0.6425801462921 bend  25   31    5
       -0.4904672754395 bend   1   37    5
        0.3463620107969 bend   1   31    5
        0.1409271699505 bend   1   25    5
 343 k -0.5573029128786 bend  31   37    5      val=   4.55413
        0.5707328553246 bend  25   37    5
        0.2415933750418 bend  25   31    5
       -0.1437133218313 bend   1   37    5
       -0.3451954152040 bend   1   31    5
        0.4068128792656 bend   1   25    5
 344 k  0.4325845765184 bend  31   37    5      val=   0.53934
       -0.1595474178195 bend  25   37    5
       -0.3346001068414 bend  25   31    5
       -0.3859502600551 bend   1   37    5
       -0.2212892124644 bend   1   31    5
        0.6910365079628 bend   1   25    5
 345 k  0.0597771062260 bend  31   37    5      val=   1.38313
       -0.4480375673333 bend  25   37    5
        0.3946192979563 bend  25   31    5
        0.4967376755827 bend   1   37    5
       -0.6131716834849 bend   1   31    5
        0.1312890465301 bend   1   25    5
 346 k  0.7071067811865 tors 110    6    1    4 val=  14.48709
        0.7071067811865 tors 110    6    1    5
 347 k  1.0000000000000 stre   6  110           val=   2.75582
 348 k  1.0000000000000 bend   1  110    6      val= 135.06701
 349 k  1.0000000000000 stre   1    6           val=   3.48639
 350 k  1.0000000000000 stre   1    5           val=   4.50324
 351 k  1.0000000000000 stre   1    4           val=   4.49897
 352 k -0.7031763595951 bend   5    6    1      val=  -0.94919
        0.7110154761372 bend   4    6    1
 353 k  0.7110154761372 bend   5    6    1      val=  98.27082
        0.7031763595951 bend   4    6    1
 354 k  1.0000000000000 outp   4    5    6    1 val=  -3.06379
       354 non zero eigenvalues  of BmBt
           1          11.397284130    1    0
         1
           2           7.699995805    2    0
         2
           3           6.086878284    3    0
         3
           4           6.064038505    4    0
         4
           5           6.056634066    5    0
         5
           6           6.026777829    6    0
         6
           7           6.022829770    7    0
         7
           8           5.996441921    8    0
         8
           9           5.183126374    9    0
         9
          10           5.039198045   10    0
        10
          11           5.020411047   11    0
        11
          12           4.836803427   12    0
        12
          13           4.807527063   13    0
        13
          14           4.711879589   14    0
        14
          15           4.553975386   15    0
        15
          16           4.539164983   16    0
        16
          17           4.423473454   17    0
        17
          18           4.373442748   18    0
        18
          19           4.314721466   19    0
        19
          20           4.312088010   20    0
        20
          21           4.306412849   21    0
        21
          22           4.297558672   22    0
        22
          23           4.271873822   23    0
        23
          24           4.262607780   24    0
        24
          25           4.240168159   25    0
        25
          26           4.233313207   26    0
        26
          27           4.232801120   27    0
        27
          28           4.230722975   28    0
        28
          29           4.223715387   29    0
        29
          30           4.216581812   30    0
        30
          31           4.207805178   31    0
        31
          32           4.200902584   32    0
        32
          33           4.195608282   33    0
        33
          34           4.186041905   34    0
        34
          35           4.155516021   35    0
        35
          36           4.131901363   36    0
        36
          37           4.085493059   37    0
        37
          38           3.836861089   38    0
        38
          39           3.830281255   39    0
        39
          40           3.816806441   40    0
        40
          41           3.813969936   41    0
        41
          42           3.769238487   42    0
        42
          43           3.766365940   43    0
        43
          44           3.751464190   44    0
        44
          45           3.549250642   45    0
        45
          46           3.520435128   46    0
        46
          47           3.494098583   47    0
        47
          48           3.475261092   48    0
        48
          49           3.460998700   49    0
        49
          50           3.454916196   50    0
        50
          51           3.445166488   51    0
        51
          52           3.439032245   52    0
        52
          53           3.402175226   53    0
        53
          54           3.398674803   54    0
        54
          55           3.381787546   55    0
        55
          56           3.376303850   56    0
        56
          57           3.372055605   57    0
        57
          58           3.371334974   58    0
        58
          59           3.286085286   59    0
        59
          60           3.270074909   60    0
        60
          61           3.258192024   61    0
        61
          62           3.242541345   62    0
        62
          63           3.240099677   63    0
        63
          64           3.231111051   64    0
        64
          65           3.200609643   65    0
        65
          66           3.123711196   66    0
        66
          67           3.095130615   67    0
        67
          68           3.056556649   68    0
        68
          69           3.050378274   69    0
        69
          70           3.046707622   70    0
        70
          71           3.016812675   71    0
        71
          72           2.945261409   72    0
        72
          73           2.827916365   73    0
        73
          74           2.744752355   74    0
        74
          75           2.742568484   75    0
        75
          76           2.731846230   76    0
        76
          77           2.723915994   77    0
        77
          78           2.718924230   78    0
        78
          79           2.716723194   79    0
        79
          80           2.678313204   80    0
        80
          81           2.617654255   81    0
        81
          82           2.591607137   82    0
        82
          83           2.574703488   83    0
        83
          84           2.556252521   84    0
        84
          85           2.527276312   85    0
        85
          86           2.524133395   86    0
        86
          87           2.385315791   87    0
        87
          88           2.362912160   88    0
        88
          89           2.268321818   89    0
        89
          90           2.262759004   90    0
        90
          91           2.260380739   91    0
        91
          92           2.255799540   92    0
        92
          93           2.230468589   93    0
        93
          94           2.224817761   94    0
        94
          95           2.221697914   95    0
        95
          96           2.202392734   96    0
        96
          97           2.198185503   97    0
        97
          98           2.190587181   98    0
        98
          99           2.108312263   99    0
        99
         100           2.094981311  100    0
       100
         101           2.093404680  101    0
       101
         102           2.082464881  102    0
       102
         103           2.079410318  103    0
       103
         104           2.078342431  104    0
       104
         105           2.007959901  105    0
       105
         106           1.926522698  106    0
       106
         107           1.909170781  107    0
       107
         108           1.861545154  108    0
       108
         109           1.852334965  109    0
       109
         110           1.840421802  110    0
       110
         111           1.821014863  111    0
       111
         112           1.808041046  112    0
       112
         113           1.753576550  113    0
       113
         114           1.753296961  114    0
       114
         115           1.751591740  115    0
       115
         116           1.751328806  116    0
       116
         117           1.750475492  117    0
       117
         118           1.747440262  118    0
       118
         119           1.744661725  119    0
       119
         120           1.675548225  120    0
       120
         121           1.652280190  121    0
       121
         122           1.644492007  122    0
       122
         123           1.605382687  123    0
       123
         124           1.597616266  124    0
       124
         125           1.590900165  125    0
       125
         126           1.527639464  126    0
       126
         127           1.483814569  127    0
       127
         128           1.367923722  128    0
       128
         129           1.227117565  129    0
       129
         130           1.074135772  130    0
       130
         131           1.053336522  131    0
       131
         132           1.025690017  132    0
       132
         133           1.004689083  133    0
       133
         134           0.888564867  134    0
       134
         135           0.833554932  135    0
       135
         136           0.828534267  136    0
       136
         137           0.827750013  137    0
       137
         138           0.827378169  138    0
       138
         139           0.826996517  139    0
       139
         140           0.826025700  140    0
       140
         141           0.818173463  141    0
       141
         142           0.781387918  142    0
       142
         143           0.780659467  143    0
       143
         144           0.780286585  144    0
       144
         145           0.779777963  145    0
       145
         146           0.774609893  146    0
       146
         147           0.774275336  147    0
       147
         148           0.768680068  148    0
       148
         149           0.764487569  149    0
       149
         150           0.763979426  150    0
       150
         151           0.763516175  151    0
       151
         152           0.761797257  152    0
       152
         153           0.759559112  153    0
       153
         154           0.758331693  154    0
       154
         155           0.748920111  155    0
       155
         156           0.746975102  156    0
       156
         157           0.746830786  157    0
       157
         158           0.746413105  158    0
       158
         159           0.745789770  159    0
       159
         160           0.742428502  160    0
       160
         161           0.742133311  161    0
       161
         162           0.742000653  162    0
       162
         163           0.741802239  163    0
       163
         164           0.741505495  164    0
       164
         165           0.741185944  165    0
       165
         166           0.739171371  166    0
       166
         167           0.730534299  167    0
       167
         168           0.706982465  168    0
       168
         169           0.704649244  169    0
       169
         170           0.703589262  170    0
       170
         171           0.703510074  171    0
       171
         172           0.702199994  172    0
       172
         173           0.693703643  173    0
       173
         174           0.602219754  174    0
       174
         175           0.590327453  175    0
       175
         176           0.588627674  176    0
       176
         177           0.586215253  177    0
       177
         178           0.583481078  178    0
       178
         179           0.581398574  179    0
       179
         180           0.580314809  180    0
       180
         181           0.579981248  181    0
       181
         182           0.577563292  182    0
       182
         183           0.572574725  183    0
       183
         184           0.571403225  184    0
       184
         185           0.567182000  185    0
       185
         186           0.560218251  186    0
       186
         187           0.510011339  187    0
       187
         188           0.482355592  188    0
       188
         189           0.428266965  189    0
       189
         190           0.427803644  190    0
       190
         191           0.425637127  191    0
       191
         192           0.424513791  192    0
       192
         193           0.423338796  193    0
       193
         194           0.422048184  194    0
       194
         195           0.411207444  195    0
       195
         196           0.410614277  196    0
       196
         197           0.409772550  197    0
       197
         198           0.408634244  198    0
       198
         199           0.408050702  199    0
       199
         200           0.407172861  200    0
       200
         201           0.403530956  201    0
       201
         202           0.403205243  202    0
       202
         203           0.402351501  203    0
       203
         204           0.401796551  204    0
       204
         205           0.401281142  205    0
       205
         206           0.393426380  206    0
       206
         207           0.383326675  207    0
       207
         208           0.370317791  208    0
       208
         209           0.355770641  209    0
       209
         210           0.354565188  210    0
       210
         211           0.354427428  211    0
       211
         212           0.352389556  212    0
       212
         213           0.351845544  213    0
       213
         214           0.351834192  214    0
       214
         215           0.351420990  215    0
       215
         216           0.346248180  216    0
       216
         217           0.345426256  217    0
       217
         218           0.344055303  218    0
       218
         219           0.341943497  219    0
       219
         220           0.341667487  220    0
       220
         221           0.340618504  221    0
       221
         222           0.340424457  222    0
       222
         223           0.330309423  223    0
       223
         224           0.330191507  224    0
       224
         225           0.330142753  225    0
       225
         226           0.329359423  226    0
       226
         227           0.328989493  227    0
       227
         228           0.328342608  228    0
       228
         229           0.327979622  229    0
       229
         230           0.327708000  230    0
       230
         231           0.327228945  231    0
       231
         232           0.326829311  232    0
       232
         233           0.326534875  233    0
       233
         234           0.325563576  234    0
       234
         235           0.307831551  235    0
       235
         236           0.306065916  236    0
       236
         237           0.305068039  237    0
       237
         238           0.303961407  238    0
       238
         239           0.303014277  239    0
       239
         240           0.301763196  240    0
       240
         241           0.291390697  241    0
       241
         242           0.288583569  242    0
       242
         243           0.286942047  243    0
       243
         244           0.283047414  244    0
       244
         245           0.282342600  245    0
       245
         246           0.281813530  246    0
       246
         247           0.280779368  247    0
       247
         248           0.280068186  248    0
       248
         249           0.269907693  249    0
       249
         250           0.268472648  250    0
       250
         251           0.263606951  251    0
       251
         252           0.263445573  252    0
       252
         253           0.263152508  253    0
       253
         254           0.261446362  254    0
       254
         255           0.261273818  255    0
       255
         256           0.261018408  256    0
       256
         257           0.260593283  257    0
       257
         258           0.257443091  258    0
       258
         259           0.257345611  259    0
       259
         260           0.257105186  260    0
       260
         261           0.256955325  261    0
       261
         262           0.256175210  262    0
       262
         263           0.256040709  263    0
       263
         264           0.240897431  264    0
       264
         265           0.240200378  265    0
       265
         266           0.239540843  266    0
       266
         267           0.239009194  267    0
       267
         268           0.238141157  268    0
       268
         269           0.238001405  269    0
       269
         270           0.236510851  270    0
       270
         271           0.235632589  271    0
       271
         272           0.234654354  272    0
       272
         273           0.234060164  273    0
       273
         274           0.233393222  274    0
       274
         275           0.232442749  275    0
       275
         276           0.226189687  276    0
       276
         277           0.216846720  277    0
       277
         278           0.208477732  278    0
       278
         279           0.196571398  279    0
       279
         280           0.181236058  280    0
       280
         281           0.141748339  281    0
       281
         282           0.139165202  282    0
       282
         283           0.125431165  283    0
       283
         284           0.112521835  284    0
       284
         285           0.108749669  285    0
       285
         286           0.106777722  286    0
       286
         287           0.106248294  287    0
       287
         288           0.105295404  288    0
       288
         289           0.097696458  289    0
       289
         290           0.096390971  290    0
       290
         291           0.096251198  291    0
       291
         292           0.095553262  292    0
       292
         293           0.093280750  293    0
       293
         294           0.091767715  294    0
       294
         295           0.091342535  295    0
       295
         296           0.091120411  296    0
       296
         297           0.084703801  297    0
       297
         298           0.084026584  298    0
       298
         299           0.083665580  299    0
       299
         300           0.082951958  300    0
       300
         301           0.082634802  301    0
       301
         302           0.082091076  302    0
       302
         303           0.081061938  303    0
       303
         304           0.074018516  304    0
       304
         305           0.065116430  305    0
       305
         306           0.064305153  306    0
       306
         307           0.063749709  307    0
       307
         308           0.063625951  308    0
       308
         309           0.060817037  309    0
       309
         310           0.060645768  310    0
       310
         311           0.060298903  311    0
       311
         312           0.059823541  312    0
       312
         313           0.059028380  313    0
       313
         314           0.057560715  314    0
       314
         315           0.057515935  315    0
       315
         316           0.056943542  316    0
       316
         317           0.046847659  317    0
       317
         318           0.044700946  318    0
       318
         319           0.039461512  319    0
       319
         320           0.039261744  320    0
       320
         321           0.038350913  321    0
       321
         322           0.037806727  322    0
       322
         323           0.035367070  323    0
       323
         324           0.034336531  324    0
       324
         325           0.030152581  325    0
       325
         326           0.029295516  326    0
       326
         327           0.027032932  327    0
       327
         328           0.025817362  328    0
       328
         329           0.024838000  329    0
       329
         330           0.022911586  330    0
       330
         331           0.021968332  331    0
       331
         332           0.021476255  332    0
       332
         333           0.021308712  333    0
       333
         334           0.020163799  334    0
       334
         335           0.015415277  335    0
       335
         336           0.014334714  336    0
       336
         337           0.012540321  337    0
       337
         338           0.011455000  338    0
       338
         339           0.010488955  339    0
       339
         340           0.007110511  340    0
       340
         341           0.005586810  341    0
       341
         342           0.004649915  342    0
       342
         343           0.002888484  343    0
       343
         344           0.002231217  344    0
       344
         345           0.001725672  345    0
       345
         346           0.001449276  346    0
       346
         347           0.001337997  347    0
       347
         348           0.001313458  348    0
       348
         349           0.001257884  349    0
       349
         350           0.000840466  350    0
       350
         351           0.000768690  351    0
       351
         352           0.000739721  352    0
       352
         353           0.000440929  353    0
       353
         354           0.000283089  354    0
       354
$end
