$coord
   -0.00827371411346     -0.03687511856751     -0.06871924912197      rh
    4.32457590125550     -0.20819186331722     -0.02581184233008      p
   -4.34084917573195     -0.19994720014060     -0.03572054738502      p
    0.00146474676712     -2.48374436460953      1.52319720207206      h
   -0.01687998192461     -2.44099163061675     -1.72559592360096      h
   -0.01121883416218      4.48961771156954      0.01952483648695      cl
   -5.77338516515311     -3.22280938067425     -0.91884374216012      c
   -5.73747060061358      0.45702133304003      3.05984851765153      c
   -5.86315255300142      2.06272172931509     -2.14432202267817      c
    5.86080277422268      0.66638585758457     -2.99923525615779      c
    5.77453454944984      1.87581984365015      2.30681952233390      c
    5.70163836846757     -3.30302058054402      0.67731694061779      c
   -7.99611241126700     -3.35006135876907     -2.35094588327928      c
   -9.07528956393329     -5.68595149560441     -2.92692632848428      c
   -7.95610164783379     -7.91169840740768     -2.06703329813183      c
   -5.74039590751475     -7.79752563047741     -0.63826341323164      c
   -4.64674602440653     -5.46912605494963     -0.08017566443016      c
   -8.87520477571054     -1.62240210652234     -3.02202237431706      h
  -10.79174815480948     -5.76269033102288     -4.05088418664976      h
   -8.79745339210464     -9.72913409137219     -2.51890933806576      h
   -4.85292539297385     -9.52523569249127      0.02695027011837      h
   -2.90210776207971     -5.37629161161649      0.99643590672789      h
   -4.73152696119869      2.49546930193308     -4.49933788050929      c
   -5.82662894369904      4.16993465696715     -6.20675049130831      c
   -8.04423735706045      5.44848220115782     -5.56395369227238      c
   -9.16296179109822      5.04536072624107     -3.21125426463163      c
   -8.07962859128410      3.35417467808741     -1.50291264198964      c
   -2.97227004161303      1.54008679605524     -4.95941787252368      h
   -4.93456393947797      4.50254546740452     -8.02550126055783      h
   -8.88587193365734      6.77316169225344     -6.88754240975856      h
  -10.87515525729334      6.05549068381302     -2.69778628736166      h
   -8.94277204444125      3.05082263394195      0.33408371009522      h
   -4.84163895266285      2.56005655224099      4.40665354234734      c
   -5.84801731397299      3.13603875352963      6.76937784980751      c
   -7.73189082712582      1.61475641493672      7.82106922530275      c
   -8.61551710221816     -0.48391734843066      6.49475556044048      c
   -7.62715278173822     -1.06325498725548      4.11905830933883      c
   -3.36254596634184      3.72544276168805      3.58385095516411      h
   -5.14948589051225      4.76983598907676      7.79831858269332      h
   -8.50299756010694      2.06110503092262      9.67100157809012      h
  -10.07705662940199     -1.67675651637958      7.30541802174021      h
   -8.32406486893385     -2.69731850770439      3.09330143795123      h
    7.77714768409539     -3.58442344610612      2.29434901970082      c
    8.81035421033970     -5.97188622585114      2.72898997168839      c
    7.79448398189645     -8.09282542221553      1.54045399661765      c
    5.72475165210279     -7.82437824125214     -0.07549614903992      c
    4.67377449272767     -5.44784175438360     -0.49099176133302      c
    8.57873109709617     -1.93805939895863      3.21869465102204      h
   10.41143539874439     -6.16960514000231      3.99885273957572      h
    8.60141050381529     -9.94978978838107      1.88018920303261      h
    4.91802159842127     -9.47097653749366     -0.99904980467464      h
    3.03940869872299     -5.23947102067481     -1.71534933803347      h
    7.83197981955488     -0.75420019953484     -4.04945050869435      c
    8.94665513838445      0.00180858308342     -6.31673828191374      c
    8.10803851356784      2.17833716330369     -7.54334829189021      c
    6.14242137276007      3.59921935909993     -6.50129110761832      c
    5.01084227976061      2.84768053764565     -4.24668736397716      c
    8.49463573316574     -2.44767018921538     -3.10022974945981      h
   10.47163987172045     -1.11372767954081     -7.12054391312860      h
    8.97831895034409      2.76312732486370     -9.30872940036665      h
    5.47904229714579      5.29296041907220     -7.45354767301914      h
    3.47083471641422      3.93680032793763     -3.43140688815430      h
    4.51428156978222      2.20948603559334      4.61186253310417      c
    5.55810922098075      3.73744897125540      6.48199928906257      c
    7.85406095622682      4.96602596378659      6.05385744929374      c
    9.10244202571906      4.66216779875030      3.75158344632961      c
    8.06929823666264      3.11937716187562      1.88011592177954      c
    2.69903026988826      1.29381489117709      4.90520556357318      h
    4.56681187608145      3.99450849556566      8.26117167859884      h
    8.65777415415254      6.17538538654802      7.50531608638997      h
   10.87717601430513      5.63476349170678      3.40537258453306      h
    9.03360813741888      2.89379285236486      0.08255706255123      h
$user-defined bonds
$end
