$coord
    0.57890005880163      0.12933971088988      0.02396808772896      ru
   -3.26663103121269      0.71193590503964     -2.51719221490686      s
    3.99274812300304     -0.07716483302830      2.61310217287889      p
    2.79078048637191     -0.22126351021254     -3.80404439354288      p
    0.05678076482360      4.52787383130192      0.36199620362952      p
   -0.40247414011269     -4.13528981414542      0.33810016606829      p
   -6.12691776357460      0.36021442528602     -0.85054052044333      c
   -8.39425410976999      0.58836513363828     -2.23522746801824      c
  -10.72895654178865      0.30175353403699     -1.06205498711593      c
  -10.88665857079116     -0.22101438221361      1.52441872023157      c
   -8.65627356735329     -0.44502775861394      2.91157168919023      c
   -6.30868243846830     -0.16082310339074      1.74781567041962      c
    6.80498304901895      1.92372553567736      2.02253272426450      c
    5.74059374861073     -3.06320196397984      3.16264060025358      c
    3.33647469259023      0.74034468657187      5.94030254071029      c
    3.94849912558308      2.64051385250749     -5.43947827645953      c
    5.75221848171826     -2.08297498441437     -3.88911251118700      c
    1.11558271744892     -1.73988401737589     -6.45838573318388      c
   -2.70859514327802      5.31304717487180      2.30677853053848      c
    2.38431493330394      6.69113551113185      1.84554345514030      c
   -0.56497918660799      6.46367955991105     -2.47283279822837      c
   -1.09949579697988     -5.21591442706253      3.57750845156696      c
    1.77586139539205     -6.67086436854360     -0.71230861620982      c
   -3.25162289146079     -5.29125051848441     -1.28086032308112      c
   -1.00656927422294      0.25119692654223      2.68838819946802      h
   -8.29220283170215      0.98832652058890     -4.24729905491393      h
  -12.44465935298637      0.48557413324204     -2.17827723181025      h
  -12.71265219703642     -0.44625321733732      2.43416841206069      h
   -8.73524716110728     -0.84351665370519      4.92685289099906      h
   -4.56926069292481     -0.31089415473622      2.82872300694528      h
    7.58365975591770      1.49317346203384      0.15858890553918      h
    8.26374452950649      1.57680317697866      3.45060344229632      h
    6.29492531617474      3.91753166990161      2.05783588125546      h
    4.46876694445835     -4.53785963212832      3.84667951058899      h
    7.23259965102241     -2.77109173816001      4.56814179011218      h
    6.60545697304686     -3.70417654635831      1.39984159229549      h
    2.46499373866223      2.60933207217093      6.03571286987802      h
    5.05172567455382      0.71332854446397      7.10089329796333      h
    1.97068071581482     -0.61934665511439      6.68498549983915      h
    5.10619153613625      2.15248880080656     -7.08595703758015      h
    5.07122906704314      3.78314643276211     -4.13208239681152      h
    2.33037964350109      3.75876903995044     -6.06502221242426      h
    6.48144963838772     -2.21477170318884     -5.82273911094073      h
    5.41169323083280     -3.98567157347224     -3.16877605552415      h
    7.18871439665457     -1.19033444307475     -2.70313970929303      h
    2.25417079284725     -1.70754871751606     -8.18757838926287      h
   -0.68123802550340     -0.76878862032002     -6.76787513131830      h
    0.68788919065772     -3.70130382630957     -5.96534258628434      h
   -2.99810318385574      7.36212416646970      2.38653095502042      h
   -2.41866693871903      4.57096192309515      4.21279066499301      h
   -4.37558731805124      4.39991083357623      1.50502085174666      h
    1.55116900932613      8.57726726696989      2.03234555223135      h
    4.07267541407496      6.83878105857826      0.66242477082898      h
    2.94005516104865      6.03081112218121      3.72170684906472      h
    1.20292950980845      6.81089808191396     -3.48128936145406      h
   -1.37450041359164      8.28317477666653     -1.90774708910356      h
   -1.89185887367237      5.46627716851447     -3.69792807909863      h
   -1.55681784891426     -7.23488530919775      3.62079628805465      h
   -2.70956771366575     -4.12857189857995      4.27688143749057      h
    0.50704056216056     -4.85517234122950      4.82387585320917      h
    3.64160114301908     -6.47853783818329      0.14157782972031      h
    1.98037007468097     -6.57478208240743     -2.76710778169481      h
    0.99849527083896     -8.52571980953939     -0.22022269817227      h
   -3.12843252751522     -4.87271019335840     -3.29759274881638      h
   -4.91933769069780     -4.33159140069941     -0.53770196002771      h
   -3.43010129127258     -7.33360400218949     -0.98592888731266      h
$redundant
     number_of_atoms            66
     degrees_of_freedom        192
     internal_coordinates      192
     frozen_coordinates          0
# definitions of redundant internals
   1 k  1.0000000000000 stre    1   25           val=   3.11755
   2 k -0.5393638424503 bend    3   25    1      val=   8.50534
       -0.3721664416829 bend    6   25    1
        0.4944197096911 bend    5   25    1
        0.5710761208554 bend    2   25    1
   3 k -0.4527065963717 bend    3   25    1      val=   4.42706
        0.6096111113299 bend    6   25    1
       -0.5066407967296 bend    5   25    1
        0.4083456056257 bend    2   25    1
   4 k  1.0000000000000 stre    8   26           val=   2.07378
   5 k  0.7071068535491 bend    9   26    8      val=   0.75518
       -0.7071067088240 bend    7   26    8
   6 k  1.0000000000000 outp   26    7    9    8 val=   0.15632
   7 k  1.0000000000000 stre    9   27           val=   2.07539
   8 k -0.7071067807739 bend    8   27    9      val=   0.35124
        0.7071067815992 bend   10   27    9
   9 k  1.0000000000000 outp   27   10    8    9 val=  -0.03311
  10 k  1.0000000000000 stre   10   28           val=   2.07299
  11 k  0.7071067813934 bend   11   28   10      val=   0.03917
       -0.7071067809797 bend    9   28   10
  12 k  1.0000000000000 outp   28    9   11   10 val=  -0.02629
  13 k  1.0000000000000 stre   11   29           val=   2.07624
  14 k -0.7071067798176 bend   12   29   11      val=   0.41330
        0.7071067825555 bend   10   29   11
  15 k  1.0000000000000 outp   29   10   12   11 val=  -0.03830
  16 k  1.0000000000000 stre   12   30           val=   2.07228
  17 k  0.7071086765614 bend   11   30   12      val=   1.37675
       -0.7071048858067 bend    7   30   12
  18 k  1.0000000000000 outp   30    7   11   12 val=   0.69085
  19 k  1.0000000000000 tors   33   13    3    1 val=  62.21217
        1.0000000000000 tors   33   13    3   14
        1.0000000000000 tors   33   13    3   15
        1.0000000000000 tors   31   13    3    1
        1.0000000000000 tors   31   13    3   14
        1.0000000000000 tors   31   13    3   15
        1.0000000000000 tors   32   13    3    1
        1.0000000000000 tors   32   13    3   14
        1.0000000000000 tors   32   13    3   15
  20 k  1.0000000000000 stre   13   33           val=   2.08056
  21 k  1.0000000000000 stre   13   31           val=   2.08940
  22 k  1.0000000000000 stre   13   32           val=   2.09385
  23 k  0.3874864686193 bend   31   33   13      val=   0.76951
        0.4350297958001 bend   32   33   13
        0.4189277019331 bend   32   31   13
       -0.4072640469490 bend    3   33   13
       -0.4055350939030 bend    3   31   13
       -0.3934211199617 bend    3   32   13
  24 k  0.7401462421426 bend   31   33   13      val=   0.57560
       -0.2406438985067 bend   32   33   13
       -0.4504324600814 bend   32   31   13
        0.2206276407829 bend    3   33   13
        0.1121451764305 bend    3   31   13
       -0.3607375178502 bend    3   32   13
  25 k  0.1344928680715 bend   31   33   13      val=   0.53801
       -0.6887807968804 bend   32   33   13
        0.5806460014553 bend   32   31   13
       -0.2659919820284 bend    3   33   13
        0.3106244861033 bend    3   31   13
       -0.0557099399591 bend    3   32   13
  26 k -0.3104554579135 bend   31   33   13      val=   0.20898
        0.0037926292989 bend   32   33   13
        0.3079257391738 bend   32   31   13
        0.6379408587154 bend    3   33   13
       -0.0001813104886 bend    3   31   13
       -0.6338897314809 bend    3   32   13
  27 k -0.1742119983584 bend   31   33   13      val=  -0.12061
        0.3348377970895 bend   32   33   13
       -0.1669162791099 bend   32   31   13
       -0.3700344862414 bend    3   33   13
        0.7473419358228 bend    3   31   13
       -0.3663704341088 bend    3   32   13
  28 k  1.0000000000000 tors   34   14    3    1 val=  60.93969
        1.0000000000000 tors   34   14    3   13
        1.0000000000000 tors   34   14    3   15
        1.0000000000000 tors   36   14    3    1
        1.0000000000000 tors   36   14    3   13
        1.0000000000000 tors   36   14    3   15
        1.0000000000000 tors   35   14    3    1
        1.0000000000000 tors   35   14    3   13
        1.0000000000000 tors   35   14    3   15
  29 k  1.0000000000000 stre   14   34           val=   2.08685
  30 k  1.0000000000000 stre   14   36           val=   2.08822
  31 k  1.0000000000000 stre   14   35           val=   2.09427
  32 k  0.4063396639773 bend   36   34   14      val=   0.71176
        0.4192302719065 bend   35   34   14
        0.4153096538602 bend   35   36   14
       -0.4048526432004 bend    3   34   14
       -0.4040444299790 bend    3   36   14
       -0.3993674797765 bend    3   35   14
  33 k  0.7273087464187 bend   36   34   14      val=   0.19487
       -0.2290435785096 bend   35   34   14
       -0.4837983791912 bend   35   36   14
        0.2311166652977 bend    3   34   14
        0.1068491280288 bend    3   36   14
       -0.3459313597803 bend    3   35   14
  34 k  0.1525609497529 bend   36   34   14      val=   0.27141
       -0.7015864448549 bend   35   34   14
        0.5573854376932 bend   35   36   14
       -0.2568822872332 bend    3   34   14
        0.3215686693747 bend    3   36   14
       -0.0665445131948 bend    3   35   14
  35 k -0.2838285690630 bend   36   34   14      val=   0.09305
       -0.0343094894641 bend   35   34   14
        0.3200369739018 bend   35   36   14
        0.6744985098524 bend    3   34   14
       -0.0793396115677 bend    3   36   14
       -0.5954809181622 bend    3   35   14
  36 k -0.2036431912572 bend   36   34   14      val=  -0.22086
        0.3379999444488 bend   35   34   14
       -0.1358200203769 bend   35   36   14
       -0.3014543333414 bend    3   34   14
        0.7385834992366 bend    3   36   14
       -0.4352678598715 bend    3   35   14
  37 k  1.0000000000000 tors   37   15    3    1 val=  63.37131
        1.0000000000000 tors   37   15    3   13
        1.0000000000000 tors   37   15    3   14
        1.0000000000000 tors   39   15    3    1
        1.0000000000000 tors   39   15    3   13
        1.0000000000000 tors   39   15    3   14
        1.0000000000000 tors   38   15    3    1
        1.0000000000000 tors   38   15    3   13
        1.0000000000000 tors   38   15    3   14
  38 k  1.0000000000000 stre   15   37           val=   2.08809
  39 k  1.0000000000000 stre   15   39           val=   2.08932
  40 k  1.0000000000000 stre   15   38           val=   2.09432
  41 k  0.3346267291380 bend   39   37   15      val=   0.44000
        0.4540564165846 bend   38   37   15
        0.4397601310088 bend   38   39   15
       -0.4132946661316 bend    3   37   15
       -0.4133326172550 bend    3   39   15
       -0.3831610840629 bend    3   38   15
  42 k  0.7635866435780 bend   39   37   15      val=   1.67452
       -0.2213278871722 bend   38   37   15
       -0.4016004848456 bend   38   39   15
        0.2001501385413 bend    3   37   15
        0.1116033158939 bend    3   39   15
       -0.3926207796389 bend    3   38   15
  43 k  0.1175112881167 bend   39   37   15      val=   0.80769
       -0.6829697592164 bend   38   37   15
        0.6036730358357 bend   38   39   15
       -0.2579778259633 bend    3   37   15
        0.2933590801372 bend    3   39   15
       -0.0520592199156 bend    3   38   15
  44 k -0.3745233620871 bend   39   37   15      val=  -0.05551
        0.1670428236223 bend   38   37   15
        0.1909386292543 bend   38   39   15
        0.3883741333765 bend    3   37   15
        0.3602126728449 bend    3   39   15
       -0.7174843197114 bend    3   38   15
  45 k -0.0049298749365 bend   39   37   15      val=  -0.37521
        0.2794977889435 bend   38   37   15
       -0.2783851167623 bend   38   39   15
       -0.6372281027654 bend    3   37   15
        0.6617648556775 bend    3   39   15
       -0.0191319081705 bend    3   38   15
  46 k  1.0000000000000 tors   42   16    4    1 val=  52.26474
        1.0000000000000 tors   42   16    4   17
        1.0000000000000 tors   42   16    4   18
        1.0000000000000 tors   41   16    4    1
        1.0000000000000 tors   41   16    4   17
        1.0000000000000 tors   41   16    4   18
        1.0000000000000 tors   40   16    4    1
        1.0000000000000 tors   40   16    4   17
        1.0000000000000 tors   40   16    4   18
  47 k  1.0000000000000 stre   16   42           val=   2.08652
  48 k  1.0000000000000 stre   16   41           val=   2.09114
  49 k  1.0000000000000 stre   16   40           val=   2.09435
  50 k  0.3768450797247 bend   41   42   16      val=   0.47240
        0.4204764535803 bend   40   42   16
        0.4368037178086 bend   40   41   16
       -0.4110766044809 bend    4   42   16
       -0.4059366035322 bend    4   41   16
       -0.3957541523997 bend    4   40   16
  51 k  0.7485447068097 bend   41   42   16      val=   1.08371
       -0.4216316207592 bend   40   42   16
       -0.2603936091893 bend   40   41   16
        0.1287608040792 bend    4   42   16
        0.2059382900113 bend    4   41   16
       -0.3675769886932 bend    4   40   16
  52 k  0.1025714429134 bend   41   42   16      val=   0.43821
        0.6041626306903 bend   40   42   16
       -0.6789543578826 bend   40   41   16
        0.2999689390093 bend    4   42   16
       -0.2669067752251 bend    4   41   16
       -0.0476130618309 bend    4   40   16
  53 k -0.3620669653011 bend   41   42   16      val=  -0.50122
        0.1905597062717 bend   40   42   16
        0.1624528305671 bend   40   41   16
        0.3449479785292 bend    4   42   16
        0.3965044838933 bend    4   41   16
       -0.7280100790409 bend    4   40   16
  54 k -0.0121859038194 bend   41   42   16      val=   0.00067
       -0.2798460293179 bend   40   42   16
        0.2915917050144 bend   40   41   16
        0.6631376087965 bend    4   42   16
       -0.6291469035687 bend    4   41   16
       -0.0305723194989 bend    4   40   16
  55 k  1.0000000000000 tors   44   17    4    1 val=  56.17919
        1.0000000000000 tors   44   17    4   16
        1.0000000000000 tors   44   17    4   18
        1.0000000000000 tors   45   17    4    1
        1.0000000000000 tors   45   17    4   16
        1.0000000000000 tors   45   17    4   18
        1.0000000000000 tors   43   17    4    1
        1.0000000000000 tors   43   17    4   16
        1.0000000000000 tors   43   17    4   18
  56 k  1.0000000000000 stre   17   44           val=   2.08537
  57 k  1.0000000000000 stre   17   45           val=   2.08969
  58 k  1.0000000000000 stre   17   43           val=   2.09407
  59 k  0.3958922032061 bend   45   44   17      val=   0.81091
        0.4296657090489 bend   43   44   17
        0.4172816590967 bend   43   45   17
       -0.4041376424970 bend    4   44   17
       -0.4054850767160 bend    4   45   17
       -0.3959638586628 bend    4   43   17
  60 k  0.7467301457628 bend   45   44   17      val=   0.49860
       -0.3310252931816 bend   43   44   17
       -0.3788913269966 bend   43   45   17
        0.1838908408620 bend    4   44   17
        0.1578878815542 bend    4   45   17
       -0.3612662211102 bend    4   43   17
  61 k  0.0338585578102 bend   45   44   17      val=   0.11641
       -0.6514709622411 bend   43   44   17
        0.6315173037109 bend   43   45   17
       -0.2934213529131 bend    4   44   17
        0.2988797123349 bend    4   45   17
       -0.0141388027326 bend    4   43   17
  62 k -0.3011564156618 bend   45   44   17      val=  -0.11352
       -0.0098978142304 bend   43   44   17
        0.3105664087020 bend   43   45   17
        0.6537926780302 bend    4   44   17
       -0.0311433841213 bend    4   45   17
       -0.6199520756838 bend    4   43   17
  63 k -0.1891216549150 bend   45   44   17      val=   0.15162
        0.3426124179602 bend   43   44   17
       -0.1561829876361 bend   43   45   17
       -0.3435859066689 bend    4   44   17
        0.7423965145191 bend    4   45   17
       -0.3914750886623 bend    4   43   17
  64 k  1.0000000000000 tors   47   18    4    1 val=  55.24856
        1.0000000000000 tors   47   18    4   16
        1.0000000000000 tors   47   18    4   17
        1.0000000000000 tors   48   18    4    1
        1.0000000000000 tors   48   18    4   16
        1.0000000000000 tors   48   18    4   17
        1.0000000000000 tors   46   18    4    1
        1.0000000000000 tors   46   18    4   16
        1.0000000000000 tors   46   18    4   17
  65 k  1.0000000000000 stre   18   47           val=   2.08984
  66 k  1.0000000000000 stre   18   48           val=   2.09010
  67 k  1.0000000000000 stre   18   46           val=   2.09436
  68 k  0.3396266208539 bend   48   47   18      val=   0.36858
        0.4560218129966 bend   46   47   18
        0.4315962975488 bend   46   48   18
       -0.4097882766439 bend    4   47   18
       -0.4176140732334 bend    4   48   18
       -0.3848305530795 bend    4   46   18
  69 k  0.7711961022863 bend   48   47   18      val=   1.39160
       -0.3428798238268 bend   46   47   18
       -0.2953438451083 bend   46   48   18
        0.1440270954737 bend    4   47   18
        0.1657570529249 bend    4   48   18
       -0.3901830423822 bend    4   46   18
  70 k -0.0219440271338 bend   48   47   18      val=  -0.16154
       -0.6276233352246 bend   46   47   18
        0.6684683970444 bend   46   48   18
       -0.2939623346777 bend    4   47   18
        0.2688521824344 bend    4   48   18
        0.0078778613047 bend    4   46   18
  71 k -0.3618695800633 bend   48   47   18      val=   0.13272
        0.1217900848828 bend   46   47   18
        0.2270449216660 bend   46   48   18
        0.4894822459510 bend    4   47   18
        0.2462264578294 bend    4   48   18
       -0.7088355579105 bend    4   46   18
  72 k -0.0690706790750 bend   48   47   18      val=   0.76852
        0.3105840738207 bend   46   47   18
       -0.2427795913816 bend   46   48   18
       -0.5650595145176 bend    4   47   18
        0.7091118447152 bend    4   48   18
       -0.1330149658024 bend    4   46   18
  73 k  1.0000000000000 tors   51   19    5    1 val=  61.90996
        1.0000000000000 tors   51   19    5   20
        1.0000000000000 tors   51   19    5   21
        1.0000000000000 tors   50   19    5    1
        1.0000000000000 tors   50   19    5   20
        1.0000000000000 tors   50   19    5   21
        1.0000000000000 tors   49   19    5    1
        1.0000000000000 tors   49   19    5   20
        1.0000000000000 tors   49   19    5   21
  74 k  1.0000000000000 stre   19   51           val=   2.08606
  75 k  1.0000000000000 stre   19   50           val=   2.08904
  76 k  1.0000000000000 stre   19   49           val=   2.09412
  77 k  0.3515234894434 bend   50   51   19      val=   0.07751
        0.4374892523670 bend   49   51   19
        0.4339625009717 bend   49   50   19
       -0.4152423651958 bend    5   51   19
       -0.4147221984321 bend    5   50   19
       -0.3902437884932 bend    5   49   19
  78 k  0.7674840844478 bend   50   51   19      val=   1.09889
       -0.3322256143193 bend   49   51   19
       -0.3287468504074 bend   49   50   19
        0.1559599267730 bend    5   51   19
        0.1565858127223 bend    5   50   19
       -0.3790477729150 bend    5   49   19
  79 k -0.0003840256635 bend   50   51   19      val=   0.04684
       -0.6458556896571 bend   49   51   19
        0.6493288247460 bend   49   50   19
       -0.2854740955222 bend    5   51   19
        0.2823917752596 bend    5   50   19
        0.0013356898451 bend    5   49   19
  80 k -0.3600539547307 bend   50   51   19      val=   0.05430
        0.1652743179300 bend   49   51   19
        0.1857731512854 bend   49   50   19
        0.3945326180624 bend    5   51   19
        0.3526204771009 bend    5   50   19
       -0.7270052944725 bend    5   49   19
  81 k -0.0118224329823 bend   50   51   19      val=   0.00754
        0.2888396029602 bend   49   51   19
       -0.2786565632053 bend   49   50   19
       -0.6342132210013 bend    5   51   19
        0.6603024116196 bend    5   50   19
       -0.0235955321899 bend    5   49   19
  82 k  1.0000000000000 tors   54   20    5    1 val=  64.90633
        1.0000000000000 tors   54   20    5   19
        1.0000000000000 tors   54   20    5   21
        1.0000000000000 tors   53   20    5    1
        1.0000000000000 tors   53   20    5   19
        1.0000000000000 tors   53   20    5   21
        1.0000000000000 tors   52   20    5    1
        1.0000000000000 tors   52   20    5   19
        1.0000000000000 tors   52   20    5   21
  83 k  1.0000000000000 stre   20   54           val=   2.08813
  84 k  1.0000000000000 stre   20   53           val=   2.09007
  85 k  1.0000000000000 stre   20   52           val=   2.09360
  86 k  0.4287446105445 bend   53   54   20      val=   0.79520
        0.4159401699486 bend   52   54   20
        0.3979491006931 bend   52   53   20
       -0.4003732047517 bend    5   54   20
       -0.4021193082665 bend    5   53   20
       -0.4034968476281 bend    5   52   20
  87 k -0.6125299881950 bend   53   54   20      val=   0.72377
       -0.0150279810913 bend   52   54   20
        0.6626840481442 bend   52   53   20
       -0.3194068551406 bend    5   54   20
        0.0158382975740 bend    5   53   20
        0.2883737763746 bend    5   52   20
  88 k  0.4013991876858 bend   53   54   20      val=   0.15630
       -0.7408266172169 bend   52   54   20
        0.3425074935382 bend   52   53   20
       -0.1647508871653 bend    5   54   20
        0.3394864030218 bend    5   53   20
       -0.1742106757920 bend    5   52   20
  89 k  0.1874782909152 bend   53   54   20      val=  -0.32042
        0.1621729888898 bend   52   54   20
       -0.3572021666527 bend   52   53   20
       -0.7313463325239 bend    5   54   20
        0.3422708685294 bend    5   53   20
        0.3986748282857 bend    5   52   20
  90 k  0.2827930223888 bend   53   54   20      val=   0.10087
       -0.2981554807665 bend   52   54   20
        0.0132523275055 bend   52   53   20
        0.0343221315247 bend    5   54   20
       -0.6589919981185 bend    5   53   20
        0.6288937345022 bend    5   52   20
  91 k  1.0000000000000 tors   57   21    5    1 val=  44.08265
        1.0000000000000 tors   57   21    5   19
        1.0000000000000 tors   57   21    5   20
        1.0000000000000 tors   55   21    5    1
        1.0000000000000 tors   55   21    5   19
        1.0000000000000 tors   55   21    5   20
        1.0000000000000 tors   56   21    5    1
        1.0000000000000 tors   56   21    5   19
        1.0000000000000 tors   56   21    5   20
  92 k  1.0000000000000 stre   21   57           val=   2.08748
  93 k  1.0000000000000 stre   21   55           val=   2.08796
  94 k  1.0000000000000 stre   21   56           val=   2.09319
  95 k -0.4189095290142 bend   55   57   21      val=   0.05820
       -0.4089961571983 bend   56   57   21
       -0.3952366819644 bend   56   55   21
        0.4039086032876 bend    5   57   21
        0.4104932671059 bend    5   55   21
        0.4115556256192 bend    5   56   21
  96 k  0.7364476649239 bend   55   57   21      val=   0.18722
       -0.4119787802959 bend   56   57   21
       -0.3407042790827 bend   56   55   21
        0.1554026237849 bend    5   57   21
        0.1931923526983 bend    5   55   21
       -0.3322132673575 bend    5   56   21
  97 k  0.0384651371847 bend   55   57   21      val=   0.38781
        0.6174041161766 bend   56   57   21
       -0.6681682045104 bend   56   55   21
        0.3063377942203 bend    5   57   21
       -0.2772550052385 bend    5   55   21
       -0.0130636493099 bend    5   56   21
  98 k  0.0931402738245 bend   55   57   21      val=   0.96568
        0.2355059962924 bend   56   57   21
       -0.3255694103032 bend   56   55   21
       -0.7213353181376 bend    5   57   21
        0.5150467043761 bend    5   55   21
        0.2104011057381 bend    5   56   21
  99 k  0.3250871601975 bend   55   57   21      val=   0.44443
       -0.2455090088755 bend   56   57   21
       -0.0805306491811 bend   56   55   21
       -0.1751399567866 bend    5   57   21
       -0.5347269738301 bend    5   55   21
        0.7148087425133 bend    5   56   21
 100 k  1.0000000000000 tors   59   22    6    1 val=  62.89320
        1.0000000000000 tors   59   22    6   23
        1.0000000000000 tors   59   22    6   24
        1.0000000000000 tors   60   22    6    1
        1.0000000000000 tors   60   22    6   23
        1.0000000000000 tors   60   22    6   24
        1.0000000000000 tors   58   22    6    1
        1.0000000000000 tors   58   22    6   23
        1.0000000000000 tors   58   22    6   24
 101 k  1.0000000000000 stre   22   59           val=   2.08789
 102 k  1.0000000000000 stre   22   60           val=   2.08854
 103 k  1.0000000000000 stre   22   58           val=   2.09347
 104 k  0.3617833774500 bend   60   59   22      val=   0.43153
        0.4203878289422 bend   58   59   22
        0.4495524230049 bend   58   60   22
       -0.4116809437940 bend    6   59   22
       -0.4096490545522 bend    6   60   22
       -0.3911469451114 bend    6   58   22
 105 k  0.7155750567512 bend   60   59   22      val=   0.86162
       -0.5246563916662 bend   58   59   22
       -0.1128913128272 bend   58   60   22
        0.0550051640571 bend    6   59   22
        0.2586688665022 bend    6   60   22
       -0.3605667895925 bend    6   58   22
 106 k  0.2629334383324 bend   60   59   22      val=   1.35624
        0.5140886499347 bend   58   59   22
       -0.7114488432240 bend   58   60   22
        0.3116006381286 bend    6   59   22
       -0.2232563019568 bend    6   60   22
       -0.1161080378125 bend    6   58   22
 107 k -0.3644050014614 bend   60   59   22      val=  -0.05240
        0.1984217155032 bend   58   59   22
        0.1566862208691 bend   58   60   22
        0.3501001584104 bend    6   59   22
        0.3940458045595 bend    6   60   22
       -0.7248758713784 bend    6   58   22
 108 k -0.0058938529622 bend   60   59   22      val=  -0.81028
       -0.2859849911701 bend   58   59   22
        0.2847525051241 bend   58   60   22
        0.6667192815634 bend    6   59   22
       -0.6257479975368 bend    6   60   22
       -0.0319171007226 bend    6   58   22
 109 k  1.0000000000000 tors   61   23    6    1 val=  54.23282
        1.0000000000000 tors   61   23    6   22
        1.0000000000000 tors   61   23    6   24
        1.0000000000000 tors   62   23    6    1
        1.0000000000000 tors   62   23    6   22
        1.0000000000000 tors   62   23    6   24
        1.0000000000000 tors   63   23    6    1
        1.0000000000000 tors   63   23    6   22
        1.0000000000000 tors   63   23    6   24
 110 k  1.0000000000000 stre   23   61           val=   2.08306
 111 k  1.0000000000000 stre   23   62           val=   2.09008
 112 k  1.0000000000000 stre   23   63           val=   2.09380
 113 k  0.4100845959758 bend   62   61   23      val=   0.76058
        0.4405420138605 bend   63   61   23
        0.3907534731806 bend   63   62   23
       -0.4011174427070 bend    6   61   23
       -0.4058573120136 bend    6   62   23
       -0.3993115585677 bend    6   63   23
 114 k -0.6303772512840 bend   62   61   23      val=   0.53557
        0.0132985994777 bend   63   61   23
        0.6381060994743 bend   63   62   23
       -0.3173691815314 bend    6   61   23
        0.0030057300729 bend    6   62   23
        0.3074671402446 bend    6   63   23
 115 k  0.3914408231759 bend   62   61   23      val=   1.04128
       -0.7275413651583 bend   63   61   23
        0.3905549626716 bend   63   62   23
       -0.1805512457139 bend    6   61   23
        0.3236489824872 bend    6   62   23
       -0.1660633881197 bend    6   63   23
 116 k  0.2503389374578 bend   62   61   23      val=  -0.44791
        0.0927266390298 bend   63   61   23
       -0.3541620561075 bend   63   62   23
       -0.7052109999874 bend    6   61   23
        0.2035423069501 bend    6   62   23
        0.5143436590439 bend    6   63   23
 117 k -0.2397121501079 bend   62   61   23      val=  -0.29625
        0.3149999022360 bend   63   61   23
       -0.0812643222969 bend   63   62   23
       -0.1812807662964 bend    6   61   23
        0.7226960291168 bend    6   62   23
       -0.5306194397808 bend    6   63   23
 118 k  1.0000000000000 tors   65   24    6    1 val=  55.28460
        1.0000000000000 tors   65   24    6   22
        1.0000000000000 tors   65   24    6   23
        1.0000000000000 tors   64   24    6    1
        1.0000000000000 tors   64   24    6   22
        1.0000000000000 tors   64   24    6   23
        1.0000000000000 tors   66   24    6    1
        1.0000000000000 tors   66   24    6   22
        1.0000000000000 tors   66   24    6   23
 119 k  1.0000000000000 stre   24   65           val=   2.08581
 120 k  1.0000000000000 stre   24   64           val=   2.08593
 121 k  1.0000000000000 stre   24   66           val=   2.09468
 122 k  0.3625091601430 bend   64   65   24      val=   0.18315
        0.4241181824877 bend   66   65   24
        0.4392944870877 bend   66   64   24
       -0.4170341478761 bend    6   65   24
       -0.4125385777144 bend    6   64   24
       -0.3893914111953 bend    6   66   24
 123 k  0.7637715623558 bend   64   65   24      val=   0.26394
       -0.2954582813546 bend   66   65   24
       -0.3836042242412 bend   66   64   24
        0.1713726063898 bend    6   65   24
        0.1327535120461 bend    6   64   24
       -0.3677133917584 bend    6   66   24
 124 k -0.0477658554605 bend   64   65   24      val=   0.03430
        0.6716275547341 bend   66   65   24
       -0.6140666140773 bend   66   64   24
        0.2764988563934 bend    6   65   24
       -0.3044294225092 bend    6   64   24
        0.0206918673273 bend    6   66   24
 125 k -0.3465912381099 bend   64   65   24      val=   1.14865
        0.1917167988297 bend   66   65   24
        0.1562976658417 bend   66   64   24
        0.3324768450166 bend    6   65   24
        0.4142611369727 bend    6   64   24
       -0.7324869147543 bend    6   66   24
 126 k -0.0212923824225 bend   64   65   24      val=   0.35784
       -0.2799558615406 bend   66   65   24
        0.3011933232050 bend   66   64   24
        0.6679772458194 bend    6   65   24
       -0.6182244769332 bend    6   64   24
       -0.0453743020310 bend    6   66   24
 127 k  1.0000000000000 tors   15    3    1    4 val=  86.08077
        1.0000000000000 tors   15    3    1    5
        1.0000000000000 tors   15    3    1    6
        1.0000000000000 tors   13    3    1    4
        1.0000000000000 tors   13    3    1    5
        1.0000000000000 tors   13    3    1    6
        1.0000000000000 tors   14    3    1    4
        1.0000000000000 tors   14    3    1    5
        1.0000000000000 tors   14    3    1    6
 128 k  1.0000000000000 stre    3   15           val=   3.51331
 129 k  1.0000000000000 stre    3   13           val=   3.52666
 130 k  1.0000000000000 stre    3   14           val=   3.52766
 131 k  0.4688819656868 bend   13   15    3      val=   3.44157
        0.4464089681784 bend   14   15    3
        0.4511120694658 bend   14   13    3
       -0.3435450139137 bend    1   15    3
       -0.3532942391146 bend    1   13    3
       -0.3667787346471 bend    1   14    3
 132 k -0.4280376748613 bend   13   15    3      val=   0.33617
        0.4158979213880 bend   14   15    3
        0.0377994425972 bend   14   13    3
       -0.0385578142515 bend    1   15    3
       -0.5553899120652 bend    1   13    3
        0.5765754161947 bend    1   14    3
 133 k  0.2334200237113 bend   13   15    3      val=   1.77849
        0.2798220166047 bend   14   15    3
       -0.5022601651526 bend   14   13    3
        0.6557332925556 bend    1   15    3
       -0.3328280876100 bend    1   13    3
       -0.2723761575228 bend    1   14    3
 134 k  0.2295459057276 bend   13   15    3      val=   3.94439
        0.4172561298329 bend   14   15    3
       -0.6232541733636 bend   14   13    3
       -0.4953361151378 bend    1   15    3
        0.3226197189116 bend    1   13    3
        0.1879331920525 bend    1   14    3
 135 k  0.6110574946250 bend   13   15    3      val=   2.14079
       -0.5069187013114 bend   14   15    3
       -0.1050314839157 bend   14   13    3
       -0.0769794999835 bend    1   15    3
       -0.3705787658253 bend    1   13    3
        0.4640647485121 bend    1   14    3
 136 k  1.0000000000000 tors   18    4    1    2 val=  74.77526
        1.0000000000000 tors   18    4    1    3
        1.0000000000000 tors   18    4    1    5
        1.0000000000000 tors   18    4    1    6
        1.0000000000000 tors   16    4    1    2
        1.0000000000000 tors   16    4    1    3
        1.0000000000000 tors   16    4    1    5
        1.0000000000000 tors   16    4    1    6
        1.0000000000000 tors   17    4    1    2
        1.0000000000000 tors   17    4    1    3
        1.0000000000000 tors   17    4    1    5
        1.0000000000000 tors   17    4    1    6
 137 k  1.0000000000000 stre    4   18           val=   3.51333
 138 k  1.0000000000000 stre    4   16           val=   3.51798
 139 k  1.0000000000000 stre    4   17           val=   3.52578
 140 k  0.4572898558607 bend   16   18    4      val=   3.42101
        0.4525191859629 bend   17   18    4
        0.4539722708779 bend   17   16    4
       -0.3518208695800 bend    1   18    4
       -0.3595472720998 bend    1   16    4
       -0.3563276388241 bend    1   17    4
 141 k -0.3813762455898 bend   16   18    4      val=   0.46924
        0.4789582137816 bend   17   18    4
       -0.0914263676799 bend   17   16    4
        0.1239732634943 bend    1   18    4
       -0.6026793163603 bend    1   16    4
        0.4880580699198 bend    1   17    4
 142 k  0.3434899689096 bend   16   18    4      val=   0.80645
        0.1737005241509 bend   17   18    4
       -0.5105540643598 bend   17   16    4
        0.6235493129703 bend    1   18    4
       -0.1999362076487 bend    1   16    4
       -0.4029752891917 bend    1   17    4
 143 k  0.3446901994408 bend   16   18    4      val=   1.79008
        0.2896927610715 bend   17   18    4
       -0.6237552826925 bend   17   16    4
       -0.5183848923082 bend    1   18    4
        0.2350879377924 bend    1   16    4
        0.2901842222391 bend    1   17    4
 144 k -0.5330287684530 bend   16   18    4      val=   0.40878
        0.5750883274989 bend   17   18    4
       -0.0345877501685 bend   17   16    4
       -0.0259137359435 bend    1   18    4
        0.4494775661066 bend    1   16    4
       -0.4257415072208 bend    1   17    4
 145 k  1.0000000000000 tors   19    5    1    2 val=  79.54014
        1.0000000000000 tors   19    5    1    3
        1.0000000000000 tors   19    5    1    4
        1.0000000000000 tors   21    5    1    2
        1.0000000000000 tors   21    5    1    3
        1.0000000000000 tors   21    5    1    4
        1.0000000000000 tors   20    5    1    2
        1.0000000000000 tors   20    5    1    3
        1.0000000000000 tors   20    5    1    4
 146 k  1.0000000000000 stre    5   19           val=   3.49778
 147 k  1.0000000000000 stre    5   21           val=   3.51367
 148 k  1.0000000000000 stre    5   20           val=   3.53162
 149 k  0.4566054970919 bend   21   19    5      val=   3.57097
        0.4413951852089 bend   20   19    5
        0.4672138002184 bend   20   21    5
       -0.3456790008523 bend    1   19    5
       -0.3503045088549 bend    1   21    5
       -0.3690335416071 bend    1   20    5
 150 k  0.5097734525214 bend   21   19    5      val=   2.04908
       -0.3110906929141 bend   20   19    5
       -0.1871681546848 bend   20   21    5
        0.2292269260656 bend    1   19    5
        0.4346885444115 bend    1   21    5
       -0.6056587946051 bend    1   20    5
 151 k  0.1162356864177 bend   21   19    5      val=   4.67729
        0.4490674992863 bend   20   19    5
       -0.4964794827256 bend   20   21    5
        0.5821468282443 bend    1   19    5
       -0.4402394100929 bend    1   21    5
       -0.0750340035339 bend    1   20    5
 152 k  0.2095300294753 bend   21   19    5      val=   5.52968
        0.4067034639551 bend   20   19    5
       -0.5709081265260 bend   20   21    5
       -0.5463257093766 bend    1   19    5
        0.3584612671609 bend    1   21    5
        0.1943890671850 bend    1   20    5
 153 k  0.6095060443211 bend   21   19    5      val=   4.00152
       -0.4748853834897 bend   20   19    5
       -0.1137332402201 bend   20   21    5
       -0.0815050275928 bend    1   19    5
       -0.3855740893798 bend    1   21    5
        0.4845003164384 bend    1   20    5
 154 k  1.0000000000000 tors   24    6    1    2 val=  72.40934
        1.0000000000000 tors   24    6    1    3
        1.0000000000000 tors   24    6    1    4
        1.0000000000000 tors   22    6    1    2
        1.0000000000000 tors   22    6    1    3
        1.0000000000000 tors   22    6    1    4
        1.0000000000000 tors   23    6    1    2
        1.0000000000000 tors   23    6    1    3
        1.0000000000000 tors   23    6    1    4
 155 k  1.0000000000000 stre    6   24           val=   3.50124
 156 k  1.0000000000000 stre    6   22           val=   3.51149
 157 k  1.0000000000000 stre    6   23           val=   3.53007
 158 k  0.4418715023246 bend   22   24    6      val=   3.48360
        0.4498660819074 bend   23   24    6
        0.4702418339915 bend   23   22    6
       -0.3618281392503 bend    1   24    6
       -0.3453805203190 bend    1   22    6
       -0.3619881146914 bend    1   23    6
 159 k  0.5127511660981 bend   22   24    6      val=   2.27693
       -0.2439739195387 bend   23   24    6
       -0.2277317899840 bend   23   22    6
        0.3311210792247 bend    1   24    6
        0.3428843031773 bend    1   22    6
       -0.6312609489017 bend    1   23    6
 160 k -0.0142781316198 bend   22   24    6      val=   0.27652
       -0.4795950851735 bend   23   24    6
        0.4738671167716 bend   23   22    6
       -0.5175625260691 bend    1   24    6
        0.5263711032483 bend    1   22    6
        0.0172376956586 bend    1   23    6
 161 k  0.2972095856076 bend   22   24    6      val=   3.55280
       -0.6041487154975 bend   23   24    6
        0.3277301976038 bend   23   22    6
        0.3158238318276 bend    1   24    6
       -0.5344984251270 bend    1   22    6
        0.2320139007703 bend    1   23    6
 162 k  0.5870782207463 bend   22   24    6      val=   2.27163
       -0.0423609898863 bend   23   24    6
       -0.5131731611383 bend   23   22    6
       -0.4395495051021 bend    1   24    6
       -0.0074128802128 bend    1   22    6
        0.4437784331398 bend    1   23    6
 163 k  1.0000000000000 tors    6    1    2    7 val= 167.15986
        1.0000000000000 tors    4    1    2    7
        1.0000000000000 tors    5    1    2    7
 164 k  1.0000000000000 stre    1    3           val=   4.32903
 165 k  1.0000000000000 stre    1    6           val=   4.41691
 166 k  1.0000000000000 stre    1    4           val=   4.47336
 167 k  1.0000000000000 stre    1    5           val=   4.47456
 168 k -0.5853637340642 bend    6    3    1      val=   5.55847
       -0.2448556167165 bend    4    3    1
       -0.3160219414057 bend    4    6    1
        0.1449079711544 bend    5    3    1
        0.4905385534890 bend    5    4    1
        0.0420122474752 bend    2    6    1
        0.3059590573955 bend    2    4    1
        0.3748636979644 bend    2    5    1
 169 k -0.0532077978838 bend    6    3    1      val=   3.20499
       -0.3376733818076 bend    4    3    1
        0.3831905284196 bend    4    6    1
       -0.5769913587994 bend    5    3    1
       -0.1951789014971 bend    5    4    1
        0.4651128587850 bend    2    6    1
        0.3519254629465 bend    2    4    1
        0.1584780798612 bend    2    5    1
 170 k -0.0017030434370 bend    6    3    1      val=  65.93138
        0.6418169308607 bend    4    3    1
        0.4379062759229 bend    4    6    1
       -0.1787784045520 bend    5    3    1
        0.4821222712322 bend    5    4    1
       -0.1536204719939 bend    2    6    1
        0.3280211764246 bend    2    4    1
       -0.0265608068398 bend    2    5    1
 171 k -0.5592424702819 bend    6    3    1      val=   7.97013
        0.1418206096653 bend    4    3    1
        0.3909113764194 bend    4    6    1
        0.4789350184231 bend    5    3    1
       -0.2464762979582 bend    5    4    1
        0.3478326275927 bend    2    6    1
       -0.0418533723509 bend    2    4    1
       -0.3185192474102 bend    2    5    1
 172 k  0.2515007225612 bend    6    3    1      val=  12.17399
       -0.4489074515455 bend    4    3    1
        0.2120425194958 bend    4    6    1
        0.3593563107145 bend    5    3    1
        0.0138774944796 bend    5    4    1
       -0.3531477597306 bend    2    6    1
        0.5812527868274 bend    2    4    1
       -0.3136395560564 bend    2    5    1
 173 k  0.1836967481289 bend    6    3    1      val=   7.98973
       -0.0200123803585 bend    4    3    1
       -0.3464036026344 bend    4    6    1
       -0.0825170405213 bend    5    3    1
        0.4065646910020 bend    5    4    1
        0.5294884334800 bend    2    6    1
        0.0574175805276 bend    2    4    1
       -0.6245805502515 bend    2    5    1
 174 k  0.0983538194166 bend    6    3    1      val=  15.03778
       -0.4093046789504 bend    4    3    1
        0.4925329375338 bend    4    6    1
        0.0736247470474 bend    5    3    1
        0.5119201077448 bend    5    4    1
        0.0165195488821 bend    2    6    1
       -0.5562370625571 bend    2    4    1
        0.0552462314652 bend    2    5    1
 175 k  1.0000000000000 tors    1    2    7    8 val=  91.85892
        1.0000000000000 tors    1    2    7   12
 176 k  1.0000000000000 stre    2    1           val=   4.66819
 177 k  1.0000000000000 bend    7    1    2      val= 114.97011
 178 k  1.0000000000000 stre    7    2           val=   3.34481
 179 k  0.7071122823342 bend   12    2    7      val=   3.64548
       -0.7071012799961 bend    8    2    7
 180 k  1.0000000000000 outp    2    8   12    7 val=  -0.67430
 181 k  1.0000000000000 stre    7   12           val=   2.67190
 182 k  1.0000000000000 stre   12   11           val=   2.64964
 183 k  1.0000000000000 stre   11   10           val=   2.65115
 184 k  1.0000000000000 stre   10    9           val=   2.65738
 185 k  1.0000000000000 stre    9    8           val=   2.64314
 186 k  1.0000000000000 stre    8    7           val=   2.68002
 187 k -0.5000000000000 bend    7   11   12      val=  -1.26110
       -0.5000000000000 bend   12   10   11
        1.0000000000000 bend   11    9   10
       -0.5000000000000 bend   10    8    9
       -0.5000000000000 bend    9    7    8
        1.0000000000000 bend    8   12    7
 188 k  0.8660254037844 bend    7   11   12      val=  -0.04088
       -0.8660254037844 bend   12   10   11
        0.8660254037844 bend   10    8    9
       -0.8660254037844 bend    9    7    8
 189 k -1.0000000000000 bend    7   11   12      val=  -0.20116
        1.0000000000000 bend   12   10   11
       -1.0000000000000 bend   11    9   10
        1.0000000000000 bend   10    8    9
       -1.0000000000000 bend    9    7    8
        1.0000000000000 bend    8   12    7
 190 k -0.5000000000000 tors   12   11   10    9 val=   0.03954
       -0.5000000000000 tors   11   10    9    8
        1.0000000000000 tors   10    9    8    7
       -0.5000000000000 tors    9    8    7   12
       -0.5000000000000 tors    8    7   12   11
        1.0000000000000 tors    7   12   11   10
 191 k  0.8660254037844 tors   12   11   10    9 val=  -0.10817
       -0.8660254037844 tors   11   10    9    8
        0.8660254037844 tors    9    8    7   12
       -0.8660254037844 tors    8    7   12   11
 192 k -1.0000000000000 tors   12   11   10    9 val=   0.03062
        1.0000000000000 tors   11   10    9    8
       -1.0000000000000 tors   10    9    8    7
        1.0000000000000 tors    9    8    7   12
       -1.0000000000000 tors    8    7   12   11
        1.0000000000000 tors    7   12   11   10
       192 non zero eigenvalues  of BmBt
           1          10.800515683    1    0
         1
           2           5.267783297    2    0
         2
           3           4.847525155    3    0
         3
           4           4.638197372    4    0
         4
           5           4.504083372    5    0
         5
           6           4.348272633    6    0
         6
           7           4.256498054    7    0
         7
           8           4.245812865    8    0
         8
           9           3.806086666    9    0
         9
          10           3.787052668   10    0
        10
          11           3.749776072   11    0
        11
          12           3.702697671   12    0
        12
          13           3.657933027   13    0
        13
          14           3.650837164   14    0
        14
          15           3.645610706   15    0
        15
          16           3.637767890   16    0
        16
          17           3.621683650   17    0
        17
          18           3.540633856   18    0
        18
          19           3.519129744   19    0
        19
          20           3.477350389   20    0
        20
          21           3.453743557   21    0
        21
          22           3.441605162   22    0
        22
          23           3.411561148   23    0
        23
          24           3.357215409   24    0
        24
          25           3.310198448   25    0
        25
          26           3.282812204   26    0
        26
          27           3.280007376   27    0
        27
          28           3.268428375   28    0
        28
          29           3.255845671   29    0
        29
          30           3.251010000   30    0
        30
          31           3.240879015   31    0
        31
          32           3.238254466   32    0
        32
          33           3.219623548   33    0
        33
          34           3.196900598   34    0
        34
          35           3.152796100   35    0
        35
          36           3.142789182   36    0
        36
          37           3.119096284   37    0
        37
          38           3.098441588   38    0
        38
          39           3.093429310   39    0
        39
          40           3.086355792   40    0
        40
          41           3.083358125   41    0
        41
          42           3.079763237   42    0
        42
          43           3.075335788   43    0
        43
          44           3.070445052   44    0
        44
          45           3.063956176   45    0
        45
          46           3.049962919   46    0
        46
          47           3.044808476   47    0
        47
          48           2.975967793   48    0
        48
          49           2.620548903   49    0
        49
          50           1.943908004   50    0
        50
          51           1.905173619   51    0
        51
          52           1.884841312   52    0
        52
          53           1.844821447   53    0
        53
          54           1.721192004   54    0
        54
          55           1.689591593   55    0
        55
          56           1.611800789   56    0
        56
          57           1.572276229   57    0
        57
          58           1.512669188   58    0
        58
          59           1.492246561   59    0
        59
          60           1.445272809   60    0
        60
          61           1.428699916   61    0
        61
          62           1.422522343   62    0
        62
          63           1.410776692   63    0
        63
          64           1.396242138   64    0
        64
          65           1.356019675   65    0
        65
          66           1.341262955   66    0
        66
          67           1.157021948   67    0
        67
          68           1.005669166   68    0
        68
          69           0.890570937   69    0
        69
          70           0.875426289   70    0
        70
          71           0.872806364   71    0
        71
          72           0.868885364   72    0
        72
          73           0.866249944   73    0
        73
          74           0.854787500   74    0
        74
          75           0.853761266   75    0
        75
          76           0.851125083   76    0
        76
          77           0.848970274   77    0
        77
          78           0.847571490   78    0
        78
          79           0.847006511   79    0
        79
          80           0.843925001   80    0
        80
          81           0.843245698   81    0
        81
          82           0.829468457   82    0
        82
          83           0.819991595   83    0
        83
          84           0.818512497   84    0
        84
          85           0.815822029   85    0
        85
          86           0.814681582   86    0
        86
          87           0.805588377   87    0
        87
          88           0.803152972   88    0
        88
          89           0.800851100   89    0
        89
          90           0.797803855   90    0
        90
          91           0.794922765   91    0
        91
          92           0.719665394   92    0
        92
          93           0.694791055   93    0
        93
          94           0.693043703   94    0
        94
          95           0.691912113   95    0
        95
          96           0.690399573   96    0
        96
          97           0.690108536   97    0
        97
          98           0.689604712   98    0
        98
          99           0.689504529   99    0
        99
         100           0.689234256  100    0
       100
         101           0.689000327  101    0
       101
         102           0.688697058  102    0
       102
         103           0.687378455  103    0
       103
         104           0.686621333  104    0
       104
         105           0.685156743  105    0
       105
         106           0.681297167  106    0
       106
         107           0.673195785  107    0
       107
         108           0.671992153  108    0
       108
         109           0.671484944  109    0
       109
         110           0.667066321  110    0
       110
         111           0.666797416  111    0
       111
         112           0.666255697  112    0
       112
         113           0.664681089  113    0
       113
         114           0.663383654  114    0
       114
         115           0.662424625  115    0
       115
         116           0.654845212  116    0
       116
         117           0.601742362  117    0
       117
         118           0.585022360  118    0
       118
         119           0.525898377  119    0
       119
         120           0.418841559  120    0
       120
         121           0.393178019  121    0
       121
         122           0.380234300  122    0
       122
         123           0.351939037  123    0
       123
         124           0.351103002  124    0
       124
         125           0.342760334  125    0
       125
         126           0.341314672  126    0
       126
         127           0.339369764  127    0
       127
         128           0.339050279  128    0
       128
         129           0.338183776  129    0
       129
         130           0.337764300  130    0
       130
         131           0.337236258  131    0
       131
         132           0.336509008  132    0
       132
         133           0.336081168  133    0
       133
         134           0.333805241  134    0
       134
         135           0.331179074  135    0
       135
         136           0.308766513  136    0
       136
         137           0.304617782  137    0
       137
         138           0.296510486  138    0
       138
         139           0.295788035  139    0
       139
         140           0.294884923  140    0
       140
         141           0.293732999  141    0
       141
         142           0.291590098  142    0
       142
         143           0.290426358  143    0
       143
         144           0.289860485  144    0
       144
         145           0.288421270  145    0
       145
         146           0.286915311  146    0
       146
         147           0.285876264  147    0
       147
         148           0.279078682  148    0
       148
         149           0.272289849  149    0
       149
         150           0.267870813  150    0
       150
         151           0.262404870  151    0
       151
         152           0.249129739  152    0
       152
         153           0.189557211  153    0
       153
         154           0.176172209  154    0
       154
         155           0.130700564  155    0
       155
         156           0.120136216  156    0
       156
         157           0.108293840  157    0
       157
         158           0.100284309  158    0
       158
         159           0.090424444  159    0
       159
         160           0.087120991  160    0
       160
         161           0.072879117  161    0
       161
         162           0.066563704  162    0
       162
         163           0.062385130  163    0
       163
         164           0.055524080  164    0
       164
         165           0.050414120  165    0
       165
         166           0.047117058  166    0
       166
         167           0.045757806  167    0
       167
         168           0.044469111  168    0
       168
         169           0.040057039  169    0
       169
         170           0.035521275  170    0
       170
         171           0.035257350  171    0
       171
         172           0.032222644  172    0
       172
         173           0.031578489  173    0
       173
         174           0.029688775  174    0
       174
         175           0.029543137  175    0
       175
         176           0.029127090  176    0
       176
         177           0.028481110  177    0
       177
         178           0.028234371  178    0
       178
         179           0.027601079  179    0
       179
         180           0.026031499  180    0
       180
         181           0.025044713  181    0
       181
         182           0.024666814  182    0
       182
         183           0.022676783  183    0
       183
         184           0.010837237  184    0
       184
         185           0.009600462  185    0
       185
         186           0.004864665  186    0
       186
         187           0.004668768  187    0
       187
         188           0.003697136  188    0
       188
         189           0.003398731  189    0
       189
         190           0.002476118  190    0
       190
         191           0.002059476  191    0
       191
         192           0.000959971  192    0
       192
$user-defined bonds
$end
