$coord
   -2.51758916838404     -0.54722450315193      1.05034882741238      ir
    2.53927698711465     -0.63016082891475      0.97722973481778      ir
    0.04798831160848      3.13662763392837      0.20853124448212      s
   -0.04013361972128     -1.14966852389743     -2.75629182575451      s
    3.70530540779708     -3.98825218015700      1.22662905031884      c
    3.77759052522701     -0.02377372852928      4.27769755254116      c
   -0.01110542784636      5.81627052701272      2.53913977584037      c
    0.02123770533845     -4.27671198617205     -4.44053576319582      c
   -2.73898546551848      6.78996095850794      2.50486843830277      c
    0.86323000175247      5.10737236271246      5.18639001687456      c
    1.80225377367863      7.74895222975042      1.35155377800054      c
   -1.80615515723741     -3.85588010497627     -6.65800544208928      c
   -0.83516706181191     -6.50632612774953     -2.83707487667594      c
    2.74500068566444     -4.57800331111920     -5.37905934230629      c
   -3.66784799064645      0.39892844445995      4.28756157309059      c
   -3.74991652974171     -3.85159656983439      1.64832407299197      c
    4.57805472107844      0.15720016734694      6.29091532430143      o
    4.45795579570142     -6.01894041780183      1.43559365442722      o
   -4.40999096596655      0.91693832282460      6.26613592731970      o
   -4.54781159492210     -5.80031233698837      2.18906959421486      o
   -4.04232103710187      5.45353716705975      3.38608194551162      h
   -3.38864915661526      7.13752835653570      0.57439490264526      h
   -2.81640069120831      8.57261359795639      3.55856943741935      h
   -0.15774185802153      3.48628697196050      5.95003002958892      h
    0.52497715294589      6.71667639288911      6.44801932865850      h
    2.88675514832522      4.70812871597678      5.20970386549501      h
    3.71394373695918      6.97722526469716      1.19718639299287      h
    1.86255734096200      9.43163439556545      2.55963139144315      h
    1.16442513762360      8.31365703842906     -0.53081311511341      h
   -1.86635534476290     -5.58111273270100     -7.80455995647649      h
   -1.18093208319626     -2.29242821941461     -7.85539981272803      h
   -3.71564687537797     -3.44587534759676     -5.97999568630237      h
   -0.49264633653911     -8.25422484864513     -3.89698734719724      h
   -2.85753519666648     -6.39691176147935     -2.44651800476875      h
    0.19423178693124     -6.64147600716039     -1.05507310880920      h
    2.82131213357011     -6.19364075505979     -6.67448955362078      h
    4.05883141859622     -4.92465777253484     -3.82503575389044      h
    3.38218970182054     -2.89267177219334     -6.39061027773205      h
   -6.78800413566399      1.08024698646086     -1.38503467533242      i
    6.79494661025509      1.09667660300307     -1.41493803169810      i
$user-defined bonds
$redundant
     number_of_atoms            40
     degrees_of_freedom        114
     internal_coordinates      114
     frozen_coordinates          0
# definitions of redundant internals
   1 k  1.0000000000000 stre  18    5           val=   2.17574
   2 k  1.0000000000000 linc  18    2    5    6 val=   1.83981
   3 k  1.0000000000000 linp  18    2    5    6 val=   0.51113
   4 k  1.0000000000000 stre  17    6           val=   2.17406
   5 k  1.0000000000000 linc  17    2    6    5 val=   5.09694
   6 k  1.0000000000000 linp  17    2    6    5 val=   0.32165
   7 k  1.0000000000000 stre  19   15           val=   2.17575
   8 k  1.0000000000000 linc  19    1   15   16 val=   1.82536
   9 k  1.0000000000000 linp  19    1   15   16 val=   0.49153
  10 k  1.0000000000000 stre  20   16           val=   2.17406
  11 k  1.0000000000000 linc  20    1   16   15 val=   5.09046
  12 k  1.0000000000000 linp  20    1   16   15 val=   0.26437
  13 k  1.0000000000000 stre   2    5           val=   3.56351
  14 k  1.0000000000000 stre   2    6           val=   3.57690
  15 k  1.0000000000000 stre   2   40           val=   5.17834
  16 k -0.1450230435122 bend   6    5    2      val=  14.31170
        0.3259772901123 bend  40    5    2
        0.3106147394147 bend  40    6    2
       -0.4750054093954 bend   1    5    2
       -0.5106791320196 bend   1    6    2
        0.3511757820029 bend   1   40    2
        0.0001275024155 bend   4    5    2
        0.2959939923128 bend   4   40    2
       -0.0591307815462 bend   3    6    2
        0.2745340654105 bend   3   40    2
  17 k -0.0090943338133 bend   6    5    2      val=   1.50060
       -0.1400432859776 bend  40    5    2
        0.1699433908773 bend  40    6    2
       -0.3483346653508 bend   1    5    2
        0.2959163740212 bend   1    6    2
        0.0176803606845 bend   1   40    2
       -0.5760886525254 bend   4    5    2
       -0.1813492599862 bend   4   40    2
        0.5758277070843 bend   3    6    2
        0.2141612534457 bend   3   40    2
  18 k -0.6327567725370 bend   6    5    2      val=  30.73811
       -0.2496641889270 bend  40    5    2
       -0.2463846073938 bend  40    6    2
        0.1693612062212 bend   1    5    2
        0.1632649221366 bend   1    6    2
        0.3053233014782 bend   1   40    2
        0.3214058521890 bend   4    5    2
        0.2483386528462 bend   4   40    2
        0.3187475323661 bend   3    6    2
        0.2478840771582 bend   3   40    2
  19 k  0.5033429598051 bend   6    5    2      val=  14.95553
       -0.3773609821639 bend  40    5    2
       -0.4026294703268 bend  40    6    2
       -0.0038629818980 bend   1    5    2
        0.0100096344812 bend   1    6    2
        0.3814847916264 bend   1   40    2
       -0.2288193265262 bend   4    5    2
        0.3141367579551 bend   4   40    2
       -0.2279098544888 bend   3    6    2
        0.3057862215045 bend   3   40    2
  20 k -0.0113627858644 bend   6    5    2      val=   0.16539
        0.6021033361228 bend  40    5    2
       -0.5852006113285 bend  40    6    2
       -0.3497337685390 bend   1    5    2
        0.3510691789609 bend   1    6    2
       -0.0048237701481 bend   1   40    2
       -0.0093189640542 bend   4    5    2
        0.1502275020475 bend   4   40    2
        0.0251058000612 bend   3    6    2
       -0.1612783666136 bend   3   40    2
  21 k  0.0020304557295 bend   6    5    2      val=  -0.69960
       -0.0470881327191 bend  40    5    2
        0.0467856901499 bend  40    6    2
       -0.3240928560930 bend   1    5    2
        0.3225814398023 bend   1    6    2
       -0.0022663818766 bend   1   40    2
        0.3703077069538 bend   4    5    2
       -0.5044211756388 bend   4   40    2
       -0.3654977177900 bend   3    6    2
        0.5112068867588 bend   3   40    2
  22 k  1.0000000000000 stre   1   16           val=   3.57702
  23 k  1.0000000000000 stre   1   15           val=   3.56340
  24 k  1.0000000000000 stre   1   39           val=   5.17844
  25 k -0.1447125637115 bend  15   16    1      val=  14.37135
        0.3257338952504 bend  39   16    1
        0.3106544556601 bend  39   15    1
       -0.4754249897392 bend   2   16    1
       -0.5104750305870 bend   2   15    1
        0.3511986615569 bend   2   39    1
        0.0002371851232 bend   4   16    1
        0.2962722891965 bend   4   39    1
       -0.0591597937622 bend   3   15    1
        0.2742592353347 bend   3   39    1
  26 k -0.0093318665363 bend  15   16    1      val=   0.22997
       -0.1403275926753 bend  39   16    1
        0.1692439944806 bend  39   15    1
       -0.3475432946030 bend   2   16    1
        0.2967076874579 bend   2   15    1
        0.0190440939319 bend   2   39    1
       -0.5757709920245 bend   4   16    1
       -0.1804266938541 bend   4   39    1
        0.5762269284983 bend   3   15    1
        0.2151501386493 bend   3   39    1
  27 k -0.6326821680974 bend  15   16    1      val=  30.72496
       -0.2503867449292 bend  39   16    1
       -0.2459463721959 bend  39   15    1
        0.1700313483128 bend   2   16    1
        0.1623820162488 bend   2   15    1
        0.3053979353484 bend   2   39    1
        0.3224575404971 bend   4   16    1
        0.2488143659911 bend   4   39    1
        0.3175666261995 bend   3   15    1
        0.2474826062394 bend   3   39    1
  28 k  0.5034952586922 bend  15   16    1      val=  14.95588
       -0.3774696257245 bend  39   16    1
       -0.4026234836496 bend  39   15    1
       -0.0030641949163 bend   2   16    1
        0.0094229794715 bend   2   15    1
        0.3813312556223 bend   2   39    1
       -0.2283943815114 bend   4   16    1
        0.3144536687010 bend   4   39    1
       -0.2285145522077 bend   3   15    1
        0.3051685179709 bend   3   39    1
  29 k -0.0114085578952 bend  15   16    1      val=   0.37143
        0.6014940941952 bend  39   16    1
       -0.5857942312622 bend  39   15    1
       -0.3496970369977 bend   2   16    1
        0.3511127243475 bend   2   15    1
       -0.0045114342943 bend   2   39    1
       -0.0083289561504 bend   4   16    1
        0.1506464825183 bend   4   39    1
        0.0257344483278 bend   3   15    1
       -0.1609512538486 bend   3   39    1
  30 k  0.0031204320608 bend  15   16    1      val=   1.45003
       -0.0470508206340 bend  39   16    1
        0.0469187369335 bend  39   15    1
       -0.3238654559185 bend   2   16    1
        0.3227294234955 bend   2   15    1
       -0.0015723607388 bend   2   39    1
        0.3709877591020 bend   4   16    1
       -0.5042683114591 bend   4   39    1
       -0.3647970632449 bend   3   15    1
        0.5114041297870 bend   3   39    1
  31 k  0.3333333333333 tors  22    9    7    3 val=  65.53543
        0.3333333333333 tors  22    9    7   10
        0.3333333333333 tors  22    9    7   11
        0.3333333333333 tors  21    9    7    3
        0.3333333333333 tors  21    9    7   10
        0.3333333333333 tors  21    9    7   11
        0.3333333333333 tors  23    9    7    3
        0.3333333333333 tors  23    9    7   10
        0.3333333333333 tors  23    9    7   11
  32 k  1.0000000000000 stre   9   22           val=   2.06630
  33 k  1.0000000000000 stre   9   21           val=   2.06428
  34 k  1.0000000000000 stre   9   23           val=   2.07223
  35 k  0.4307230887594 bend  21   22    9      val=   1.25852
        0.4085383683414 bend  23   22    9
        0.4116202736677 bend  23   21    9
       -0.4012660368662 bend   7   22    9
       -0.3988669061621 bend   7   21    9
       -0.3975343149146 bend   7   23    9
  36 k -0.0095838123188 bend  21   22    9      val=  -0.04762
        0.5980932863956 bend  23   22    9
       -0.5846948522351 bend  23   21    9
        0.3829412654302 bend   7   22    9
       -0.3919808682666 bend   7   21    9
        0.0056113477295 bend   7   23    9
  37 k -0.6875144206509 bend  21   22    9      val=   0.94317
        0.3492104590445 bend  23   22    9
        0.3683988445109 bend  23   21    9
       -0.2181942405070 bend   7   22    9
       -0.2069784348402 bend   7   21    9
        0.4233313937977 bend   7   23    9
  38 k -0.4056264300377 bend  21   22    9      val=   1.27761
        0.3075292882434 bend  23   22    9
        0.1126178166255 bend  23   21    9
        0.1856582629682 bend   7   22    9
        0.4828282732714 bend   7   21    9
       -0.6786884641920 bend   7   23    9
  39 k -0.1044587350998 bend  21   22    9      val=   0.21797
       -0.3205307418971 bend  23   22    9
        0.4295651550455 bend  23   21    9
        0.6595576218294 bend   7   22    9
       -0.4854550056332 bend   7   21    9
       -0.1764635223594 bend   7   23    9
  40 k  0.3333333333333 tors  24   10    7    3 val=  69.08601
        0.3333333333333 tors  24   10    7    9
        0.3333333333333 tors  24   10    7   11
        0.3333333333333 tors  26   10    7    3
        0.3333333333333 tors  26   10    7    9
        0.3333333333333 tors  26   10    7   11
        0.3333333333333 tors  25   10    7    3
        0.3333333333333 tors  25   10    7    9
        0.3333333333333 tors  25   10    7   11
  41 k  1.0000000000000 stre  10   24           val=   2.06239
  42 k  1.0000000000000 stre  10   26           val=   2.06267
  43 k  1.0000000000000 stre  10   25           val=   2.07268
  44 k  0.4864787555511 bend  26   24   10      val=   1.87578
        0.3837206580719 bend  25   24   10
        0.3837865329415 bend  25   26   10
       -0.3899015132616 bend   7   24   10
       -0.3897721070257 bend   7   26   10
       -0.4060286795784 bend   7   25   10
  45 k -0.0007726796100 bend  26   24   10      val=  -0.35834
       -0.5754034490951 bend  25   24   10
        0.5762584540006 bend  25   26   10
       -0.4106362731999 bend   7   24   10
        0.4101389740021 bend   7   26   10
        0.0005840080835 bend   7   25   10
  46 k -0.6531336162171 bend  26   24   10      val=   2.86724
        0.3959682346466 bend  25   24   10
        0.3945354175573 bend  25   26   10
       -0.2255418655044 bend   7   24   10
       -0.2264256001337 bend   7   26   10
        0.3985345095720 bend   7   25   10
  47 k  0.0008096899261 bend  26   24   10      val=   0.49380
       -0.4107766223844 bend  25   24   10
        0.4099971829628 bend  25   26   10
        0.5751158589275 bend   7   24   10
       -0.5765446683037 bend   7   26   10
        0.0014883306125 bend   7   25   10
  48 k  0.4046749950547 bend  26   24   10      val=  -0.18760
       -0.2184476037085 bend  25   24   10
       -0.2202255314747 bend  25   26   10
       -0.3377178778911 bend   7   24   10
       -0.3354318653590 bend   7   26   10
        0.7165553759150 bend   7   25   10
  49 k  0.3333333333333 tors  29   11    7    3 val=  61.99020
        0.3333333333333 tors  29   11    7    9
        0.3333333333333 tors  29   11    7   10
        0.3333333333333 tors  27   11    7    3
        0.3333333333333 tors  27   11    7    9
        0.3333333333333 tors  27   11    7   10
        0.3333333333333 tors  28   11    7    3
        0.3333333333333 tors  28   11    7    9
        0.3333333333333 tors  28   11    7   10
  50 k  1.0000000000000 stre  11   29           val=   2.06616
  51 k  1.0000000000000 stre  11   27           val=   2.06735
  52 k  1.0000000000000 stre  11   28           val=   2.07232
  53 k  0.4306038878109 bend  27   29   11      val=   1.51531
        0.4085825434055 bend  28   29   11
        0.4115974188325 bend  28   27   11
       -0.4013390361535 bend   7   29   11
       -0.3989470778950 bend   7   27   11
       -0.3974875707935 bend   7   28   11
  54 k -0.0081046494640 bend  27   29   11      val=   0.00051
        0.5973094719367 bend  28   29   11
       -0.5855551630288 bend  28   27   11
        0.3834219920260 bend   7   29   11
       -0.3914677600376 bend   7   27   11
        0.0046291817944 bend   7   28   11
  55 k -0.6876628486182 bend  27   29   11      val=   0.88783
        0.3505425493077 bend  28   29   11
        0.3670571383219 bend  28   27   11
       -0.2172436441922 bend   7   29   11
       -0.2077133617145 bend   7   27   11
        0.4232837622512 bend   7   28   11
  56 k -0.4053476571871 bend  27   29   11      val=   0.95734
        0.3078742881126 bend  28   29   11
        0.1120423082425 bend  28   27   11
        0.1847952768902 bend   7   29   11
        0.4835341387011 bend   7   27   11
       -0.6785268329590 bend   7   28   11
  57 k -0.1049751895683 bend  27   29   11      val=   0.36088
       -0.3200869661294 bend  28   29   11
        0.4297123628746 bend  28   27   11
        0.6598114927585 bend   7   29   11
       -0.4848300350861 bend   7   27   11
       -0.1773709671398 bend   7   28   11
  58 k  0.3333333333333 tors  31   12    8    4 val=  62.00603
        0.3333333333333 tors  31   12    8   13
        0.3333333333333 tors  31   12    8   14
        0.3333333333333 tors  32   12    8    4
        0.3333333333333 tors  32   12    8   13
        0.3333333333333 tors  32   12    8   14
        0.3333333333333 tors  30   12    8    4
        0.3333333333333 tors  30   12    8   13
        0.3333333333333 tors  30   12    8   14
  59 k  1.0000000000000 stre  12   31           val=   2.06617
  60 k  1.0000000000000 stre  12   32           val=   2.06736
  61 k  1.0000000000000 stre  12   30           val=   2.07235
  62 k  0.4316935841036 bend  32   31   12      val=   1.51508
        0.4075421426935 bend  30   31   12
        0.4115170090583 bend  30   32   12
       -0.4013969065936 bend   8   31   12
       -0.3985520658445 bend   8   32   12
       -0.3977946415131 bend   8   30   12
  63 k -0.0141207579219 bend  32   31   12      val=   0.03827
        0.6007884696728 bend  30   31   12
       -0.5815278186502 bend  30   32   12
        0.3813115002487 bend   8   31   12
       -0.3939640793516 bend   8   32   12
        0.0085474556824 bend   8   30   12
  64 k -0.6870217210325 bend  32   31   12      val=   0.93355
        0.3455940124907 bend  30   31   12
        0.3734640010513 bend  30   32   12
       -0.2209643882339 bend   8   31   12
       -0.2043190683278 bend   8   32   12
        0.4225151248522 bend   8   30   12
  65 k -0.4043332415899 bend  32   31   12      val=   0.94630
        0.3098695481408 bend  30   31   12
        0.1093606431302 bend  30   32   12
        0.1810021544262 bend   8   31   12
        0.4860939603857 bend   8   32   12
       -0.6778544271332 bend   8   30   12
  66 k -0.1070943387449 bend  32   31   12      val=   0.36715
       -0.3186389892439 bend  30   31   12
        0.4304482957374 bend  30   32   12
        0.6607952270543 bend   8   31   12
       -0.4818251072154 bend   8   32   12
       -0.1814069893865 bend   8   30   12
  67 k  0.3333333333333 tors  35   13    8    4 val=  69.19410
        0.3333333333333 tors  35   13    8   12
        0.3333333333333 tors  35   13    8   14
        0.3333333333333 tors  34   13    8    4
        0.3333333333333 tors  34   13    8   12
        0.3333333333333 tors  34   13    8   14
        0.3333333333333 tors  33   13    8    4
        0.3333333333333 tors  33   13    8   12
        0.3333333333333 tors  33   13    8   14
  68 k  1.0000000000000 stre  13   35           val=   2.06239
  69 k  1.0000000000000 stre  13   34           val=   2.06264
  70 k  1.0000000000000 stre  13   33           val=   2.07265
  71 k  0.4887813933242 bend  34   35   13      val=   1.81316
        0.3823496212899 bend  33   35   13
        0.3817708504958 bend  33   34   13
       -0.3893563737570 bend   8   35   13
       -0.3894981407726 bend   8   34   13
       -0.4072411409726 bend   8   33   13
  72 k -0.0008338196279 bend  34   35   13      val=  -0.33929
       -0.5749965342391 bend  33   35   13
        0.5766997256300 bend  33   34   13
       -0.4109272640601 bend   8   35   13
        0.4097974957417 bend   8   34   13
        0.0007162066991 bend   8   33   13
  73 k -0.6515167425319 bend  34   35   13      val=   2.94441
        0.3980952469720 bend  33   35   13
        0.3959091688709 bend  33   34   13
       -0.2262113383857 bend   8   35   13
       -0.2274321503171 bend   8   34   13
        0.3967430981513 bend   8   33   13
  74 k  0.0019206824464 bend  34   35   13      val=  -0.48612
        0.4092214997480 bend  33   35   13
       -0.4114963918018 bend  33   34   13
       -0.5772784984670 bend   8   35   13
        0.5744070354304 bend   8   34   13
        0.0032996231212 bend   8   33   13
  75 k  0.4040235116206 bend  34   35   13      val=  -0.13573
       -0.2208484258035 bend  33   35   13
       -0.2172789844316 bend  33   34   13
       -0.3336684802807 bend   8   35   13
       -0.3391251502602 bend   8   34   13
        0.7172449341267 bend   8   33   13
  76 k  0.3333333333333 tors  38   14    8    4 val=  65.51710
        0.3333333333333 tors  38   14    8   12
        0.3333333333333 tors  38   14    8   13
        0.3333333333333 tors  37   14    8    4
        0.3333333333333 tors  37   14    8   12
        0.3333333333333 tors  37   14    8   13
        0.3333333333333 tors  36   14    8    4
        0.3333333333333 tors  36   14    8   12
        0.3333333333333 tors  36   14    8   13
  77 k  1.0000000000000 stre  14   38           val=   2.06630
  78 k  1.0000000000000 stre  14   37           val=   2.06429
  79 k  1.0000000000000 stre  14   36           val=   2.07226
  80 k  0.4308524229020 bend  37   38   14      val=   1.23365
        0.4076919316197 bend  36   38   14
        0.4120789268280 bend  36   37   14
       -0.4015775480237 bend   8   38   14
       -0.3986832397464 bend   8   37   14
       -0.3976576214592 bend   8   36   14
  81 k -0.0145279898430 bend  37   38   14      val=  -0.00929
        0.6014176084248 bend  36   38   14
       -0.5813580965281 bend  36   37   14
        0.3806354565449 bend   8   38   14
       -0.3938852082083 bend   8   37   14
        0.0089248733584 bend   8   36   14
  82 k -0.6874289319572 bend  37   38   14      val=   0.94294
        0.3444194147633 bend  36   38   14
        0.3733864985906 bend  36   37   14
       -0.2211087043597 bend   8   38   14
       -0.2039455280781 bend   8   37   14
        0.4229851242608 bend   8   36   14
  83 k -0.4042996888925 bend  37   38   14      val=   1.27563
        0.3110229350856 bend  36   38   14
        0.1078784436573 bend  36   37   14
        0.1786418079147 bend   8   38   14
        0.4878788021803 bend   8   37   14
       -0.6769269647859 bend   8   36   14
  84 k -0.1086161328454 bend  37   38   14      val=   0.23683
       -0.3172171689784 bend  36   38   14
        0.4303893861106 bend  36   37   14
        0.6617855372552 bend   8   38   14
       -0.4802244400977 bend   8   37   14
       -0.1837530122939 bend   8   36   14
  85 k  0.4082482904639 tors  10    7    3    1 val=  79.52382
        0.4082482904639 tors  10    7    3    2
        0.4082482904639 tors  11    7    3    1
        0.4082482904639 tors  11    7    3    2
        0.4082482904639 tors   9    7    3    1
        0.4082482904639 tors   9    7    3    2
  86 k  1.0000000000000 stre   7   10           val=   2.87662
  87 k  1.0000000000000 stre   7   11           val=   2.90412
  88 k  1.0000000000000 stre   7    9           val=   2.89665
  89 k -0.5082742796243 bend  11   10    7      val=   3.18214
       -0.5085665256609 bend   9   10    7
        0.2209337594911 bend   9   11    7
       -0.0107699195489 bend   3   10    7
        0.4658874215480 bend   3   11    7
        0.4658739516683 bend   3    9    7
  90 k  0.0771932924221 bend  11   10    7      val=   1.27723
        0.0776003525665 bend   9   10    7
        0.7274705029294 bend   9   11    7
       -0.6636932358035 bend   3   10    7
       -0.0957714699956 bend   3   11    7
       -0.0956303431855 bend   3    9    7
  91 k  0.6801049291934 bend  11   10    7      val=  -0.94824
       -0.6798472300551 bend   9   10    7
        0.0002278244774 bend   9   11    7
       -0.0001407171963 bend   3   10    7
        0.1938597696609 bend   3   11    7
       -0.1941219901889 bend   3    9    7
  92 k -0.2122079448570 bend  11   10    7      val=   4.42899
       -0.2119918346309 bend   9   10    7
        0.5245190915511 bend   9   11    7
        0.6259872964203 bend   3   10    7
       -0.3483989955508 bend   3   11    7
       -0.3488051281266 bend   3    9    7
  93 k -0.1939247075818 bend  11   10    7      val=  -0.66937
        0.1940570259005 bend   9   10    7
       -0.0001250592412 bend   9   11    7
       -0.0001907058875 bend   3   10    7
        0.6801267598058 bend   3   11    7
       -0.6798254313244 bend   3    9    7
  94 k  0.4082482904639 tors  13    8    4    1 val=  79.41942
        0.4082482904639 tors  13    8    4    2
        0.4082482904639 tors  14    8    4    1
        0.4082482904639 tors  14    8    4    2
        0.4082482904639 tors  12    8    4    1
        0.4082482904639 tors  12    8    4    2
  95 k  1.0000000000000 stre   8   13           val=   2.87675
  96 k  1.0000000000000 stre   8   14           val=   2.89663
  97 k  1.0000000000000 stre   8   12           val=   2.90407
  98 k -0.5067048285890 bend  14   13    8      val=   3.27873
       -0.5045144907393 bend  12   13    8
        0.2449135463903 bend  12   14    8
       -0.0306174190459 bend   4   13    8
        0.4618394663854 bend   4   14    8
        0.4631409947878 bend   4   12    8
  99 k  0.0924407298152 bend  14   13    8      val=   1.08005
        0.0945114236347 bend  12   13    8
        0.7198251608525 bend  12   14    8
       -0.6633349685916 bend   4   13    8
       -0.1111017388343 bend   4   14    8
       -0.1096228222085 bend   4   12    8
 100 k  0.6798572807599 bend  14   13    8      val=   0.96310
       -0.6815884062018 bend  12   13    8
        0.0020197186169 bend  12   14    8
       -0.0007289280129 bend   4   13    8
        0.1917218135840 bend   4   14    8
       -0.1909697827558 bend   4   12    8
 101 k -0.2124030003352 bend  14   13    8      val=   4.43549
       -0.2102949752430 bend  12   13    8
        0.5245087527159 bend  12   14    8
        0.6258112847543 bend   4   13    8
       -0.3473129233777 bend   4   14    8
       -0.3511203871746 bend   4   12    8
 102 k  0.1909160628174 bend  14   13    8      val=  -0.64943
       -0.1917745574798 bend  12   13    8
        0.0010389485887 bend  12   14    8
        0.0023169333264 bend   4   13    8
       -0.6818942131313 bend   4   14    8
        0.6795494173094 bend   4   12    8
 103 k  1.0000000000000 stre   3    7           val=   3.55186
 104 k  0.7071738009837 bend   2    7    3      val= 119.92609
        0.7070397550367 bend   1    7    3
 105 k -0.7070397550367 bend   2    7    3      val=  -1.34654
        0.7071738009837 bend   1    7    3
 106 k  1.0000000000000 stre   4    8           val=   3.55230
 107 k  0.7071354819233 bend   1    8    4      val= 119.90818
        0.7070780792849 bend   2    8    4
 108 k -0.7070780792849 bend   1    8    4      val=  -1.35364
        0.7071354819233 bend   2    8    4
 109 k  1.0000000000000 stre   1    4           val=   4.58162
 110 k  1.0000000000000 stre   4    2           val=   4.56754
 111 k  1.0000000000000 stre   1    3           val=   4.56745
 112 k  1.0000000000000 stre   3    2           val=   4.58106
 113 k  0.5000000000000 tors   4    2    1    3 val= -86.27338
        0.5000000000000 tors   4    2    1    3
 114 k  1.0000000000000 stre   1    2           val=   5.05807
       114 non zero eigenvalues  of BmBt
           1           5.157368756    1    0
         1
           2           4.327682626    2    0
         2
           3           4.221193948    3    0
         3
           4           4.198683875    4    0
         4
           5           4.192346897    5    0
         5
           6           3.929402932    6    0
         6
           7           3.874146863    7    0
         7
           8           3.803491794    8    0
         8
           9           3.631313929    9    0
         9
          10           3.580444980   10    0
        10
          11           3.533416441   11    0
        11
          12           3.456666154   12    0
        12
          13           3.412447311   13    0
        13
          14           3.411647601   14    0
        14
          15           3.407116037   15    0
        15
          16           3.369502963   16    0
        16
          17           3.251889951   17    0
        17
          18           3.251468592   18    0
        18
          19           3.251436922   19    0
        19
          20           3.249742079   20    0
        20
          21           3.148919594   21    0
        21
          22           3.143280728   22    0
        22
          23           3.120356844   23    0
        23
          24           2.900701259   24    0
        24
          25           2.599061061   25    0
        25
          26           2.582529655   26    0
        26
          27           2.203209476   27    0
        27
          28           2.167525662   28    0
        28
          29           2.122982192   29    0
        29
          30           1.968823618   30    0
        30
          31           1.827803435   31    0
        31
          32           1.740054629   32    0
        32
          33           1.672778854   33    0
        33
          34           1.639330360   34    0
        34
          35           1.300033363   35    0
        35
          36           1.232399308   36    0
        36
          37           1.198519142   37    0
        37
          38           1.135075493   38    0
        38
          39           0.939663105   39    0
        39
          40           0.920584956   40    0
        40
          41           0.903310824   41    0
        41
          42           0.887164108   42    0
        42
          43           0.883469672   43    0
        43
          44           0.869627068   44    0
        44
          45           0.865758949   45    0
        45
          46           0.862320163   46    0
        46
          47           0.860110768   47    0
        47
          48           0.860011103   48    0
        48
          49           0.856321918   49    0
        49
          50           0.836990129   50    0
        50
          51           0.821198560   51    0
        51
          52           0.820049700   52    0
        52
          53           0.818958012   53    0
        53
          54           0.816747524   54    0
        54
          55           0.760876101   55    0
        55
          56           0.734656354   56    0
        56
          57           0.703006145   57    0
        57
          58           0.693406680   58    0
        58
          59           0.691339841   59    0
        59
          60           0.688183173   60    0
        60
          61           0.688069603   61    0
        61
          62           0.684471950   62    0
        62
          63           0.684081837   63    0
        63
          64           0.683561552   64    0
        64
          65           0.683143190   65    0
        65
          66           0.674136885   66    0
        66
          67           0.660045415   67    0
        67
          68           0.659838701   68    0
        68
          69           0.629620123   69    0
        69
          70           0.622649028   70    0
        70
          71           0.527673968   71    0
        71
          72           0.525656242   72    0
        72
          73           0.433504941   73    0
        73
          74           0.371366775   74    0
        74
          75           0.369741207   75    0
        75
          76           0.356958451   76    0
        76
          77           0.355506887   77    0
        77
          78           0.353999123   78    0
        78
          79           0.351843408   79    0
        79
          80           0.312452472   80    0
        80
          81           0.311963047   81    0
        81
          82           0.306547923   82    0
        82
          83           0.306467794   83    0
        83
          84           0.267377549   84    0
        84
          85           0.241487668   85    0
        85
          86           0.238627218   86    0
        86
          87           0.208536845   87    0
        87
          88           0.149151523   88    0
        88
          89           0.141356572   89    0
        89
          90           0.136507217   90    0
        90
          91           0.111333796   91    0
        91
          92           0.083585382   92    0
        92
          93           0.082182692   93    0
        93
          94           0.072796545   94    0
        94
          95           0.066286653   95    0
        95
          96           0.059756296   96    0
        96
          97           0.058888625   97    0
        97
          98           0.058235141   98    0
        98
          99           0.057204500   99    0
        99
         100           0.056190583  100    0
       100
         101           0.044699074  101    0
       101
         102           0.044257862  102    0
       102
         103           0.029499461  103    0
       103
         104           0.028426364  104    0
       104
         105           0.025418298  105    0
       105
         106           0.024221972  106    0
       106
         107           0.023929153  107    0
       107
         108           0.020202789  108    0
       108
         109           0.013272199  109    0
       109
         110           0.012780486  110    0
       110
         111           0.007867720  111    0
       111
         112           0.005548408  112    0
       112
         113           0.003113461  113    0
       113
         114           0.002706702  114    0
       114
$end
