$coord
   -1.99857624292212     -1.06566548741706      4.00853175358185      c
    0.66491951367053     -1.69765421084453      3.92393385280624      c
    0.29453018099334      2.69822025429741      3.84348419002025      c
   -2.24335974386367      1.62037461765506      3.91992661598300      c
   -4.11623266873519     -2.92499454331739      4.29751384191434      c
   -3.63914776417294     -4.74499833648305      3.44251427091565      h
   -5.85141684306978     -2.23223736963173      3.41531422238584      h
   -4.51696744668271     -3.26611030710575      6.30539621668520      h
   -4.63552056186978      3.12881686038917      3.98744337320157      c
   -6.27710216300153      1.93975809478663      3.58560959401246      h
   -4.58201615699685      4.63350361340438      2.56963407143072      h
   -4.91576730871093      3.99728620424133      5.85225839868575      h
    0.87116353086240      5.46764492237469      3.82039748077537      c
    0.51888491949877      6.31678616818668      5.68182979005380      h
   -0.30793619011402      6.44058991399789      2.42732356038173      h
    2.84806890440097      5.81230086870768      3.32723618934958      h
    4.88032262897627      0.89673561893185      4.02466606845074      c
    5.50543156090065      1.00841595760193      6.00081766208781      h
    5.54066144576501      2.59792239936083      3.05559502000874      h
    5.81448634597601     -0.73676049524523      3.17017026878708      h
    1.77259174342733     -4.28359880639395      4.25989273883889      c
    2.02641603727393     -4.74156483859250      6.27073277698921      h
    3.62184915514031     -4.42940206337004      3.34723209421245      h
    0.54900510988136     -5.73335262885476      3.43822318347643      h
   -1.85312552983923      3.79829380410393     -2.16272534485979      cl
   -2.02877815399303     -2.21214638503186     -2.54808227186522      p
   -5.19058708225728     -1.67908232842789     -3.88036329044734      c
   -5.38584905431947      0.35005457130836     -4.21227932712178      h
   -6.60924862893544     -2.26747394557240     -2.49386441466155      h
   -5.47519521692856     -2.73325284662020     -5.63867518450552      h
   -1.95146356117562     -5.68345967666296     -2.29732150224320      c
   -2.46761576881532     -6.58313054485220     -4.08907664133480      h
   -3.28500488663845     -6.28914287540190     -0.83735868390168      h
   -0.06005766922315     -6.29654404766930     -1.73847719931363      h
    2.06082766653005      0.65842034811390      3.88577334331003      c
   -0.29448378215529      0.31465756047895      0.47134602727758      ru
    2.57083723890670     -0.26013298475424     -2.68594274917285      p
    5.17943248800625      1.78746026180752     -5.95800532867263      h
    5.78927755133625      2.99524102064876     -2.86574228900852      h
    2.97291294474678      3.89686431369795     -4.46447805026123      h
    0.29416315769081     -1.46394447584035     -5.07104442075920      c
   -0.42728413709651      0.16169746698344     -6.12914978295732      h
    0.89167278618793     -2.96357673330370     -6.36654341693465      h
    5.02476091484351     -2.72257415688454     -2.50492378760502      c
    6.46124527413932     -2.15011258207338     -1.13183649367700      h
    5.93506037249643     -3.02012319981048     -4.34040090753605      h
    4.18310032959074     -4.49422631233857     -1.85811981851279      h
    4.31288580827525      2.35378443142167     -4.16569230027051      c
$user-defined bonds
$redundant
     number_of_atoms            48
     degrees_of_freedom        138
     internal_coordinates      151
     frozen_coordinates          0
# definitions of redundant internals
   1 k  0.3333333333333 tors   6    5    1    2 val=  59.87971
        0.3333333333333 tors   6    5    1    4
        0.3333333333333 tors   6    5    1   36
        0.3333333333333 tors   7    5    1    2
        0.3333333333333 tors   7    5    1    4
        0.3333333333333 tors   7    5    1   36
        0.3333333333333 tors   8    5    1    2
        0.3333333333333 tors   8    5    1    4
        0.3333333333333 tors   8    5    1   36
   2 k  1.0000000000000 stre   5    6           val=   2.06665
   3 k  1.0000000000000 stre   5    7           val=   2.06617
   4 k  1.0000000000000 stre   5    8           val=   2.07570
   5 k  0.4374075370840 bend   7    6    5      val=   1.79114
        0.4101346884304 bend   8    6    5
        0.4144138915458 bend   8    7    5
       -0.3958477977862 bend   1    6    5
       -0.3933466102514 bend   1    7    5
       -0.3966210729823 bend   1    8    5
   6 k -0.6681822558061 bend   7    6    5      val=   0.60857
        0.3999766033688 bend   8    6    5
        0.3003854774499 bend   8    7    5
       -0.1944929525211 bend   1    6    5
       -0.2614651584474 bend   1    7    5
        0.4439912353395 bend   1    8    5
   7 k -0.0610305778619 bend   7    6    5      val=   0.10400
       -0.5755819784609 bend   8    6    5
        0.6343982616089 bend   8    7    5
       -0.3774159614437 bend   1    6    5
        0.3447333666459 bend   1    7    5
        0.0351510778358 bend   1    8    5
   8 k  0.4436709792887 bend   7    6    5      val=  -0.04645
       -0.2649993717128 bend   8    6    5
       -0.1902478440858 bend   8    7    5
       -0.2800460982112 bend   1    6    5
       -0.3900201727978 bend   1    7    5
        0.6827851789816 bend   1    8    5
   9 k -0.0385771189842 bend   7    6    5      val=   0.11335
       -0.3406703746876 bend   8    6    5
        0.3807333050263 bend   8    7    5
        0.6374033121963 bend   1    6    5
       -0.5716928893597 bend   1    7    5
       -0.0661959968697 bend   1    8    5
  10 k  0.3333333333333 tors  10    9    4    1 val=  75.76978
        0.3333333333333 tors  10    9    4    3
        0.3333333333333 tors  10    9    4   36
        0.3333333333333 tors  11    9    4    1
        0.3333333333333 tors  11    9    4    3
        0.3333333333333 tors  11    9    4   36
        0.3333333333333 tors  12    9    4    1
        0.3333333333333 tors  12    9    4    3
        0.3333333333333 tors  12    9    4   36
  11 k  1.0000000000000 stre   9   10           val=   2.06643
  12 k  1.0000000000000 stre   9   11           val=   2.06812
  13 k  1.0000000000000 stre   9   12           val=   2.07613
  14 k  0.4013636020043 bend  11   10    9      val=   1.71947
        0.4298599769130 bend  12   10    9
        0.4276524952696 bend  12   11    9
       -0.4018765051550 bend   4   10    9
       -0.3997963503329 bend   4   11    9
       -0.3871681228989 bend   4   12    9
  15 k  0.6877454582091 bend  11   10    9      val=   0.69530
       -0.3348383004714 bend  12   10    9
       -0.3137693609661 bend  12   11    9
        0.2161223307035 bend   4   10    9
        0.2289756888189 bend   4   11    9
       -0.4661540061721 bend   4   12    9
  16 k -0.0118467820565 bend  11   10    9      val=   0.38087
       -0.6043266989206 bend  12   10    9
        0.6195665544450 bend  12   11    9
       -0.3561573698371 bend   4   10    9
        0.3519718730577 bend   4   11    9
        0.0073421949500 bend   4   12    9
  17 k -0.4559802059178 bend  11   10    9      val=   0.07352
        0.2771099527209 bend  12   10    9
        0.1754326979309 bend  12   11    9
        0.2517968806942 bend   4   10    9
        0.4203315226683 bend   4   11    9
       -0.6666597605487 bend   4   12    9
  18 k -0.0625997728894 bend  11   10    9      val=   0.39936
       -0.3175367677029 bend  12   10    9
        0.3833782288335 bend  12   11    9
        0.6530834752142 bend   4   10    9
       -0.5593433413391 bend   4   11    9
       -0.0942857579350 bend   4   12    9
  19 k  0.3333333333333 tors  16   13    3    4 val=  83.68127
        0.3333333333333 tors  16   13    3   35
        0.3333333333333 tors  16   13    3   36
        0.3333333333333 tors  15   13    3    4
        0.3333333333333 tors  15   13    3   35
        0.3333333333333 tors  15   13    3   36
        0.3333333333333 tors  14   13    3    4
        0.3333333333333 tors  14   13    3   35
        0.3333333333333 tors  14   13    3   36
  20 k  1.0000000000000 stre  13   16           val=   2.06643
  21 k  1.0000000000000 stre  13   15           val=   2.06822
  22 k  1.0000000000000 stre  13   14           val=   2.07607
  23 k  0.4112454194667 bend  15   16   13      val=   1.43761
        0.4253444949811 bend  14   16   13
        0.4195224540187 bend  14   15   13
       -0.4017509106999 bend   3   16   13
       -0.3989102499644 bend   3   15   13
       -0.3916975802276 bend   3   14   13
  24 k  0.6754789589036 bend  15   16   13      val=   0.12357
       -0.4361892929514 bend  14   16   13
       -0.2221365587386 bend  14   15   13
        0.1479015132923 bend   3   16   13
        0.2874274760864 bend   3   15   13
       -0.4468031047580 bend   3   14   13
  25 k -0.1270219839258 bend  15   16   13      val=   0.54132
       -0.5355863471115 bend  14   16   13
        0.6678852589022 bend  14   15   13
       -0.3833288583749 bend   3   16   13
        0.3139252977004 bend   3   15   13
        0.0738366787525 bend   3   14   13
  26 k -0.4267759982209 bend  15   16   13      val=   0.00074
        0.3356045973274 bend  14   16   13
        0.0913689522022 bend  14   15   13
        0.1297752993970 bend   3   16   13
        0.5153803656444 bend   3   15   13
       -0.6437584691043 bend   3   14   13
  27 k -0.1365105082404 bend  15   16   13      val=   0.41326
       -0.2623414870949 bend  14   16   13
        0.4055781067098 bend  14   15   13
        0.6910057478219 bend   3   16   13
       -0.4690232315748 bend   3   15   13
       -0.2248921727556 bend   3   14   13
  28 k  0.3333333333333 tors  19   17   35    2 val=  59.62159
        0.3333333333333 tors  19   17   35    3
        0.3333333333333 tors  19   17   35   36
        0.3333333333333 tors  20   17   35    2
        0.3333333333333 tors  20   17   35    3
        0.3333333333333 tors  20   17   35   36
        0.3333333333333 tors  18   17   35    2
        0.3333333333333 tors  18   17   35    3
        0.3333333333333 tors  18   17   35   36
  29 k  1.0000000000000 stre  17   19           val=   2.06620
  30 k  1.0000000000000 stre  17   20           val=   2.06667
  31 k  1.0000000000000 stre  17   18           val=   2.07567
  32 k  0.4303282200124 bend  20   19   17      val=   1.88337
        0.4218048415144 bend  18   19   17
        0.4110217221975 bend  18   20   17
       -0.3939994963480 bend  35   19   17
       -0.3969280724091 bend  35   20   17
       -0.3939187033246 bend  35   18   17
  33 k -0.6735236850091 bend  20   19   17      val=   0.24443
        0.3676013787360 bend  18   19   17
        0.3221152883539 bend  18   20   17
       -0.2133578293513 bend  35   19   17
       -0.2418642496467 bend  35   20   17
        0.4510620073662 bend  35   18   17
  34 k -0.0218846469482 bend  20   19   17      val=   0.10445
       -0.5913546415081 bend  18   19   17
        0.6252308315122 bend  18   20   17
       -0.3703912515306 bend  35   19   17
        0.3485798576399 bend  35   20   17
        0.0144762273666 bend  35   18   17
  35 k -0.4497302766922 bend  20   19   17      val=   0.11035
        0.2299372934491 bend  18   19   17
        0.2288003065894 bend  18   20   17
        0.3363092204846 bend  35   19   17
        0.3371527890288 bend  35   20   17
       -0.6824558916732 bend  35   18   17
  36 k -0.0006815870491 bend  20   19   17      val=   0.20142
        0.3594912674933 bend  18   19   17
       -0.3600449417493 bend  18   20   17
       -0.6079449091488 bend  35   19   17
        0.6095329677319 bend  35   20   17
        0.0023984669813 bend  35   18   17
  37 k  0.3333333333333 tors  23   21    2    1 val=  60.03616
        0.3333333333333 tors  23   21    2   35
        0.3333333333333 tors  23   21    2   36
        0.3333333333333 tors  24   21    2    1
        0.3333333333333 tors  24   21    2   35
        0.3333333333333 tors  24   21    2   36
        0.3333333333333 tors  22   21    2    1
        0.3333333333333 tors  22   21    2   35
        0.3333333333333 tors  22   21    2   36
  38 k  1.0000000000000 stre  21   23           val=   2.06736
  39 k  1.0000000000000 stre  21   24           val=   2.06739
  40 k  1.0000000000000 stre  21   22           val=   2.07789
  41 k  0.4107674366279 bend  24   23   21      val=   1.99648
        0.4263407033452 bend  22   23   21
        0.4291895692882 bend  22   24   21
       -0.3976404879996 bend   2   23   21
       -0.3968601908642 bend   2   24   21
       -0.3868902460676 bend   2   22   21
  42 k  0.6801392968615 bend  24   23   21      val=   0.58591
       -0.3498915820779 bend  22   23   21
       -0.3044503084743 bend  22   24   21
        0.2112651236632 bend   2   23   21
        0.2429830135624 bend   2   24   21
       -0.4675710961655 bend   2   22   21
  43 k  0.0290718374094 bend  24   23   21      val=   0.16321
        0.5941192977844 bend  22   23   21
       -0.6185027797904 bend  22   24   21
        0.3703586126002 bend   2   23   21
       -0.3552218816810 bend   2   24   21
       -0.0168318896510 bend   2   22   21
  44 k -0.4634664839475 bend  24   23   21      val=   0.01077
        0.2432880207948 bend  22   23   21
        0.2198058434273 bend  22   24   21
        0.3207121849375 bend   2   23   21
        0.3524424510603 bend   2   24   21
       -0.6712847097272 bend   2   22   21
  45 k -0.0112041475473 bend  24   23   21      val=   0.01701
       -0.3576145700626 bend  22   23   21
        0.3682794098906 bend  22   24   21
        0.6167708351404 bend   2   23   21
       -0.5962909326076 bend   2   24   21
       -0.0196830693129 bend   2   22   21
  46 k  1.0000000000000 stre  36   25           val=   4.63718
  47 k -0.3770995582658 bend  26   25   36      val=  46.52670
       -0.4067922363762 bend  37   25   36
        0.3786878517675 bend   1   25   36
        0.4567108073714 bend   4   25   36
        0.3583101164715 bend  35   25   36
        0.4603700787062 bend   3   25   36
  48 k  0.4720793996244 bend  26   25   36      val=   1.37412
       -0.4153413521914 bend  37   25   36
        0.4756380217168 bend   1   25   36
        0.2590397508273 bend   4   25   36
       -0.5062653856856 bend  35   25   36
       -0.2345097879735 bend   3   25   36
  49 k  0.3333333333333 tors  28   27   26   31 val=  54.08315
        0.3333333333333 tors  28   27   26   36
        0.3333333333333 tors  28   27   26   41
        0.3333333333333 tors  30   27   26   31
        0.3333333333333 tors  30   27   26   36
        0.3333333333333 tors  30   27   26   41
        0.3333333333333 tors  29   27   26   31
        0.3333333333333 tors  29   27   26   36
        0.3333333333333 tors  29   27   26   41
  50 k  1.0000000000000 stre  27   28           val=   2.06536
  51 k  1.0000000000000 stre  27   30           val=   2.06977
  52 k  1.0000000000000 stre  27   29           val=   2.06910
  53 k -0.4522060056376 bend  30   28   27      val=   0.39542
       -0.3231960279706 bend  29   28   27
       -0.4367800139552 bend  29   30   27
        0.4148283895723 bend  26   28   27
        0.3875422229743 bend  26   30   27
        0.4219072267638 bend  26   29   27
  54 k -0.3666779714294 bend  30   28   27      val=   2.07958
        0.7757086830446 bend  29   28   27
       -0.2559798155015 bend  29   30   27
        0.1215191376780 bend  26   28   27
       -0.3907432488560 bend  26   30   27
        0.1756429646324 bend  26   29   27
  55 k  0.6194180202072 bend  30   28   27      val=   0.86147
        0.0658588809827 bend  29   28   27
       -0.6825617085779 bend  29   30   27
        0.2874643945055 bend  26   28   27
       -0.0265754053956 bend  26   30   27
       -0.2505023108499 bend  26   29   27
  56 k  0.0089763601893 bend  30   28   27      val=  -1.11649
       -0.3139345582784 bend  29   28   27
        0.2853000142594 bend  29   30   27
        0.6598202095268 bend  26   28   27
       -0.6199900706582 bend  26   30   27
       -0.0147656129297 bend  26   29   27
  57 k  0.3245257128676 bend  30   28   27      val=   0.53745
       -0.1923018624541 bend  29   28   27
       -0.1401992576206 bend  29   30   27
       -0.3653758094474 bend  26   28   27
       -0.3692448961659 bend  26   30   27
        0.7537943672337 bend  26   29   27
  58 k  0.3333333333333 tors  34   31   26   27 val=  62.08351
        0.3333333333333 tors  34   31   26   36
        0.3333333333333 tors  34   31   26   41
        0.3333333333333 tors  33   31   26   27
        0.3333333333333 tors  33   31   26   36
        0.3333333333333 tors  33   31   26   41
        0.3333333333333 tors  32   31   26   27
        0.3333333333333 tors  32   31   26   36
        0.3333333333333 tors  32   31   26   41
  59 k  1.0000000000000 stre  31   34           val=   2.06533
  60 k  1.0000000000000 stre  31   33           val=   2.06801
  61 k  1.0000000000000 stre  31   32           val=   2.07032
  62 k  0.3647381278540 bend  33   34   31      val=   0.42750
        0.4453297517212 bend  32   34   31
        0.4237010491963 bend  32   33   31
       -0.4073257163659 bend  26   34   31
       -0.4112219555271 bend  26   33   31
       -0.3925648931208 bend  26   32   31
  63 k  0.7386930609307 bend  33   34   31      val=   1.41643
       -0.1804677446552 bend  32   34   31
       -0.4749523132286 bend  32   33   31
        0.2310069878800 bend  26   34   31
        0.0915872361522 bend  26   33   31
       -0.3666494303219 bend  26   32   31
  64 k  0.1856263996701 bend  33   34   31      val=   0.59093
       -0.7007876848309 bend  32   34   31
        0.5589699157128 bend  32   33   31
       -0.2468822052817 bend  26   34   31
        0.3065311500596 bend  26   33   31
       -0.0841422879486 bend  26   32   31
  65 k -0.2998489624408 bend  33   34   31      val=  -0.19161
       -0.0235949689382 bend  32   34   31
        0.3151863549251 bend  32   33   31
        0.6735215924659 bend  26   34   31
       -0.0675160320217 bend  26   33   31
       -0.5932973021472 bend  26   32   31
  66 k -0.2062435817368 bend  33   34   31      val=   0.09184
        0.3287858795054 bend  32   34   31
       -0.1305971888826 bend  32   33   31
       -0.3128244460546 bend  26   34   31
        0.7478941680222 bend  26   33   31
       -0.4184530846765 bend  26   32   31
  67 k  0.3333333333333 tors  40   48   37   36 val=  65.89242
        0.3333333333333 tors  40   48   37   41
        0.3333333333333 tors  40   48   37   44
        0.3333333333333 tors  39   48   37   36
        0.3333333333333 tors  39   48   37   41
        0.3333333333333 tors  39   48   37   44
        0.3333333333333 tors  38   48   37   36
        0.3333333333333 tors  38   48   37   41
        0.3333333333333 tors  38   48   37   44
  68 k  1.0000000000000 stre  48   40           val=   2.06540
  69 k  1.0000000000000 stre  48   39           val=   2.06907
  70 k  1.0000000000000 stre  48   38           val=   2.06979
  71 k -0.3159146311472 bend  39   40   48      val=   0.42063
       -0.4545520242316 bend  38   40   48
       -0.4402908312275 bend  38   39   48
        0.4152651904693 bend  37   40   48
        0.4227022519797 bend  37   39   48
        0.3854893186418 bend  37   38   48
  72 k  0.7772876605849 bend  39   40   48      val=   2.37283
       -0.3659907773998 bend  38   40   48
       -0.2453493333921 bend  38   39   48
        0.1177283995571 bend  37   40   48
        0.1769286508925 bend  37   39   48
       -0.3956192924970 bend  37   38   48
  73 k  0.0730678083169 bend  39   40   48      val=   0.95885
        0.6180840050609 bend  38   40   48
       -0.6846751992258 bend  38   39   48
        0.2856812365221 bend  37   40   48
       -0.2477392146274 bend  37   39   48
       -0.0294048002168 bend  37   38   48
  74 k -0.3233333622545 bend  39   40   48      val=  -1.07425
        0.0222739147447 bend  38   40   48
        0.2786553891082 bend  38   39   48
        0.6475307676897 bend  37   40   48
        0.0116602160650 bend  37   39   48
       -0.6307761314069 bend  37   38   48
  75 k -0.1832723409613 bend  39   40   48      val=   0.56593
        0.3232850721290 bend  38   40   48
       -0.1481925912821 bend  38   39   48
       -0.3893218099985 bend  37   40   48
        0.7541675429675 bend  37   39   48
       -0.3458277207802 bend  37   38   48
  76 k  1.0000000000000 stre  41   42           val=   2.06949
  77 k  1.0000000000000 stre  41   43           val=   2.06984
  78 k  0.0039021262546 bend  43   42   41      val=   0.02452
        0.4370420789446 bend  26   42   41
        0.5542500856991 bend  26   43   41
       -0.4369518173312 bend  37   42   41
       -0.5575472594104 bend  37   43   41
  79 k -0.8316965379774 bend  43   42   41      val=  11.71575
        0.1085468565034 bend  26   42   41
        0.3803460893735 bend  26   43   41
        0.1046555749450 bend  37   42   41
        0.3753431917471 bend  37   43   41
  80 k -0.2031899175960 bend  43   42   41      val=   4.46423
        0.5742975724720 bend  26   42   41
       -0.3858280602962 bend  26   43   41
        0.5754870224467 bend  37   42   41
       -0.3858076600116 bend  37   43   41
  81 k -0.0000412818171 bend  43   42   41      val=   0.03299
        0.5563666125993 bend  26   42   41
       -0.4371469143059 bend  26   43   41
       -0.5554416442666 bend  37   42   41
        0.4368562072443 bend  37   43   41
  82 k  0.3333333333333 tors  47   44   37   36 val=  57.74853
        0.3333333333333 tors  47   44   37   41
        0.3333333333333 tors  47   44   37   48
        0.3333333333333 tors  45   44   37   36
        0.3333333333333 tors  45   44   37   41
        0.3333333333333 tors  45   44   37   48
        0.3333333333333 tors  46   44   37   36
        0.3333333333333 tors  46   44   37   41
        0.3333333333333 tors  46   44   37   48
  83 k  1.0000000000000 stre  44   47           val=   2.06531
  84 k  1.0000000000000 stre  44   45           val=   2.06799
  85 k  1.0000000000000 stre  44   46           val=   2.07030
  86 k  0.3608185656566 bend  45   47   44      val=   0.45394
        0.4450515645324 bend  46   47   44
        0.4278248427011 bend  46   45   44
       -0.4079859941057 bend  37   47   44
       -0.4109925703298 bend  37   45   44
       -0.3915833337872 bend  37   46   44
  87 k  0.7519908908498 bend  45   47   44      val=   1.66209
       -0.2281366602057 bend  46   47   44
       -0.4291152612749 bend  46   45   44
        0.2102572065674 bend  37   47   44
        0.1152817058626 bend  37   45   44
       -0.3752672278124 bend  37   46   44
  88 k  0.1278123699805 bend  45   47   44      val=   0.34880
       -0.6868344052879 bend  46   47   44
        0.5922812537680 bend  46   45   44
       -0.2610781599430 bend  37   47   44
        0.2993474906848 bend  37   45   44
       -0.0579196723867 bend  37   46   44
  89 k -0.3117409634989 bend  45   47   44      val=  -0.16168
       -0.0050682398044 bend  46   47   44
        0.3064539234166 bend  46   45   44
        0.6578729452714 bend  37   47   44
       -0.0296157542159 bend  37   45   44
       -0.6125389558442 bend  37   46   44
  90 k -0.1932570494514 bend  45   47   44      val=   0.08896
        0.3303683327428 bend  46   47   44
       -0.1451549439886 bend  46   45   44
       -0.3474044219102 bend  37   47   44
        0.7499746530999 bend  37   45   44
       -0.3863763801510 bend  37   46   44
  91 k  1.0000000000000 stre   1    5           val=   2.83286
  92 k -0.7071464952504 bend   4    5    1      val=   0.96563
        0.7069076872518 bend   2    5    1
        0.0150118606220 bend  36    5    1
  93 k -0.0294591950306 bend   4    5    1      val= 108.80671
       -0.0506685973320 bend   2    5    1
        0.9982809469646 bend  36    5    1
  94 k  1.0000000000000 stre   4    9           val=   2.82885
  95 k -0.7073265054106 bend   1    9    4      val=  -0.34542
        0.7067997137824 bend   3    9    4
        0.0111076253377 bend  36    9    4
  96 k -0.0264593046589 bend   1    9    4      val= 109.41579
       -0.0421749143674 bend   3    9    4
        0.9987598218766 bend  36    9    4
  97 k  1.0000000000000 stre   3   13           val=   2.82891
  98 k -0.7066798264413 bend  35   13    3      val=   2.10900
        0.7064503222676 bend   4   13    3
        0.0391352152016 bend  36   13    3
  99 k  0.0175007386075 bend  35   13    3      val= 116.60832
       -0.0378423872662 bend   4   13    3
        0.9991304608880 bend  36   13    3
 100 k  1.0000000000000 stre  35   17           val=   2.83296
 101 k -0.7068771541670 bend   3   17   35      val=   2.88140
        0.7063667548017 bend   2   17   35
        0.0370229203017 bend  36   17   35
 102 k -0.0060880782138 bend   3   17   35      val= 112.25669
       -0.0584151715661 bend   2   17   35
        0.9982738116542 bend  36   17   35
 103 k  1.0000000000000 stre   2   21           val=   2.83318
 104 k  0.7070794337750 bend   1   21    2      val=   0.80702
       -0.7070767370708 bend  35   21    2
        0.0090090080323 bend  36   21    2
 105 k -0.0982656618056 bend   1   21    2      val=  89.63682
       -0.0856335292037 bend  35   21    2
        0.9914689901283 bend  36   21    2
 106 k  1.0000000000000 stre  26   27           val=   3.47220
 107 k  1.0000000000000 stre  26   31           val=   3.48122
 108 k  0.0544715692537 bend  31   27   26      val=   1.70289
       -0.6033752436602 bend  36   27   26
        0.4647772375899 bend  36   31   26
       -0.3702498882436 bend  41   27   26
        0.5290258057552 bend  41   31   26
 109 k  0.2839667977860 bend  31   27   26      val=   7.72368
       -0.3925371402744 bend  36   27   26
       -0.5379584057226 bend  36   31   26
        0.5671937244959 bend  41   27   26
        0.3926442204658 bend  41   31   26
 110 k -0.8067096490077 bend  31   27   26      val=  20.05129
        0.1487656232333 bend  36   27   26
        0.1593210452252 bend  36   31   26
        0.3906280125951 bend  41   27   26
        0.3861539742982 bend  41   31   26
 111 k  0.0021693856827 bend  31   27   26      val=  -0.03442
        0.4455972112862 bend  36   27   26
       -0.4696283667659 bend  36   31   26
       -0.5223410730887 bend  41   27   26
        0.5550201974281 bend  41   31   26
 112 k  1.0000000000000 stre  37   48           val=   3.47231
 113 k  1.0000000000000 stre  37   44           val=   3.48111
 114 k  0.0404195905468 bend  44   48   37      val=   1.17863
       -0.5817390924678 bend  36   48   37
        0.4881269806887 bend  36   44   37
       -0.4006586171547 bend  41   48   37
        0.5110289700381 bend  41   44   37
 115 k  0.2908090344464 bend  44   48   37      val=   7.75464
       -0.4219480858967 bend  36   48   37
       -0.5148794133357 bend  36   44   37
        0.5463785875893 bend  41   48   37
        0.4168447517235 bend  41   44   37
 116 k -0.8038516809853 bend  44   48   37      val=  20.42842
        0.1482585496563 bend  36   48   37
        0.1577786896707 bend  36   44   37
        0.3934155484892 bend  41   48   37
        0.3900922566825 bend  41   44   37
 117 k  0.0025894513789 bend  44   48   37      val=  -0.12016
        0.4479425982811 bend  36   48   37
       -0.4721209130801 bend  36   44   37
       -0.5214013566813 bend  41   48   37
        0.5518905616788 bend  41   44   37
 118 k  1.0000000000000 stre  36   26           val=   4.30226
 119 k  1.0000000000000 stre  26   41           val=   3.51016
 120 k  1.0000000000000 stre  41   37           val=   3.51014
 121 k  1.0000000000000 stre  37   36           val=   4.30220
 122 k -0.5000000000000 bend  36   41   26      val=  -7.77194
        0.5000000000000 bend  26   37   41
       -0.5000000000000 bend  41   36   37
        0.5000000000000 bend  37   26   36
 123 k -0.5000000000000 tors  26   41   37   36 val=  17.34129
        0.5000000000000 tors  41   37   36   26
       -0.5000000000000 tors  37   36   26   41
        0.5000000000000 tors  36   26   41   37
 124 k  0.4976659524878 bend   2   26   36      val=  88.93859
        0.1952128878623 bend   2   37   36
        0.4903630272853 bend   1   26   36
        0.3341582096549 bend   1   37   36
        0.2940699445463 bend   4   26   36
        0.4260064950023 bend  35   26   36
       -0.0891776248905 bend  35   37   36
       -0.2935840691997 bend   3   37   36
 125 k  0.1042438047408 bend   2   26   36      val=  70.70002
        0.4835126810428 bend   2   37   36
       -0.1837649832596 bend   1   26   36
        0.3416977244544 bend   1   37   36
       -0.3809872402400 bend   4   26   36
        0.2278090815597 bend  35   26   36
        0.5194998517785 bend  35   37   36
        0.3713400888803 bend   3   37   36
 126 k  0.3870339843501 bend   2   26   36      val=   1.86674
       -0.3786564060809 bend   2   37   36
        0.0533225940238 bend   1   26   36
       -0.5357887171438 bend   1   37   36
       -0.2780824613419 bend   4   26   36
        0.4899799080346 bend  35   26   36
        0.0017618355304 bend  35   37   36
        0.3154328819131 bend   3   37   36
 127 k  0.5000000000000 tors   3   36    1    2 val=  -0.32567
        0.5000000000000 tors   3   36    1    4
        0.5000000000000 tors  35   36    1    2
        0.5000000000000 tors  35   36    1    4
 128 k  0.5000000000000 tors   3   36    2    1 val=   0.00147
        0.5000000000000 tors   3   36    2   35
        0.5000000000000 tors   4   36    2    1
        0.5000000000000 tors   4   36    2   35
 129 k  0.5000000000000 tors   1   36    3    4 val=   0.09380
        0.5000000000000 tors   1   36    3   35
        0.5000000000000 tors   2   36    3    4
        0.5000000000000 tors   2   36    3   35
 130 k  0.5000000000000 tors   2   36    4    1 val=  -0.09845
        0.5000000000000 tors   2   36    4    3
        0.5000000000000 tors  35   36    4    1
        0.5000000000000 tors  35   36    4    3
 131 k  0.5000000000000 tors   1   36   35    2 val=   0.32892
        0.5000000000000 tors   1   36   35    3
        0.5000000000000 tors   4   36   35    2
        0.5000000000000 tors   4   36   35    3
 132 k  1.0000000000000 stre   1    4           val=   2.69863
 133 k  1.0000000000000 stre   1    2           val=   2.73875
 134 k  1.0000000000000 stre   1   36           val=   4.16184
 135 k  1.0000000000000 stre   4   36           val=   4.17082
 136 k  1.0000000000000 stre   2   36           val=   4.10977
 137 k  1.0000000000000 bend   2    4    1      val= 108.47444
 138 k  1.0000000000000 stre   2   35           val=   2.73881
 139 k  1.0000000000000 stre  35   36           val=   4.16221
 140 k  1.0000000000000 bend  35    1    2      val= 107.31296
 141 k  1.0000000000000 stre   3   35           val=   2.69859
 142 k  1.0000000000000 stre   3    4           val=   2.75835
 143 k  1.0000000000000 stre   3   36           val=   4.17129
 144 k  1.0000000000000 bend   4   35    3      val= 107.84333
 145 k  1.0000000000000 bend   3    1    4      val= 107.84170
 146 k  1.0000000000000 bend   2    3   35      val= 108.47358
 147 k  0.4547676233852 bend   4    2   36      val=  64.12510
        0.4457289657043 bend  35    1   36
        0.4434215009938 bend  35    4   36
        0.4481142005951 bend   3    2   36
        0.4439404616998 bend   3    1   36
 148 k -0.6121202999006 bend   4    2   36      val=   0.30796
        0.5833188284912 bend  35    1   36
       -0.0424452752713 bend  35    4   36
       -0.3303718218037 bend   3    2   36
        0.4172538085416 bend   3    1   36
 149 k  0.1488213829249 bend   4    2   36      val=  -0.03916
        0.2356937974385 bend  35    1   36
        0.6343269128975 bend  35    4   36
       -0.5418853845920 bend   3    2   36
       -0.4756997239572 bend   3    1   36
 150 k -0.6167449908419 bend   4    2   36      val=   0.31760
       -0.0635635688965 bend  35    1   36
        0.4266598290808 bend  35    4   36
        0.5784878403350 bend   3    2   36
       -0.3144813155243 bend   3    1   36
 151 k -0.1263841739533 bend   4    2   36      val=   0.14877
       -0.6336189233427 bend  35    1   36
        0.4660112969514 bend  35    4   36
       -0.2485159373830 bend   3    2   36
        0.5510239564088 bend   3    1   36
       138 non zero eigenvalues  of BmBt
           1           4.536381384    1    0
         1
           2           3.951925942    2    0
         2
           3           3.926586335    3    0
         3
           4           3.846070738    4    0
         4
           5           3.729139407    5    0
         5
           6           3.704961727    6    0
         6
           7           3.690432087    7    0
         7
           8           3.659680230    8    0
         8
           9           3.533850785    9    0
         9
          10           3.508713226   10    0
        10
          11           3.506436956   11    0
        11
          12           3.488227829   12    0
        12
          13           3.462965909   13    0
        13
          14           3.429037754   14    0
        14
          15           3.426466648   15    0
        15
          16           3.318404016   16    0
        16
          17           3.278864279   17    0
        17
          18           3.254665031   18    0
        18
          19           3.251847121   19    0
        19
          20           3.216891802   20    0
        20
          21           3.212065134   21    0
        21
          22           3.201122127   22    0
        22
          23           3.193791510   23    0
        23
          24           3.179507259   24    0
        24
          25           3.126349029   25    0
        25
          26           3.121404803   26    0
        26
          27           3.101703299   27    0
        27
          28           3.077836623   28    0
        28
          29           3.070018783   29    0
        29
          30           2.930047295   30    0
        30
          31           2.703082168   31    0
        31
          32           2.670303852   32    0
        32
          33           2.585648532   33    0
        33
          34           1.895967496   34    0
        34
          35           1.830214998   35    0
        35
          36           1.627359847   36    0
        36
          37           1.542804881   37    0
        37
          38           1.535392154   38    0
        38
          39           1.507552372   39    0
        39
          40           1.479052853   40    0
        40
          41           1.460603139   41    0
        41
          42           1.458150683   42    0
        42
          43           1.216394117   43    0
        43
          44           1.198925930   44    0
        44
          45           1.044762732   45    0
        45
          46           1.036968225   46    0
        46
          47           1.030858370   47    0
        47
          48           0.969940595   48    0
        48
          49           0.931231291   49    0
        49
          50           0.901171544   50    0
        50
          51           0.891964866   51    0
        51
          52           0.866038317   52    0
        52
          53           0.855733783   53    0
        53
          54           0.852215616   54    0
        54
          55           0.824378780   55    0
        55
          56           0.816542740   56    0
        56
          57           0.802523743   57    0
        57
          58           0.785951024   58    0
        58
          59           0.785241436   59    0
        59
          60           0.777405966   60    0
        60
          61           0.761227066   61    0
        61
          62           0.734595546   62    0
        62
          63           0.701415178   63    0
        63
          64           0.701164665   64    0
        64
          65           0.698224691   65    0
        65
          66           0.693070761   66    0
        66
          67           0.692843789   67    0
        67
          68           0.685777397   68    0
        68
          69           0.684703816   69    0
        69
          70           0.684027417   70    0
        70
          71           0.680918259   71    0
        71
          72           0.680213307   72    0
        72
          73           0.680020234   73    0
        73
          74           0.679642901   74    0
        74
          75           0.679303038   75    0
        75
          76           0.678126488   76    0
        76
          77           0.677387705   77    0
        77
          78           0.676542087   78    0
        78
          79           0.675559759   79    0
        79
          80           0.674516949   80    0
        80
          81           0.670697341   81    0
        81
          82           0.669571978   82    0
        82
          83           0.655890638   83    0
        83
          84           0.642123898   84    0
        84
          85           0.630495234   85    0
        85
          86           0.627657085   86    0
        86
          87           0.555970740   87    0
        87
          88           0.463756301   88    0
        88
          89           0.458581960   89    0
        89
          90           0.441402764   90    0
        90
          91           0.439268177   91    0
        91
          92           0.397344100   92    0
        92
          93           0.340425928   93    0
        93
          94           0.334067161   94    0
        94
          95           0.318438477   95    0
        95
          96           0.317115552   96    0
        96
          97           0.309449434   97    0
        97
          98           0.300894674   98    0
        98
          99           0.295754653   99    0
        99
         100           0.288309559  100    0
       100
         101           0.283506840  101    0
       101
         102           0.255321972  102    0
       102
         103           0.244642334  103    0
       103
         104           0.203743158  104    0
       104
         105           0.195853457  105    0
       105
         106           0.164082918  106    0
       106
         107           0.117313052  107    0
       107
         108           0.113985921  108    0
       108
         109           0.110525658  109    0
       109
         110           0.107331627  110    0
       110
         111           0.102132389  111    0
       111
         112           0.089962994  112    0
       112
         113           0.083122189  113    0
       113
         114           0.074560431  114    0
       114
         115           0.073120973  115    0
       115
         116           0.066789196  116    0
       116
         117           0.059707330  117    0
       117
         118           0.052363542  118    0
       118
         119           0.046465637  119    0
       119
         120           0.040075986  120    0
       120
         121           0.024512814  121    0
       121
         122           0.016757426  122    0
       122
         123           0.016641068  123    0
       123
         124           0.013952923  124    0
       124
         125           0.006976583  125    0
       125
         126           0.003406002  126    0
       126
         127           0.497572700    0    0
         0.000000000         0.000000000         0.000000000         0.000000000
         0.000000000         0.000000000         0.000000000         0.000000000
         0.000000000         0.000000000         0.000000000         0.000000000
         0.000000000         0.000000000         0.000000000         0.000000000
         0.000000000         0.000000000         0.000000000         0.000000000
         0.000000000         0.000000000         0.000000000         0.000000000
         0.000000000         0.000000000         0.000000000         0.000000000
         0.000000000         0.000000000         0.000000000         0.000000000
         0.000000000         0.000000000         0.000000000         0.000000000
         0.000000000         0.000000000         0.000000000         0.000000000
         0.000000000         0.000000000         0.000000000         0.000000000
         0.000000000         0.000000000         0.000000000         0.000000000
         0.000000000         0.000000000         0.000000000         0.000000000
         0.000000000         0.000000000         0.000000000         0.000000000
         0.000000000         0.000000000         0.000000000         0.000000000
         0.000000000         0.000000000         0.000000000         0.000000000
         0.000000000         0.000000000         0.000000000         0.000000000
         0.000000000         0.000000000         0.000000000         0.000000000
         0.000000000         0.000000000         0.000000000         0.000000000
         0.000000000         0.000000000         0.000000000         0.000000000
         0.000000000         0.000000000         0.000000000         0.000000000
         0.000000000         0.000000000         0.000000000         0.000000000
         0.000000000         0.000000000         0.000000000         0.000000000
         0.000000000         0.000000000         0.000000000         0.000000000
         0.000000000         0.000000000         0.000000000         0.000000000
         0.000000000         0.000000000         0.000000000         0.000000000
         0.000000000         0.000000000         0.000000000         0.000000000
         0.000000000         0.000000000         0.000000000         0.000000000
         0.000000000         0.000000000         0.000000000         0.000000000
         0.000000000         0.000000000         0.000000000         0.000000000
         0.000000000         0.000000000         0.000000000         0.000000000
         0.000000000         0.000000000        -0.090832700         0.005435957
        -0.110139503         0.109782854         0.081113509        -0.005161710
        -0.323506726        -0.398908607        -0.228618553        -0.185766512
         0.072262246        -0.309617909        -0.412730856        -0.092074224
        -0.015762924        -0.513214709        -0.225559761        -0.032322043
        -0.022202572         0.079553613        -0.044568420        -0.070597784
        -0.032815836        -0.000673921        -0.005642262
         128           0.464952836    0    0
         0.000000000         0.000000000         0.000000000         0.000000000
         0.000000000         0.000000000         0.000000000         0.000000000
         0.000000000         0.000000000         0.000000000         0.000000000
         0.000000000         0.000000000         0.000000000         0.000000000
         0.000000000         0.000000000         0.000000000         0.000000000
         0.000000000         0.000000000         0.000000000         0.000000000
         0.000000000         0.000000000         0.000000000         0.000000000
         0.000000000         0.000000000         0.000000000         0.000000000
         0.000000000         0.000000000         0.000000000         0.000000000
         0.000000000         0.000000000         0.000000000         0.000000000
         0.000000000         0.000000000         0.000000000         0.000000000
         0.000000000         0.000000000         0.000000000         0.000000000
         0.000000000         0.000000000         0.000000000         0.000000000
         0.000000000         0.000000000         0.000000000         0.000000000
         0.000000000         0.000000000         0.000000000         0.000000000
         0.000000000         0.000000000         0.000000000         0.000000000
         0.000000000         0.000000000         0.000000000         0.000000000
         0.000000000         0.000000000         0.000000000         0.000000000
         0.000000000         0.000000000         0.000000000         0.000000000
         0.000000000         0.000000000         0.000000000         0.000000000
         0.000000000         0.000000000         0.000000000         0.000000000
         0.000000000         0.000000000         0.000000000         0.000000000
         0.000000000         0.000000000         0.000000000         0.000000000
         0.000000000         0.000000000         0.000000000         0.000000000
         0.000000000         0.000000000         0.000000000         0.000000000
         0.000000000         0.000000000         0.000000000         0.000000000
         0.000000000         0.000000000         0.000000000         0.000000000
         0.000000000         0.000000000         0.000000000         0.000000000
         0.000000000         0.000000000         0.000000000         0.000000000
         0.000000000         0.000000000         0.000000000         0.000000000
         0.000000000         0.000000000         0.000000000         0.000000000
         0.000000000         0.000000000         0.171268627        -0.210958021
        -0.094249333        -0.049675916         0.202979891        -0.211195776
         0.470910976        -0.139335921         0.277427912         0.034206758
         0.111388111        -0.475571116         0.132554981        -0.012626021
         0.342681146        -0.044349511        -0.221235287         0.167378007
        -0.172847028        -0.089038032         0.006399199        -0.066319842
         0.121613921        -0.002073733        -0.000363990
         129           0.450841927    0    0
         0.000000000         0.000000000         0.000000000         0.000000000
         0.000000000         0.000000000         0.000000000         0.000000000
         0.000000000         0.000000000         0.000000000         0.000000000
         0.000000000         0.000000000         0.000000000         0.000000000
         0.000000000         0.000000000         0.000000000         0.000000000
         0.000000000         0.000000000         0.000000000         0.000000000
         0.000000000         0.000000000         0.000000000         0.000000000
         0.000000000         0.000000000         0.000000000         0.000000000
         0.000000000         0.000000000         0.000000000         0.000000000
         0.000000000         0.000000000         0.000000000         0.000000000
         0.000000000         0.000000000         0.000000000         0.000000000
         0.000000000         0.000000000         0.000000000         0.000000000
         0.000000000         0.000000000         0.000000000         0.000000000
         0.000000000         0.000000000         0.000000000         0.000000000
         0.000000000         0.000000000         0.000000000         0.000000000
         0.000000000         0.000000000         0.000000000         0.000000000
         0.000000000         0.000000000         0.000000000         0.000000000
         0.000000000         0.000000000         0.000000000         0.000000000
         0.000000000         0.000000000         0.000000000         0.000000000
         0.000000000         0.000000000         0.000000000         0.000000000
         0.000000000         0.000000000         0.000000000         0.000000000
         0.000000000         0.000000000         0.000000000         0.000000000
         0.000000000         0.000000000         0.000000000         0.000000000
         0.000000000         0.000000000         0.000000000         0.000000000
         0.000000000         0.000000000         0.000000000         0.000000000
         0.000000000         0.000000000         0.000000000         0.000000000
         0.000000000         0.000000000         0.000000000         0.000000000
         0.000000000         0.000000000         0.000000000         0.000000000
         0.000000000         0.000000000         0.000000000         0.000000000
         0.000000000         0.000000000         0.000000000         0.000000000
         0.000000000         0.000000000         0.000000000         0.000000000
         0.000000000         0.000000000         0.167488141        -0.027228638
         0.135061827        -0.149395439        -0.117388225        -0.514307656
         0.037038468         0.006399563        -0.322974272        -0.188775922
        -0.082299090        -0.058820365         0.031352877         0.104194659
        -0.477896464         0.221228966        -0.419000507         0.085549555
         0.006908552        -0.121407045        -0.043283051         0.090839678
         0.059237155         0.001073266         0.016998050
         130           0.311077146    0    0
         0.000000000         0.000000000         0.000000000         0.000000000
         0.000000000         0.000000000         0.000000000         0.000000000
         0.000000000         0.000000000         0.000000000         0.000000000
         0.000000000         0.000000000         0.000000000         0.000000000
         0.000000000         0.000000000         0.000000000         0.000000000
         0.000000000         0.000000000         0.000000000         0.000000000
         0.000000000         0.000000000         0.000000000         0.000000000
         0.000000000         0.000000000         0.000000000         0.000000000
         0.000000000         0.000000000         0.000000000         0.000000000
         0.000000000         0.000000000         0.000000000         0.000000000
         0.000000000         0.000000000         0.000000000         0.000000000
         0.000000000         0.000000000         0.000000000         0.000000000
         0.000000000         0.000000000         0.000000000         0.000000000
         0.000000000         0.000000000         0.000000000         0.000000000
         0.000000000         0.000000000         0.000000000         0.000000000
         0.000000000         0.000000000         0.000000000         0.000000000
         0.000000000         0.000000000         0.000000000         0.000000000
         0.000000000         0.000000000         0.000000000         0.000000000
         0.000000000         0.000000000         0.000000000         0.000000000
         0.000000000         0.000000000         0.000000000         0.000000000
         0.000000000         0.000000000         0.000000000         0.000000000
         0.000000000         0.000000000         0.000000000         0.000000000
         0.000000000         0.000000000         0.000000000         0.000000000
         0.000000000         0.000000000         0.000000000         0.000000000
         0.000000000         0.000000000         0.000000000         0.000000000
         0.000000000         0.000000000         0.000000000         0.000000000
         0.000000000         0.000000000         0.000000000         0.000000000
         0.000000000         0.000000000         0.000000000         0.000000000
         0.000000000         0.000000000         0.000000000         0.000000000
         0.000000000         0.000000000         0.000000000         0.000000000
         0.000000000         0.000000000         0.000000000         0.000000000
         0.000000000         0.000000000        -0.039669714         0.037079208
        -0.016372111         0.016801965         0.002397870        -0.331563080
         0.337359225        -0.014056404        -0.237074185         0.131862303
        -0.026213347        -0.228464701        -0.296485330        -0.198566338
         0.031834340         0.194953589         0.369029292        -0.382215778
         0.246360576         0.363532580         0.007664745        -0.016213610
        -0.065246350        -0.004166630        -0.002794442
         131           0.308442732    0    0
         0.000000000         0.000000000         0.000000000         0.000000000
         0.000000000         0.000000000         0.000000000         0.000000000
         0.000000000         0.000000000         0.000000000         0.000000000
         0.000000000         0.000000000         0.000000000         0.000000000
         0.000000000         0.000000000         0.000000000         0.000000000
         0.000000000         0.000000000         0.000000000         0.000000000
         0.000000000         0.000000000         0.000000000         0.000000000
         0.000000000         0.000000000         0.000000000         0.000000000
         0.000000000         0.000000000         0.000000000         0.000000000
         0.000000000         0.000000000         0.000000000         0.000000000
         0.000000000         0.000000000         0.000000000         0.000000000
         0.000000000         0.000000000         0.000000000         0.000000000
         0.000000000         0.000000000         0.000000000         0.000000000
         0.000000000         0.000000000         0.000000000         0.000000000
         0.000000000         0.000000000         0.000000000         0.000000000
         0.000000000         0.000000000         0.000000000         0.000000000
         0.000000000         0.000000000         0.000000000         0.000000000
         0.000000000         0.000000000         0.000000000         0.000000000
         0.000000000         0.000000000         0.000000000         0.000000000
         0.000000000         0.000000000         0.000000000         0.000000000
         0.000000000         0.000000000         0.000000000         0.000000000
         0.000000000         0.000000000         0.000000000         0.000000000
         0.000000000         0.000000000         0.000000000         0.000000000
         0.000000000         0.000000000         0.000000000         0.000000000
         0.000000000         0.000000000         0.000000000         0.000000000
         0.000000000         0.000000000         0.000000000         0.000000000
         0.000000000         0.000000000         0.000000000         0.000000000
         0.000000000         0.000000000         0.000000000         0.000000000
         0.000000000         0.000000000         0.000000000         0.000000000
         0.000000000         0.000000000         0.000000000         0.000000000
         0.000000000         0.000000000         0.000000000         0.000000000
         0.000000000         0.000000000        -0.024318212        -0.028840831
        -0.053582296         0.050318388         0.057439905        -0.089561430
        -0.072592822        -0.321817613         0.310886706         0.258277408
         0.409150528         0.249085037        -0.168768211        -0.344105625
        -0.322593092         0.290391548        -0.067167296         0.084776829
        -0.307973850         0.172954077         0.012145889        -0.091036006
         0.004569873         0.001466716        -0.003008433
         132           0.211376951    0    0
         0.000000000         0.000000000         0.000000000         0.000000000
         0.000000000         0.000000000         0.000000000         0.000000000
         0.000000000         0.000000000         0.000000000         0.000000000
         0.000000000         0.000000000         0.000000000         0.000000000
         0.000000000         0.000000000         0.000000000         0.000000000
         0.000000000         0.000000000         0.000000000         0.000000000
         0.000000000         0.000000000         0.000000000         0.000000000
         0.000000000         0.000000000         0.000000000         0.000000000
         0.000000000         0.000000000         0.000000000         0.000000000
         0.000000000         0.000000000         0.000000000         0.000000000
         0.000000000         0.000000000         0.000000000         0.000000000
         0.000000000         0.000000000         0.000000000         0.000000000
         0.000000000         0.000000000         0.000000000         0.000000000
         0.000000000         0.000000000         0.000000000         0.000000000
         0.000000000         0.000000000         0.000000000         0.000000000
         0.000000000         0.000000000         0.000000000         0.000000000
         0.000000000         0.000000000         0.000000000         0.000000000
         0.000000000         0.000000000         0.000000000         0.000000000
         0.000000000         0.000000000         0.000000000         0.000000000
         0.000000000         0.000000000         0.000000000         0.000000000
         0.000000000         0.000000000         0.000000000         0.000000000
         0.000000000         0.000000000         0.000000000         0.000000000
         0.000000000         0.000000000         0.000000000         0.000000000
         0.000000000         0.000000000         0.000000000         0.000000000
         0.000000000         0.000000000         0.000000000         0.000000000
         0.000000000         0.000000000         0.000000000         0.000000000
         0.000000000         0.000000000         0.000000000         0.000000000
         0.000000000         0.000000000         0.000000000         0.000000000
         0.000000000         0.000000000         0.000000000         0.000000000
         0.000000000         0.000000000         0.000000000         0.000000000
         0.000000000         0.000000000         0.000000000         0.000000000
         0.000000000         0.000000000        -0.011815674         0.028606978
        -0.016665370        -0.009773455         0.008588204         0.290126130
         0.217638576         0.558757994         0.232228564         0.115309309
        -0.147431224        -0.158799894        -0.480675804        -0.027336650
        -0.285181067        -0.082224814        -0.308224335         0.064480949
        -0.032083410         0.142140401        -0.015654460        -0.001023610
        -0.008045601        -0.008507717        -0.001705835
         133           0.204558148    0    0
         0.000000000         0.000000000         0.000000000         0.000000000
         0.000000000         0.000000000         0.000000000         0.000000000
         0.000000000         0.000000000         0.000000000         0.000000000
         0.000000000         0.000000000         0.000000000         0.000000000
         0.000000000         0.000000000         0.000000000         0.000000000
         0.000000000         0.000000000         0.000000000         0.000000000
         0.000000000         0.000000000         0.000000000         0.000000000
         0.000000000         0.000000000         0.000000000         0.000000000
         0.000000000         0.000000000         0.000000000         0.000000000
         0.000000000         0.000000000         0.000000000         0.000000000
         0.000000000         0.000000000         0.000000000         0.000000000
         0.000000000         0.000000000         0.000000000         0.000000000
         0.000000000         0.000000000         0.000000000         0.000000000
         0.000000000         0.000000000         0.000000000         0.000000000
         0.000000000         0.000000000         0.000000000         0.000000000
         0.000000000         0.000000000         0.000000000         0.000000000
         0.000000000         0.000000000         0.000000000         0.000000000
         0.000000000         0.000000000         0.000000000         0.000000000
         0.000000000         0.000000000         0.000000000         0.000000000
         0.000000000         0.000000000         0.000000000         0.000000000
         0.000000000         0.000000000         0.000000000         0.000000000
         0.000000000         0.000000000         0.000000000         0.000000000
         0.000000000         0.000000000         0.000000000         0.000000000
         0.000000000         0.000000000         0.000000000         0.000000000
         0.000000000         0.000000000         0.000000000         0.000000000
         0.000000000         0.000000000         0.000000000         0.000000000
         0.000000000         0.000000000         0.000000000         0.000000000
         0.000000000         0.000000000         0.000000000         0.000000000
         0.000000000         0.000000000         0.000000000         0.000000000
         0.000000000         0.000000000         0.000000000         0.000000000
         0.000000000         0.000000000         0.000000000         0.000000000
         0.000000000         0.000000000         0.058536226         0.001404277
         0.029062882        -0.043363375        -0.043522496         0.091863273
        -0.149453544        -0.086887242         0.353734697        -0.665721540
        -0.031446733        -0.225402799        -0.245760386         0.185143028
        -0.010536774         0.402607972         0.234878366        -0.064438099
        -0.102457919         0.009205707         0.073271622         0.031058504
         0.017579793        -0.001957578         0.009482582
         134           0.128805536    0    0
         0.000000000         0.000000000         0.000000000         0.000000000
         0.000000000         0.000000000         0.000000000         0.000000000
         0.000000000         0.000000000         0.000000000         0.000000000
         0.000000000         0.000000000         0.000000000         0.000000000
         0.000000000         0.000000000         0.000000000         0.000000000
         0.000000000         0.000000000         0.000000000         0.000000000
         0.000000000         0.000000000         0.000000000         0.000000000
         0.000000000         0.000000000         0.000000000         0.000000000
         0.000000000         0.000000000         0.000000000         0.000000000
         0.000000000         0.000000000         0.000000000         0.000000000
         0.000000000         0.000000000         0.000000000         0.000000000
         0.000000000         0.000000000         0.000000000         0.000000000
         0.000000000         0.000000000         0.000000000         0.000000000
         0.000000000         0.000000000         0.000000000         0.000000000
         0.000000000         0.000000000         0.000000000         0.000000000
         0.000000000         0.000000000         0.000000000         0.000000000
         0.000000000         0.000000000         0.000000000         0.000000000
         0.000000000         0.000000000         0.000000000         0.000000000
         0.000000000         0.000000000         0.000000000         0.000000000
         0.000000000         0.000000000         0.000000000         0.000000000
         0.000000000         0.000000000         0.000000000         0.000000000
         0.000000000         0.000000000         0.000000000         0.000000000
         0.000000000         0.000000000         0.000000000         0.000000000
         0.000000000         0.000000000         0.000000000         0.000000000
         0.000000000         0.000000000         0.000000000         0.000000000
         0.000000000         0.000000000         0.000000000         0.000000000
         0.000000000         0.000000000         0.000000000         0.000000000
         0.000000000         0.000000000         0.000000000         0.000000000
         0.000000000         0.000000000         0.000000000         0.000000000
         0.000000000         0.000000000         0.000000000         0.000000000
         0.000000000         0.000000000         0.000000000         0.000000000
         0.000000000         0.000000000        -0.266105702        -0.000267892
         0.150508547        -0.133962925         0.249417428         0.042612272
         0.463504964        -0.157333729        -0.063670660        -0.382629340
        -0.046202128         0.473771911        -0.158921810        -0.145468835
         0.060427109        -0.111858282        -0.108878984         0.109434027
         0.124016420        -0.047261887         0.302397988        -0.014386227
        -0.017423145        -0.007682458        -0.108996480
         135           0.109532976    0    0
         0.000000000         0.000000000         0.000000000         0.000000000
         0.000000000         0.000000000         0.000000000         0.000000000
         0.000000000         0.000000000         0.000000000         0.000000000
         0.000000000         0.000000000         0.000000000         0.000000000
         0.000000000         0.000000000         0.000000000         0.000000000
         0.000000000         0.000000000         0.000000000         0.000000000
         0.000000000         0.000000000         0.000000000         0.000000000
         0.000000000         0.000000000         0.000000000         0.000000000
         0.000000000         0.000000000         0.000000000         0.000000000
         0.000000000         0.000000000         0.000000000         0.000000000
         0.000000000         0.000000000         0.000000000         0.000000000
         0.000000000         0.000000000         0.000000000         0.000000000
         0.000000000         0.000000000         0.000000000         0.000000000
         0.000000000         0.000000000         0.000000000         0.000000000
         0.000000000         0.000000000         0.000000000         0.000000000
         0.000000000         0.000000000         0.000000000         0.000000000
         0.000000000         0.000000000         0.000000000         0.000000000
         0.000000000         0.000000000         0.000000000         0.000000000
         0.000000000         0.000000000         0.000000000         0.000000000
         0.000000000         0.000000000         0.000000000         0.000000000
         0.000000000         0.000000000         0.000000000         0.000000000
         0.000000000         0.000000000         0.000000000         0.000000000
         0.000000000         0.000000000         0.000000000         0.000000000
         0.000000000         0.000000000         0.000000000         0.000000000
         0.000000000         0.000000000         0.000000000         0.000000000
         0.000000000         0.000000000         0.000000000         0.000000000
         0.000000000         0.000000000         0.000000000         0.000000000
         0.000000000         0.000000000         0.000000000         0.000000000
         0.000000000         0.000000000         0.000000000         0.000000000
         0.000000000         0.000000000         0.000000000         0.000000000
         0.000000000         0.000000000         0.000000000         0.000000000
         0.000000000         0.000000000         0.082665871         0.380096727
        -0.278126265        -0.282668487         0.095930275         0.380558272
         0.229493069        -0.301375044        -0.132734703         0.000287021
        -0.170275308        -0.204409478         0.290894857        -0.000526516
        -0.376023857        -0.005894451         0.122193504         0.092509487
        -0.081970583         0.161850089         0.006877994         0.010581052
        -0.021772377        -0.149193711         0.013255412
         136           0.093060025    0    0
         0.000000000         0.000000000         0.000000000         0.000000000
         0.000000000         0.000000000         0.000000000         0.000000000
         0.000000000         0.000000000         0.000000000         0.000000000
         0.000000000         0.000000000         0.000000000         0.000000000
         0.000000000         0.000000000         0.000000000         0.000000000
         0.000000000         0.000000000         0.000000000         0.000000000
         0.000000000         0.000000000         0.000000000         0.000000000
         0.000000000         0.000000000         0.000000000         0.000000000
         0.000000000         0.000000000         0.000000000         0.000000000
         0.000000000         0.000000000         0.000000000         0.000000000
         0.000000000         0.000000000         0.000000000         0.000000000
         0.000000000         0.000000000         0.000000000         0.000000000
         0.000000000         0.000000000         0.000000000         0.000000000
         0.000000000         0.000000000         0.000000000         0.000000000
         0.000000000         0.000000000         0.000000000         0.000000000
         0.000000000         0.000000000         0.000000000         0.000000000
         0.000000000         0.000000000         0.000000000         0.000000000
         0.000000000         0.000000000         0.000000000         0.000000000
         0.000000000         0.000000000         0.000000000         0.000000000
         0.000000000         0.000000000         0.000000000         0.000000000
         0.000000000         0.000000000         0.000000000         0.000000000
         0.000000000         0.000000000         0.000000000         0.000000000
         0.000000000         0.000000000         0.000000000         0.000000000
         0.000000000         0.000000000         0.000000000         0.000000000
         0.000000000         0.000000000         0.000000000         0.000000000
         0.000000000         0.000000000         0.000000000         0.000000000
         0.000000000         0.000000000         0.000000000         0.000000000
         0.000000000         0.000000000         0.000000000         0.000000000
         0.000000000         0.000000000         0.000000000         0.000000000
         0.000000000         0.000000000         0.000000000         0.000000000
         0.000000000         0.000000000         0.000000000         0.000000000
         0.000000000         0.000000000        -0.226300757         0.006534980
         0.112515466        -0.108518994         0.215456353        -0.344599847
        -0.035033544         0.154240536         0.366107512        -0.149687589
        -0.019123103        -0.042186320         0.189833187        -0.112775204
        -0.330732873        -0.397343062         0.337648960         0.065007423
         0.075485233        -0.015979893        -0.354331629        -0.026873513
        -0.020990330        -0.010711382        -0.092192750
         137           0.067326971    0    0
         0.000000000         0.000000000         0.000000000         0.000000000
         0.000000000         0.000000000         0.000000000         0.000000000
         0.000000000         0.000000000         0.000000000         0.000000000
         0.000000000         0.000000000         0.000000000         0.000000000
         0.000000000         0.000000000         0.000000000         0.000000000
         0.000000000         0.000000000         0.000000000         0.000000000
         0.000000000         0.000000000         0.000000000         0.000000000
         0.000000000         0.000000000         0.000000000         0.000000000
         0.000000000         0.000000000         0.000000000         0.000000000
         0.000000000         0.000000000         0.000000000         0.000000000
         0.000000000         0.000000000         0.000000000         0.000000000
         0.000000000         0.000000000         0.000000000         0.000000000
         0.000000000         0.000000000         0.000000000         0.000000000
         0.000000000         0.000000000         0.000000000         0.000000000
         0.000000000         0.000000000         0.000000000         0.000000000
         0.000000000         0.000000000         0.000000000         0.000000000
         0.000000000         0.000000000         0.000000000         0.000000000
         0.000000000         0.000000000         0.000000000         0.000000000
         0.000000000         0.000000000         0.000000000         0.000000000
         0.000000000         0.000000000         0.000000000         0.000000000
         0.000000000         0.000000000         0.000000000         0.000000000
         0.000000000         0.000000000         0.000000000         0.000000000
         0.000000000         0.000000000         0.000000000         0.000000000
         0.000000000         0.000000000         0.000000000         0.000000000
         0.000000000         0.000000000         0.000000000         0.000000000
         0.000000000         0.000000000         0.000000000         0.000000000
         0.000000000         0.000000000         0.000000000         0.000000000
         0.000000000         0.000000000         0.000000000         0.000000000
         0.000000000         0.000000000         0.000000000         0.000000000
         0.000000000         0.000000000         0.000000000         0.000000000
         0.000000000         0.000000000         0.000000000         0.000000000
         0.000000000         0.000000000        -0.027639070        -0.105004530
        -0.373441609         0.282946372         0.226527022         0.019516232
        -0.025403499         0.408350529        -0.313285927        -0.358289680
         0.219118946         0.003129224         0.248376539        -0.220125293
        -0.029029010         0.095675039        -0.013904055        -0.002193513
        -0.182796352         0.130453230         0.007935329        -0.321790006
        -0.007371985        -0.003137062         0.024706479
         138           0.063652666    0    0
         0.000000000         0.000000000         0.000000000         0.000000000
         0.000000000         0.000000000         0.000000000         0.000000000
         0.000000000         0.000000000         0.000000000         0.000000000
         0.000000000         0.000000000         0.000000000         0.000000000
         0.000000000         0.000000000         0.000000000         0.000000000
         0.000000000         0.000000000         0.000000000         0.000000000
         0.000000000         0.000000000         0.000000000         0.000000000
         0.000000000         0.000000000         0.000000000         0.000000000
         0.000000000         0.000000000         0.000000000         0.000000000
         0.000000000         0.000000000         0.000000000         0.000000000
         0.000000000         0.000000000         0.000000000         0.000000000
         0.000000000         0.000000000         0.000000000         0.000000000
         0.000000000         0.000000000         0.000000000         0.000000000
         0.000000000         0.000000000         0.000000000         0.000000000
         0.000000000         0.000000000         0.000000000         0.000000000
         0.000000000         0.000000000         0.000000000         0.000000000
         0.000000000         0.000000000         0.000000000         0.000000000
         0.000000000         0.000000000         0.000000000         0.000000000
         0.000000000         0.000000000         0.000000000         0.000000000
         0.000000000         0.000000000         0.000000000         0.000000000
         0.000000000         0.000000000         0.000000000         0.000000000
         0.000000000         0.000000000         0.000000000         0.000000000
         0.000000000         0.000000000         0.000000000         0.000000000
         0.000000000         0.000000000         0.000000000         0.000000000
         0.000000000         0.000000000         0.000000000         0.000000000
         0.000000000         0.000000000         0.000000000         0.000000000
         0.000000000         0.000000000         0.000000000         0.000000000
         0.000000000         0.000000000         0.000000000         0.000000000
         0.000000000         0.000000000         0.000000000         0.000000000
         0.000000000         0.000000000         0.000000000         0.000000000
         0.000000000         0.000000000         0.000000000         0.000000000
         0.000000000         0.000000000        -0.287080192         0.286987329
        -0.030937487         0.246123343        -0.238718430        -0.060441494
         0.031934069        -0.076784443         0.313226410        -0.118692127
        -0.054402983        -0.060864006         0.324152318        -0.077600509
         0.064104164         0.055818922        -0.450987474        -0.277478545
         0.204235942         0.202105536         0.007144827         0.011586987
        -0.324553602         0.010940887         0.019148638
$end
