$coord
    0.05111029459262      3.06292335603211     -0.36350180388195      p
   -3.13741424623582      3.94069815050670      0.80644849565131      c
    1.98698884544544      4.30368130398819      2.27799600788447      c
    3.13760004346402     -1.87674487405369     -0.15015999118308      p
    0.03738296068745     -0.34619615637362      0.51980833463490      c
    2.30515995243776     -5.18016244509237      0.68667636309002      c
    2.89664413256014     -2.09561105927102     -3.63708003444970      c
   -4.57897790038718      3.08647662166560     -0.40636366338132      h
   -3.35958648594889      5.99574089810662      0.70844418885213      h
   -3.44605437297132      3.32302712812105      2.76069377016809      h
    1.24562446638473      3.71801392273610      4.12333808619659      h
    2.02674204110696      6.37003770214185      2.19162173154777      h
    3.92315259164681      3.60585217788062      2.08257001686126      h
    1.13919650883863     -3.01795922439442     -4.23587202214595      h
    4.50576667708431     -3.16712561473984     -4.37290260987275      h
    2.96007436565916     -0.19133909796105     -4.43934704081107      h
   -1.47037447734128     -1.29350881021184     -0.54849131767724      h
   -0.37222826636643     -0.55562985102732      2.54474883949233      h
    3.84961607981757     -6.43756454671508      0.12473339176914      h
    0.55973087534164     -5.80163794907171     -0.24233366190066      h
    2.07099077218364     -5.33683611526686      2.73590423515577      h
$user-defined bonds
$redundant
     number_of_atoms            21
     degrees_of_freedom         57
     internal_coordinates       57
     frozen_coordinates          0
# definitions of redundant internals
   1 k  0.4082482904639 tors   8    2    1    3 val=  59.95122
        0.4082482904639 tors   8    2    1    5
        0.4082482904639 tors   9    2    1    3
        0.4082482904639 tors   9    2    1    5
        0.4082482904639 tors  10    2    1    3
        0.4082482904639 tors  10    2    1    5
   2 k  1.0000000000000 stre   2    8           val=   2.06851
   3 k  1.0000000000000 stre   2    9           val=   2.06934
   4 k  1.0000000000000 stre   2   10           val=   2.07264
   5 k  0.3759873766799 bend   9    8    2      val=   0.96311
        0.4361105822449 bend  10    8    2
        0.4308308622583 bend  10    9    2
       -0.4053761832148 bend   1    8    2
       -0.4055231225262 bend   1    9    2
       -0.3924881755365 bend   1   10    2
   6 k  0.7545968620841 bend   9    8    2      val=   1.23570
       -0.3192524993076 bend  10    8    2
       -0.3581277654025 bend  10    9    2
        0.1804230116337 bend   1    8    2
        0.1603616094093 bend   1    9    2
       -0.3770114217994 bend   1   10    2
   7 k  0.0262877523986 bend   9    8    2      val=   0.21748
       -0.6627256923232 bend  10    8    2
        0.6451723387165 bend  10    9    2
       -0.2646371092609 bend   1    8    2
        0.2715130655586 bend   1    9    2
       -0.0102039108502 bend   1   10    2
   8 k -0.3687263468507 bend   9    8    2      val=  -0.36610
        0.1717163359563 bend  10    8    2
        0.1860439696389 bend  10    9    2
        0.3828963164965 bend   1    8    2
        0.3587343031474 bend   1    9    2
       -0.7243218435361 bend   1   10    2
   9 k -0.0055977751509 bend   9    8    2      val=  -0.04561
        0.2703097888717 bend  10    8    2
       -0.2660243433752 bend  10    9    2
       -0.6457338313607 bend   1    8    2
        0.6625303446606 bend   1    9    2
       -0.0146182463167 bend   1   10    2
  10 k  0.4082482904639 tors  13    3    1    2 val=  57.57163
        0.4082482904639 tors  13    3    1    5
        0.4082482904639 tors  12    3    1    2
        0.4082482904639 tors  12    3    1    5
        0.4082482904639 tors  11    3    1    2
        0.4082482904639 tors  11    3    1    5
  11 k  1.0000000000000 stre   3   13           val=   2.06734
  12 k  1.0000000000000 stre   3   12           val=   2.06854
  13 k  1.0000000000000 stre   3   11           val=   2.07314
  14 k  0.3805721548186 bend  12   13    3      val=   0.89886
        0.4277958333803 bend  11   13    3
        0.4328100436000 bend  11   12    3
       -0.4064039552508 bend   1   13    3
       -0.4047282287932 bend   1   12    3
       -0.3947935055856 bend   1   11    3
  15 k  0.7525362800039 bend  12   13    3      val=   1.29333
       -0.3645384942449 bend  11   13    3
       -0.3197462822474 bend  11   12    3
        0.1612572538786 bend   1   13    3
        0.1824698863036 bend   1   12    3
       -0.3731809040457 bend   1   11    3
  16 k  0.0287247237306 bend  12   13    3      val=   0.07550
        0.6444422897068 bend  11   13    3
       -0.6650644345521 bend  11   12    3
        0.2700988077136 bend   1   13    3
       -0.2616047981899 bend   1   12    3
       -0.0129571221252 bend   1   11    3
  17 k -0.3670615833545 bend  12   13    3      val=  -0.61150
        0.1869754357582 bend  11   13    3
        0.1692971709149 bend  11   12    3
        0.3514654117912 bend   1   13    3
        0.3887322533431 bend   1   12    3
       -0.7259502378908 bend   1   11    3
  18 k -0.0090863103540 bend  12   13    3      val=  -0.05399
       -0.2612954223287 bend  11   13    3
        0.2705385437737 bend  11   12    3
        0.6663077338185 bend   1   13    3
       -0.6434435211243 bend   1   12    3
       -0.0215749054189 bend   1   11    3
  19 k  0.4082482904639 tors  16    7    4    5 val=  57.56319
        0.4082482904639 tors  16    7    4    6
        0.4082482904639 tors  15    7    4    5
        0.4082482904639 tors  15    7    4    6
        0.4082482904639 tors  14    7    4    5
        0.4082482904639 tors  14    7    4    6
  20 k  1.0000000000000 stre   7   16           val=   2.06734
  21 k  1.0000000000000 stre   7   15           val=   2.06854
  22 k  1.0000000000000 stre   7   14           val=   2.07314
  23 k  0.3815835584673 bend  15   16    7      val=   0.91217
        0.4265848691315 bend  14   16    7
        0.4332106004588 bend  14   15    7
       -0.4062835541963 bend   4   16    7
       -0.4045617395141 bend   4   15    7
       -0.3949827660755 bend   4   14    7
  24 k  0.7519026147609 bend  15   16    7      val=   1.23160
       -0.3682466726618 bend  14   16    7
       -0.3174913701384 bend  14   15    7
        0.1597976104735 bend   4   16    7
        0.1841669264382 bend   4   15    7
       -0.3725363643594 bend   4   14    7
  25 k  0.0331570221686 bend  15   16    7      val=   0.15344
        0.6429527261177 bend  14   16    7
       -0.6658174287584 bend  14   15    7
        0.2709897177787 bend   4   16    7
       -0.2618340352352 bend   4   15    7
       -0.0143897974588 bend   4   14    7
  26 k -0.3666269522277 bend  15   16    7      val=  -0.61546
        0.1876065632601 bend  14   16    7
        0.1686007579823 bend  14   15    7
        0.3511858591045 bend   4   16    7
        0.3888968482061 bend   4   15    7
       -0.7262162030347 bend   4   14    7
  27 k -0.0091028739605 bend  15   16    7      val=  -0.04627
       -0.2620843983685 bend  14   16    7
        0.2709608231485 bend  14   15    7
        0.6665541219230 bend   4   16    7
       -0.6426737410092 bend   4   15    7
       -0.0220273307705 bend   4   14    7
  28 k  1.0000000000000 stre   5   17           val=   2.07654
  29 k  1.0000000000000 stre   5   18           val=   2.07654
  30 k  0.0021564495258 bend  18   17    5      val=   0.07499
        0.5071546374505 bend   4   17    5
        0.4923515459490 bend   4   18    5
       -0.4922956146168 bend   1   17    5
       -0.5079611269267 bend   1   18    5
  31 k  0.9056017650741 bend  18   17    5      val=   3.11269
       -0.2034181782833 bend   4   17    5
       -0.2224523934873 bend   4   18    5
       -0.2191126261837 bend   1   17    5
       -0.2025119194450 bend   1   18    5
  32 k -0.0009211069005 bend  18   17    5      val=   0.04891
        0.4918172828223 bend   4   17    5
       -0.5061516264767 bend   4   18    5
        0.5089624915632 bend   1   17    5
       -0.4928312338682 bend   1   18    5
  33 k -0.0137280971300 bend  18   17    5      val=   1.47388
        0.5074296180374 bend   4   17    5
       -0.4942884305238 bend   4   18    5
       -0.4928302335375 bend   1   17    5
        0.5050980404331 bend   1   18    5
  34 k  0.4082482904639 tors  21    6    4    5 val=  59.93390
        0.4082482904639 tors  21    6    4    7
        0.4082482904639 tors  19    6    4    5
        0.4082482904639 tors  19    6    4    7
        0.4082482904639 tors  20    6    4    5
        0.4082482904639 tors  20    6    4    7
  35 k  1.0000000000000 stre   6   21           val=   2.06851
  36 k  1.0000000000000 stre   6   19           val=   2.06934
  37 k  1.0000000000000 stre   6   20           val=   2.07263
  38 k  0.3757681803537 bend  19   21    6      val=   0.94275
        0.4352208789004 bend  20   21    6
        0.4317137247146 bend  20   19    6
       -0.4055119052681 bend   4   21    6
       -0.4055326052182 bend   4   19    6
       -0.3925655638064 bend   4   20    6
  39 k  0.7548584100137 bend  19   21    6      val=   1.24699
       -0.3231224275435 bend  20   21    6
       -0.3541264117612 bend  20   19    6
        0.1783754469068 bend   4   21    6
        0.1623559549228 bend   4   19    6
       -0.3770913761743 bend   4   20    6
  40 k  0.0206542134818 bend  19   21    6      val=   0.13332
       -0.6614284426396 bend  20   21    6
        0.6469157135614 bend  20   19    6
       -0.2649432338455 bend   4   21    6
        0.2707851158445 bend   4   19    6
       -0.0081475245759 bend   4   20    6
  41 k -0.3687787605079 bend  19   21    6      val=  -0.37028
        0.1727331033885 bend  20   21    6
        0.1849269223637 bend  20   19    6
        0.3817483931855 bend   4   21    6
        0.3599734161927 bend   4   19    6
       -0.7243306138167 bend   4   20    6
  42 k -0.0050982386240 bend  19   21    6      val=  -0.05818
        0.2699795495434 bend  20   21    6
       -0.2658482652588 bend  20   19    6
       -0.6469523154932 bend   4   21    6
        0.6615826187127 bend   4   19    6
       -0.0130725187094 bend   4   20    6
  43 k  0.7071067811865 tors   3    1    5    4 val=  55.09053
        0.7071067811865 tors   2    1    5    4
  44 k  1.0000000000000 stre   1    3           val=   3.50209
  45 k  1.0000000000000 stre   1    2           val=   3.50799
  46 k  0.6930023505597 bend   2    3    1      val=  99.10257
        0.4824947311713 bend   5    3    1
        0.5356739460817 bend   5    2    1
  47 k -0.4038858387661 bend   2    3    1      val=   5.02617
       -0.3556465178611 bend   5    3    1
        0.8428474260371 bend   5    2    1
  48 k -0.5971800158771 bend   2    3    1      val=  17.25244
        0.8004463684252 bend   5    3    1
        0.0515910836468 bend   5    2    1
  49 k  0.7071067811865 tors   7    4    5    1 val=  55.07709
        0.7071067811865 tors   6    4    5    1
  50 k  1.0000000000000 stre   4    7           val=   3.50208
  51 k  1.0000000000000 stre   4    6           val=   3.50797
  52 k  0.6913379426079 bend   6    7    4      val=  99.10480
        0.4766400795400 bend   5    7    4
        0.5430157306071 bend   5    6    4
  53 k -0.4388784424411 bend   6    7    4      val=   4.86838
       -0.3199948410830 bend   5    7    4
        0.8396362393565 bend   5    6    4
  54 k -0.5739665163328 bend   6    7    4      val=  17.94649
        0.8187902883256 bend   5    7    4
        0.0120375193659 bend   5    6    4
  55 k  1.0000000000000 stre   5    4           val=   3.52176
  56 k  1.0000000000000 stre   5    1           val=   3.52172
  57 k  1.0000000000000 bend   1    4    5      val= 111.68824
        57 non zero eigenvalues  of BmBt
           1           4.270622831    1    0
         1
           2           3.793489933    2    0
         2
           3           3.728933523    3    0
         3
           4           3.589016051    4    0
         4
           5           3.473488408    5    0
         5
           6           3.391545311    6    0
         6
           7           3.301711542    7    0
         7
           8           3.169357490    8    0
         8
           9           3.153514296    9    0
         9
          10           3.087688648   10    0
        10
          11           3.086276036   11    0
        11
          12           3.068597896   12    0
        12
          13           3.029124651   13    0
        13
          14           3.028024640   14    0
        14
          15           2.978182140   15    0
        15
          16           1.694820554   16    0
        16
          17           1.478476294   17    0
        17
          18           1.369602847   18    0
        18
          19           1.270705743   19    0
        19
          20           1.195772728   20    0
        20
          21           1.064188438   21    0
        21
          22           0.861959270   22    0
        22
          23           0.856575843   23    0
        23
          24           0.853519363   24    0
        24
          25           0.830668386   25    0
        25
          26           0.765140764   26    0
        26
          27           0.694977044   27    0
        27
          28           0.694736598   28    0
        28
          29           0.691923507   29    0
        29
          30           0.691541378   30    0
        30
          31           0.688767494   31    0
        31
          32           0.688636546   32    0
        32
          33           0.687363881   33    0
        33
          34           0.687115682   34    0
        34
          35           0.511775281   35    0
        35
          36           0.499749614   36    0
        36
          37           0.457943356   37    0
        37
          38           0.439571340   38    0
        38
          39           0.352693369   39    0
        39
          40           0.349206227   40    0
        40
          41           0.331055200   41    0
        41
          42           0.318692611   42    0
        42
          43           0.309765364   43    0
        43
          44           0.302160721   44    0
        44
          45           0.297940417   45    0
        45
          46           0.286910112   46    0
        46
          47           0.274565189   47    0
        47
          48           0.269646272   48    0
        48
          49           0.086833286   49    0
        49
          50           0.073214199   50    0
        50
          51           0.055240939   51    0
        51
          52           0.046732745   52    0
        52
          53           0.040686959   53    0
        53
          54           0.022038826   54    0
        54
          55           0.019893721   55    0
        55
          56           0.019075482   56    0
        56
          57           0.009104393   57    0
        57
$end
