$coord
   -4.97518514693381     -4.10550570009100     -0.42347188117541      rh
   -1.78406510983794     -2.79689732849924      2.03590359698028      cl
   -7.32152539712240     -4.65380792097852     -2.98697404505296      c
   -6.61674379552912     -6.46341927275821      1.38919832987905      c
   -8.75501053912420     -4.96634110348201     -4.59386139624919      o
   -7.64303119745256     -7.96836400619103      2.57892665561826      o
$user-defined bonds
$redundant
     number_of_atoms             6
     degrees_of_freedom         12
     internal_coordinates       12
     frozen_coordinates          0
# definitions of redundant internals
   1 k  1.0000000000000 stre   5    3           val=   2.17592
   2 k  1.0000000000000 linc   5    1    3    4 val=  -1.01219
   3 k  1.0000000000000 linp   5    1    3    4 val=  -0.00285
   4 k  1.0000000000000 stre   6    4           val=   2.17568
   5 k  1.0000000000000 linc   6    1    4    3 val=  -1.01448
   6 k  1.0000000000000 linp   6    1    4    3 val=   0.00214
   7 k  1.0000000000000 stre   1    4           val=   3.39709
   8 k  1.0000000000000 stre   1    3           val=   3.51817
   9 k  1.0000000000000 stre   1    2           val=   4.23606
  10 k  0.7329852031487 bend   3    4    1      val=  -5.38038
       -0.6802445824592 bend   2    4    1
  11 k  0.6802445824592 bend   3    4    1      val=  96.93393
        0.7329852031487 bend   2    4    1
  12 k  1.0000000000000 outp   2    3    4    1 val=   0.00555
        12 non zero eigenvalues  of BmBt
           1           3.584119248    1    0
         1
           2           3.045670701    2    0
         2
           3           2.109958853    3    0
         3
           4           1.226994337    4    0
         4
           5           1.182147948    5    0
         5
           6           0.954559722    6    0
         6
           7           0.821735813    7    0
         7
           8           0.712922446    8    0
         8
           9           0.566115773    9    0
         9
          10           0.212254315   10    0
        10
          11           0.099155639   11    0
        11
          12           0.051223251   12    0
        12
$end
