$coord
   -3.72928276816178      4.73278110173050      0.97365021402617      c
   -5.04115729000229     -1.03633199113310      1.27212694321171      c
   -4.25705892591754      4.60711578130178     -1.49656188464943      c
   -2.19722367660654      6.00011010389158      1.51723392582167      h
   -4.55498688499866     -1.30165733420700     -1.19556747570623      c
   -4.22111235032112     -2.45176945918451      2.52456537060567      h
   -3.07871096188738      5.74739473513347     -2.74388093206910      h
   -3.41903633738523     -2.93571334532907     -1.73245349051271      h
   -6.23076273541833      3.03293334218377     -2.82586373019475      c
   -6.68031057827873      3.93713689177839     -4.63513796854133      h
   -7.99752651601008      2.98036259366244     -1.76282848175585      h
   -4.92315691150131      3.38441522107037      3.17790398594632      c
   -6.09366865841092      4.73552567055519      4.24403429813113      h
   -3.39706642264396      2.83906987507670      4.47704530689372      h
   -6.52247112468911      1.01377705847529      2.59240780811466      c
   -8.20346939229805      1.54184332919897      1.52017125651823      h
   -7.20937011135925      0.26613140267152      4.39859534446759      h
   -5.32990749765308      0.31743785443299     -3.40468707685511      c
   -6.81766422224377     -0.66757980905528     -4.47640080290383      h
   -3.70755950421292      0.42829193174597     -4.69689362454851      h
$user-defined bonds
$redundant
     number_of_atoms            20
     degrees_of_freedom         54
     internal_coordinates       54
     frozen_coordinates          0
# definitions of redundant internals
   1 k  1.0000000000000 stre   1    4           val=   2.06126
   2 k  0.7071079049529 bend   3    4    1      val=   1.40443
       -0.7071056574185 bend  12    4    1
   3 k  1.0000000000000 outp   4   12    3    1 val=   0.05127
   4 k  1.0000000000000 stre   2    6           val=   2.06023
   5 k  0.7071394572572 bend   5    6    2      val=   0.81711
       -0.7070741036058 bend  15    6    2
   6 k  1.0000000000000 outp   6   15    5    2 val=  -1.74096
   7 k  1.0000000000000 stre   3    7           val=   2.06023
   8 k  0.7071426660348 bend   1    7    3      val=   0.81671
       -0.7070708945171 bend   9    7    3
   9 k  1.0000000000000 outp   7    9    1    3 val=  -1.74519
  10 k  1.0000000000000 stre   5    8           val=   2.06125
  11 k  0.7071074714313 bend   2    8    5      val=   1.40381
       -0.7071060909411 bend  18    8    5
  12 k  1.0000000000000 outp   8   18    2    5 val=   0.06301
  13 k  1.0000000000000 stre   9   11           val=   2.06259
  14 k  1.0000000000000 stre   9   10           val=   2.07199
  15 k  0.0314509853271 bend  10   11    9      val=   0.44011
       -0.5199758702815 bend   3   11    9
       -0.4845262291805 bend   3   10    9
        0.5102523418076 bend  18   11    9
        0.4832316326183 bend  18   10    9
  16 k  0.0757765045901 bend  10   11    9      val=   2.02101
       -0.5163694630622 bend   3   11    9
        0.5195406824140 bend   3   10    9
       -0.4846081331136 bend  18   11    9
        0.4720730193582 bend  18   10    9
  17 k  0.9054754414733 bend  10   11    9      val=   2.83627
       -0.1544916399979 bend   3   11    9
       -0.2325201609122 bend   3   10    9
       -0.1920225577514 bend  18   11    9
       -0.2555548280575 bend  18   10    9
  18 k -0.0022656922955 bend  10   11    9      val=   0.28724
        0.4653855001770 bend   3   11    9
       -0.4931708961398 bend   3   10    9
       -0.5021680997120 bend  18   11    9
        0.5366757584387 bend  18   10    9
  19 k  1.0000000000000 stre  12   14           val=   2.07705
  20 k  1.0000000000000 stre  12   13           val=   2.08140
  21 k  0.0092186556695 bend  13   14   12      val=   0.41835
        0.4970908007661 bend   1   14   12
        0.5037594422275 bend   1   13   12
       -0.4984263663904 bend  15   14   12
       -0.5006129581172 bend  15   13   12
  22 k  0.0092507444474 bend  13   14   12      val=   0.35045
        0.5061020533004 bend   1   14   12
       -0.5007597183009 bend   1   13   12
        0.4969825144939 bend  15   14   12
       -0.4960072783607 bend  15   13   12
  23 k  0.9194799088613 bend  13   14   12      val=   6.80579
       -0.2059475199491 bend   1   14   12
       -0.1951754344333 bend   1   13   12
       -0.1942452130257 bend  15   14   12
       -0.1905719371724 bend  15   13   12
  24 k -0.0029466504764 bend  13   14   12      val=   0.33235
       -0.4976398594551 bend   1   14   12
        0.4953532759736 bend   1   13   12
        0.5067065106407 bend  15   14   12
       -0.5002194834160 bend  15   13   12
  25 k  1.0000000000000 stre  15   16           val=   2.06260
  26 k  1.0000000000000 stre  15   17           val=   2.07198
  27 k  0.0307000681005 bend  17   16   15      val=   0.41281
       -0.5200851533865 bend   2   16   15
       -0.4843102892022 bend   2   17   15
        0.5107941408967 bend  12   16   15
        0.4828062017456 bend  12   17   15
  28 k  0.0774915688974 bend  17   16   15      val=   2.11049
       -0.5161897273627 bend   2   16   15
        0.5190647680889 bend   2   17   15
       -0.4846589621657 bend  12   16   15
        0.4724623572690 bend  12   17   15
  29 k  0.9055378628809 bend  17   16   15      val=   2.88639
       -0.1540364304893 bend   2   16   15
       -0.2333336291806 bend   2   17   15
       -0.1905686425999 bend  12   16   15
       -0.2559550095666 bend  12   17   15
  30 k -0.0020135150120 bend  17   16   15      val=   0.27950
        0.4652471461439 bend   2   16   15
       -0.4938790817261 bend   2   17   15
       -0.5016595507690 bend  12   16   15
        0.5366210828117 bend  12   17   15
  31 k  1.0000000000000 stre  18   20           val=   2.07704
  32 k  1.0000000000000 stre  18   19           val=   2.08141
  33 k  0.0097134467715 bend  19   20   18      val=   0.43919
        0.4970539511330 bend   5   20   18
        0.5037402593213 bend   5   19   18
       -0.4985226421181 bend   9   20   18
       -0.5005636273736 bend   9   19   18
  34 k  0.0090439280668 bend  19   20   18      val=   0.33942
        0.5058557948992 bend   5   20   18
       -0.5004457996755 bend   5   19   18
        0.4972255992976 bend   9   20   18
       -0.4963353978132 bend   9   19   18
  35 k  0.9193961689723 bend  19   20   18      val=   6.77544
       -0.2062393243675 bend   5   20   18
       -0.1955464722489 bend   5   19   18
       -0.1939530377226 bend   9   20   18
       -0.1905776007635 bend   9   19   18
  36 k -0.0030449490431 bend  19   20   18      val=   0.33500
       -0.4978590187061 bend   5   20   18
        0.4957031912361 bend   5   19   18
        0.5064253271718 bend   9   20   18
       -0.4999388562371 bend   9   19   18
  37 k  1.0000000000000 stre   1    3           val=   2.52909
  38 k  1.0000000000000 stre   3    9           val=   2.85317
  39 k  1.0000000000000 stre   9   18           val=   2.91899
  40 k  1.0000000000000 stre  18    5           val=   2.84643
  41 k  1.0000000000000 stre   5    2           val=   2.52909
  42 k  1.0000000000000 stre   2   15           val=   2.85314
  43 k  1.0000000000000 stre  15   12           val=   2.91900
  44 k  1.0000000000000 stre  12    1           val=   2.84643
  45 k -0.5000000000000 bend   3   18    9      val=   8.55245
        0.5000000000000 bend  18    2    5
       -0.5000000000000 bend   2   12   15
        0.5000000000000 bend  12    3    1
  46 k  0.5000000000000 bend   1    9    3      val=   5.73699
       -0.5000000000000 bend   9    5   18
        0.5000000000000 bend   5   15    2
       -0.5000000000000 bend  15    1   12
  47 k -0.3535533905932 bend   1    9    3      val=   0.00022
        0.3535533905933 bend   9    5   18
       -0.5000000000000 bend  18    2    5
        0.3535533905932 bend   5   15    2
       -0.3535533905933 bend  15    1   12
        0.5000000000000 bend  12    3    1
  48 k  0.3535533905933 bend   1    9    3      val=  -0.00095
       -0.5000000000000 bend   3   18    9
        0.3535533905933 bend   9    5   18
       -0.3535533905933 bend   5   15    2
        0.5000000000000 bend   2   12   15
       -0.3535533905933 bend  15    1   12
  49 k -0.3535533905933 bend   1    9    3      val=  -0.72043
        0.3535533905933 bend   3   18    9
       -0.3535533905933 bend   9    5   18
        0.3535533905933 bend  18    2    5
       -0.3535533905933 bend   5   15    2
        0.3535533905933 bend   2   12   15
       -0.3535533905933 bend  15    1   12
        0.3535533905933 bend  12    3    1
  50 k -0.5000000000000 tors  18    5    2   15 val=  29.93956
        0.5000000000000 tors   2   15   12    1
       -0.5000000000000 tors  12    1    3    9
        0.5000000000000 tors   3    9   18    5
  51 k  0.5000000000000 tors   9   18    5    2 val=  50.99408
       -0.5000000000000 tors   5    2   15   12
        0.5000000000000 tors  15   12    1    3
       -0.5000000000000 tors   1    3    9   18
  52 k -0.3535533905932 tors   9   18    5    2 val=  -0.01970
        0.3535533905933 tors   5    2   15   12
       -0.5000000000000 tors   2   15   12    1
        0.3535533905932 tors  15   12    1    3
       -0.3535533905933 tors   1    3    9   18
        0.5000000000000 tors   3    9   18    5
  53 k  0.3535533905933 tors   9   18    5    2 val=   0.00621
       -0.5000000000000 tors  18    5    2   15
        0.3535533905933 tors   5    2   15   12
       -0.3535533905933 tors  15   12    1    3
        0.5000000000000 tors  12    1    3    9
       -0.3535533905933 tors   1    3    9   18
  54 k -0.3535533905933 tors   9   18    5    2 val=  31.42605
        0.3535533905933 tors  18    5    2   15
       -0.3535533905933 tors   5    2   15   12
        0.3535533905933 tors   2   15   12    1
       -0.3535533905933 tors  15   12    1    3
        0.3535533905933 tors  12    1    3    9
       -0.3535533905933 tors   1    3    9   18
        0.3535533905933 tors   3    9   18    5
        54 non zero eigenvalues  of BmBt
           1          10.438095189    1    0
         1
           2           9.602619012    2    0
         2
           3           5.060490938    3    0
         3
           4           4.274602364    4    0
         4
           5           4.181893982    5    0
         5
           6           4.115662122    6    0
         6
           7           4.021078088    7    0
         7
           8           3.984277915    8    0
         8
           9           3.832055369    9    0
         9
          10           3.193280372   10    0
        10
          11           3.007187695   11    0
        11
          12           2.888319221   12    0
        12
          13           2.798711861   13    0
        13
          14           2.670500037   14    0
        14
          15           2.536925121   15    0
        15
          16           2.432568991   16    0
        16
          17           2.160711393   17    0
        17
          18           1.793611252   18    0
        18
          19           1.746779539   19    0
        19
          20           1.712113750   20    0
        20
          21           1.640960625   21    0
        21
          22           1.598548308   22    0
        22
          23           1.159258196   23    0
        23
          24           1.140320948   24    0
        24
          25           0.767800555   25    0
        25
          26           0.757889997   26    0
        26
          27           0.723304738   27    0
        27
          28           0.719256256   28    0
        28
          29           0.614884264   29    0
        29
          30           0.566000214   30    0
        30
          31           0.486943164   31    0
        31
          32           0.460344291   32    0
        32
          33           0.394238818   33    0
        33
          34           0.383612365   34    0
        34
          35           0.368943963   35    0
        35
          36           0.368644008   36    0
        36
          37           0.328270693   37    0
        37
          38           0.325114402   38    0
        38
          39           0.293626936   39    0
        39
          40           0.276134839   40    0
        40
          41           0.275425380   41    0
        41
          42           0.271496297   42    0
        42
          43           0.255732783   43    0
        43
          44           0.236813837   44    0
        44
          45           0.211745502   45    0
        45
          46           0.203942996   46    0
        46
          47           0.125335861   47    0
        47
          48           0.116944149   48    0
        48
          49           0.085385720   49    0
        49
          50           0.071320708   50    0
        50
          51           0.059992879   51    0
        51
          52           0.050977914   52    0
        52
          53           0.038780931   53    0
        53
          54           0.026738582   54    0
        54
$end
