$coord
    0.67368699038447     -0.99048885922145      0.99833443827342      rh
    4.28645448693016      0.43637772152479      0.40370240460759      c
    4.36915477763484     -1.62077455705541      2.17670429724349      c
    4.99303542463957      0.19901240964901     -1.51248131550976      h
    5.13984422177047     -3.44688550436953      1.63000600624850      h
   -1.44952570188611     -4.56652412374768      0.38264553148152      c
   -3.24775763987140     -2.79134600363690      1.18281696933841      c
   -1.56485184247698     -1.18648543032336     -2.55044794586988      c
   -0.22578824615563     -3.49348240973721     -1.84423668152108      c
   -4.40199016143872     -2.92323357237083      2.86597392700225      h
   -4.53821487494988      0.92400937584015     -0.47891741753259      h
   -1.19740860678280     -0.03352987966252     -4.19526408524751      h
   -3.32134594092339     -0.71326434286248     -0.62323523374302      c
    1.22086810695283     -4.41430234356000     -2.96235236090211      h
   -0.98285976224416     -6.34041749962325      1.27985865586149      h
    4.44345809361402      2.37001831936188      1.10906647859546      h
    4.58668140780264     -1.19983748320518      4.18583766167380      h
$user-defined bonds
$redundant
     number_of_atoms            17
     degrees_of_freedom         45
     internal_coordinates       58
     frozen_coordinates          0
# definitions of redundant internals
   1 k  1.0000000000000 stre   2    4           val=   2.05605
   2 k  1.0000000000000 stre   2   16           val=   2.06426
   3 k -0.1949093445947 bend  16    4    2      val=   5.14364
        0.6839417506981 bend   3    4    2
       -0.4912839658611 bend   3   16    2
        0.3871938820591 bend   1    4    2
       -0.3208660026014 bend   1   16    2
   4 k -0.7615644674616 bend  16    4    2      val=  21.28356
        0.2631892798337 bend   3    4    2
        0.5470236816820 bend   3   16    2
        0.0320267640583 bend   1    4    2
        0.2247005628464 bend   1   16    2
   5 k -0.1162401334722 bend  16    4    2      val=  27.40257
       -0.3271227771447 bend   3    4    2
       -0.2921347730811 bend   3   16    2
        0.6520339523960 bend   1    4    2
        0.6074437581565 bend   1   16    2
   6 k  0.0041534379015 bend  16    4    2      val=  -0.17397
        0.3477769745994 bend   3    4    2
       -0.3850035492478 bend   3   16    2
       -0.5812601908127 bend   1    4    2
        0.6268514836348 bend   1   16    2
   7 k  1.0000000000000 stre   3    5           val=   2.05609
   8 k  1.0000000000000 stre   3   17           val=   2.06425
   9 k -0.1925301698260 bend  17    5    3      val=   5.13571
        0.6828097891754 bend   2    5    3
       -0.4927339376457 bend   2   17    3
        0.3879615330836 bend   1    5    3
       -0.3215618774864 bend   1   17    3
  10 k -0.7621347522786 bend  17    5    3      val=  21.38617
        0.2647624905738 bend   2    5    3
        0.5451296952325 bend   2   17    3
        0.0347381387195 bend   1    5    3
        0.2251184578136 bend   1   17    3
  11 k -0.1151906427096 bend  17    5    3      val=  27.20710
       -0.3284107566667 bend   2    5    3
       -0.2937954186354 bend   2   17    3
        0.6510124062130 bend   1    5    3
        0.6072434352740 bend   1   17    3
  12 k  0.0040115984193 bend  17    5    3      val=  -0.20308
        0.3484482002930 bend   2    5    3
       -0.3851758512224 bend   2   17    3
       -0.5814415866651 bend   1    5    3
        0.6262052408932 bend   1   17    3
  13 k  1.0000000000000 stre   7   10           val=   2.04516
  14 k  0.7070760811771 bend   6   10    7      val=   1.62522
       -0.7070260116280 bend  13   10    7
        0.0125552502427 bend   1   10    7
  15 k -0.0201762443613 bend   6   10    7      val= 119.51338
       -0.0024235065817 bend  13   10    7
        0.9997935015689 bend   1   10    7
  16 k  1.0000000000000 stre  13   11           val=   2.04506
  17 k  0.7070610209821 bend   8   11   13      val=   1.70402
       -0.7070245974158 bend   7   11   13
        0.0134510689817 bend   1   11   13
  18 k -0.0180936961250 bend   8   11   13      val= 120.64546
        0.0009271444704 bend   7   11   13
        0.9998358658118 bend   1   11   13
  19 k  1.0000000000000 stre   8   12           val=   2.04199
  20 k -0.7014863907141 bend  13   12    8      val=   9.40828
        0.7025000562080 bend   9   12    8
        0.1200438031334 bend   1   12    8
  21 k  0.1103367971013 bend  13   12    8      val= 111.46444
       -0.0593567567774 bend   9   12    8
        0.9921202379905 bend   1   12    8
  22 k  1.0000000000000 stre   9   14           val=   2.04717
  23 k -0.7072017920024 bend   6   14    9      val=   0.22352
        0.7070057189233 bend   8   14    9
        0.0029221222243 bend   1   14    9
  24 k -0.1176910529062 bend   6   14    9      val=  73.35345
       -0.1217970758991 bend   8   14    9
        0.9855527831467 bend   1   14    9
  25 k  1.0000000000000 stre   6   15           val=   2.04193
  26 k -0.7016033344281 bend   7   15    6      val=   9.29267
        0.7026929437462 bend   9   15    6
        0.1182175449273 bend   1   15    6
  27 k  0.1116844393339 bend   7   15    6      val= 112.34316
       -0.0554111104361 bend   9   15    6
        0.9921976591642 bend   1   15    6
  28 k  1.0000000000000 stre   1    2           val=   3.92958
  29 k  1.0000000000000 stre   2    3           val=   2.71703
  30 k  1.0000000000000 stre   3    1           val=   3.92967
  31 k  0.4622322632265 bend   9    2    1      val= 122.24836
        0.4628804481399 bend   9    3    1
        0.3058620650848 bend   8    2    1
        0.4218879856654 bend   8    3    1
        0.4248346284066 bend   6    2    1
        0.3087532757183 bend   6    3    1
        0.1148996127274 bend   7    3    1
        0.1073637857492 bend  13    2    1
  32 k  0.1417888462963 bend   9    2    1      val=   0.71187
       -0.1394082658698 bend   9    3    1
        0.4382047046888 bend   8    2    1
        0.1517107154625 bend   8    3    1
       -0.1441463062892 bend   6    2    1
       -0.4346639589801 bend   6    3    1
       -0.5162083712904 bend   7    3    1
        0.5188831820673 bend  13    2    1
  33 k -0.4421116253088 bend   9    2    1      val=  -0.06331
        0.4432362009729 bend   9    3    1
       -0.1518654552801 bend   8    2    1
        0.5248939549565 bend   8    3    1
       -0.5184622641040 bend   6    2    1
        0.1474574336898 bend   6    3    1
       -0.0988595327650 bend   7    3    1
        0.0958236880305 bend  13    2    1
  34 k  0.5000000000000 tors   6    9    1    7 val=   0.00987
        0.5000000000000 tors   6    9    1   13
        0.5000000000000 tors   8    9    1    7
        0.5000000000000 tors   8    9    1   13
  35 k  0.5000000000000 tors   9    8    1    6 val=  -1.98870
        0.5000000000000 tors   9    8    1    7
        0.5000000000000 tors  13    8    1    6
        0.5000000000000 tors  13    8    1    7
  36 k  0.5000000000000 tors   7    6    1    8 val=   2.00480
        0.5000000000000 tors   7    6    1   13
        0.5000000000000 tors   9    6    1    8
        0.5000000000000 tors   9    6    1   13
  37 k  0.5000000000000 tors   6    7    1    8 val=   1.76868
        0.5000000000000 tors   6    7    1    9
        0.5000000000000 tors  13    7    1    8
        0.5000000000000 tors  13    7    1    9
  38 k  0.5000000000000 tors   7   13    1    6 val=  -1.79488
        0.5000000000000 tors   7   13    1    9
        0.5000000000000 tors   8   13    1    6
        0.5000000000000 tors   8   13    1    9
  39 k  1.0000000000000 stre   1    9           val=   3.89285
  40 k  1.0000000000000 stre   1    8           val=   4.20040
  41 k  1.0000000000000 stre   9    8           val=   2.75936
  42 k  1.0000000000000 stre   1    6           val=   4.20418
  43 k  1.0000000000000 stre   9    6           val=   2.75825
  44 k  1.0000000000000 stre   1    7           val=   4.31913
  45 k  1.0000000000000 stre   6    7           val=   2.65050
  46 k  1.0000000000000 stre   1   13           val=   4.32049
  47 k  1.0000000000000 stre   8   13           val=   2.65016
  48 k  1.0000000000000 stre   7   13           val=   2.75421
  49 k  0.4441240030724 bend   6    8    1      val=  63.14322
        0.4680340055601 bend   7    9    1
        0.4276604127315 bend   7    8    1
        0.4678371072278 bend  13    9    1
        0.4265361086911 bend  13    6    1
  50 k  0.6202473759126 bend   6    8    1      val=   2.15003
       -0.5028775209736 bend   7    9    1
        0.2342768271235 bend   7    8    1
       -0.5062473787445 bend  13    9    1
        0.2263522727082 bend  13    6    1
  51 k  0.0042990541021 bend   6    8    1      val=   0.06782
       -0.3745131702746 bend   7    9    1
       -0.5998795393794 bend   7    8    1
        0.3692574405883 bend  13    9    1
        0.6029219553382 bend  13    6    1
  52 k -0.0099646195063 bend   6    8    1      val=  -0.00552
       -0.6033590867294 bend   7    9    1
        0.3788742640893 bend   7    8    1
        0.5993487834744 bend  13    9    1
       -0.3648202935388 bend  13    6    1
  53 k -0.6464745061179 bend   6    8    1      val=   0.82940
       -0.1541300304637 bend   7    9    1
        0.5087433241823 bend   7    8    1
       -0.1710906512146 bend  13    9    1
        0.5198296507663 bend  13    6    1
  54 k  1.0000000000000 bend   9    7    6      val= 106.51017
  55 k  1.0000000000000 bend  13    6    7      val= 108.99570
  56 k  1.0000000000000 bend   9   13    8      val= 106.54761
  57 k  1.0000000000000 bend   8    6    9      val= 108.45621
  58 k  1.0000000000000 bend   7    8   13      val= 108.93064
        45 non zero eigenvalues  of BmBt
           1           4.505087040    1    0
         1
           2           4.237677798    2    0
         2
           3           3.004437849    3    0
         3
           4           2.824341590    4    0
         4
           5           2.548287660    5    0
         5
           6           2.353426028    6    0
         6
           7           2.342894067    7    0
         7
           8           2.210270034    8    0
         8
           9           2.088878093    9    0
         9
          10           2.085873249   10    0
        10
          11           2.039423879   11    0
        11
          12           1.582009573   12    0
        12
          13           1.514147029   13    0
        13
          14           1.365014265   14    0
        14
          15           1.168161885   15    0
        15
          16           1.154207158   16    0
        16
          17           1.025420386   17    0
        17
          18           0.999620539   18    0
        18
          19           0.918205810   19    0
        19
          20           0.885889527   20    0
        20
          21           0.778250127   21    0
        21
          22           0.676346581   22    0
        22
          23           0.623271154   23    0
        23
          24           0.618822850   24    0
        24
          25           0.566455543   25    0
        25
          26           0.555424394   26    0
        26
          27           0.495530604   27    0
        27
          28           0.285783873   28    0
        28
          29           0.231088100   29    0
        29
          30           0.200020287   30    0
        30
          31           0.154154347   31    0
        31
          32           0.104443194   32    0
        32
          33           0.018129689   33    0
        33
          34           1.263300849    0    0
         0.000000000         0.000000000         0.000000000         0.000000000
         0.000000000         0.000000000         0.000000000         0.000000000
         0.000000000         0.000000000         0.000000000         0.000000000
         0.000000000         0.000000000         0.000000000         0.000000000
         0.000000000         0.000000000         0.000000000         0.000000000
         0.000000000         0.000000000         0.000000000         0.000000000
         0.000000000         0.000000000         0.000000000         0.000000000
         0.000000000         0.000000000         0.000000000         0.000000000
         0.000000000        -0.000317786         0.042907939        -0.042554965
         0.053100471        -0.053240175         0.310035657         0.388812767
         0.249798074         0.392883048         0.254905243         0.377955701
         0.060784243         0.381400188         0.063326056         0.404707604
        -0.028008389         0.030654933         0.000639870         0.000065746
         0.003555634        -0.001659735        -0.002370337         0.001761682
         0.007376248        -0.007104191
          35           1.218378545    0    0
         0.000000000         0.000000000         0.000000000         0.000000000
         0.000000000         0.000000000         0.000000000         0.000000000
         0.000000000         0.000000000         0.000000000         0.000000000
         0.000000000         0.000000000         0.000000000         0.000000000
         0.000000000         0.000000000         0.000000000         0.000000000
         0.000000000         0.000000000         0.000000000         0.000000000
         0.000000000         0.000000000         0.000000000         0.000000000
         0.000000000         0.000000000         0.000000000         0.000000000
         0.000000000        -0.055810116         0.080721785         0.082109500
        -0.052831143        -0.053325157         0.003759326         0.175265275
         0.563630685        -0.168668486        -0.559548012         0.096461702
         0.259540413        -0.092422732        -0.254322424        -0.001421740
         0.000182352         0.000080257         0.014499092         0.009554302
        -0.000348466         0.165116563        -0.202705761        -0.166474808
         0.000334491         0.204399626
          36           1.203693225    0    0
         0.000000000         0.000000000         0.000000000         0.000000000
         0.000000000         0.000000000         0.000000000         0.000000000
         0.000000000         0.000000000         0.000000000         0.000000000
         0.000000000         0.000000000         0.000000000         0.000000000
         0.000000000         0.000000000         0.000000000         0.000000000
         0.000000000         0.000000000         0.000000000         0.000000000
         0.000000000         0.000000000         0.000000000         0.000000000
         0.000000000         0.000000000         0.000000000         0.000000000
         0.000000000        -0.001061887        -0.054456062         0.054490133
        -0.084495742         0.085723083        -0.013686775         0.153833536
        -0.102939466         0.160615347        -0.097156077         0.105610014
         0.523302932         0.106382123         0.520152322        -0.495133007
        -0.003796023        -0.008747424         0.000278766        -0.000443468
        -0.004359701        -0.165507683         0.062039590        -0.161341998
         0.192135749         0.059665935
          37           0.911439668    0    0
         0.000000000         0.000000000         0.000000000         0.000000000
         0.000000000         0.000000000         0.000000000         0.000000000
         0.000000000         0.000000000         0.000000000         0.000000000
         0.000000000         0.000000000         0.000000000         0.000000000
         0.000000000         0.000000000         0.000000000         0.000000000
         0.000000000         0.000000000         0.000000000         0.000000000
         0.000000000         0.000000000         0.000000000         0.000000000
         0.000000000         0.000000000         0.000000000         0.000000000
         0.000000000        -0.035171744        -0.018796778         0.124944714
        -0.220382530         0.158663683         0.092307952        -0.317137274
        -0.046286190        -0.307713763        -0.189879564         0.177162931
         0.175348249         0.412676191         0.230153687         0.142675470
         0.062926597        -0.141726656         0.040418496         0.007660655
         0.014982822         0.272964239        -0.062993571         0.348305428
        -0.241168349        -0.278195431
          38           0.908854326    0    0
         0.000000000         0.000000000         0.000000000         0.000000000
         0.000000000         0.000000000         0.000000000         0.000000000
         0.000000000         0.000000000         0.000000000         0.000000000
         0.000000000         0.000000000         0.000000000         0.000000000
         0.000000000         0.000000000         0.000000000         0.000000000
         0.000000000         0.000000000         0.000000000         0.000000000
         0.000000000         0.000000000         0.000000000         0.000000000
         0.000000000         0.000000000         0.000000000         0.000000000
         0.000000000         0.130598643        -0.207895460        -0.166256402
         0.052584157         0.161495506         0.026859341        -0.058389997
        -0.277992755        -0.118395706         0.214240686         0.493669473
         0.137886287        -0.322208491        -0.020553169         0.041486400
         0.019117751        -0.039892471        -0.146970253        -0.024521038
         0.004602524         0.230302073        -0.425028371        -0.051413101
        -0.069612645         0.328432548
          39           0.803147869    0    0
         0.000000000         0.000000000         0.000000000         0.000000000
         0.000000000         0.000000000         0.000000000         0.000000000
         0.000000000         0.000000000         0.000000000         0.000000000
         0.000000000         0.000000000         0.000000000         0.000000000
         0.000000000         0.000000000         0.000000000         0.000000000
         0.000000000         0.000000000         0.000000000         0.000000000
         0.000000000         0.000000000         0.000000000         0.000000000
         0.000000000         0.000000000         0.000000000         0.000000000
         0.000000000        -0.261543567         0.048250698         0.070310940
         0.077671389         0.080815128         0.011711139        -0.385394359
        -0.041522736         0.374614701         0.071790945         0.050288899
         0.492064792        -0.057145974        -0.494047847        -0.010293363
         0.004698827        -0.006793074         0.081325994        -0.060847350
        -0.002060932        -0.229117916         0.018415367         0.244874030
        -0.017640162        -0.016432758
          40           0.779568435    0    0
         0.000000000         0.000000000         0.000000000         0.000000000
         0.000000000         0.000000000         0.000000000         0.000000000
         0.000000000         0.000000000         0.000000000         0.000000000
         0.000000000         0.000000000         0.000000000         0.000000000
         0.000000000         0.000000000         0.000000000         0.000000000
         0.000000000         0.000000000         0.000000000         0.000000000
         0.000000000         0.000000000         0.000000000         0.000000000
         0.000000000         0.000000000         0.000000000         0.000000000
         0.000000000        -0.008613620         0.257735806        -0.253928323
         0.020782482        -0.016231078        -0.464965574        -0.033238084
        -0.295723775        -0.005296368        -0.295383885         0.096681367
         0.103810011         0.091392457         0.067920793         0.483330430
         0.029050109         0.124996827         0.003125345        -0.000864631
         0.074297201        -0.127132693        -0.081269524        -0.111982500
         0.382042466        -0.079576982
          41           0.640806817    0    0
         0.000000000         0.000000000         0.000000000         0.000000000
         0.000000000         0.000000000         0.000000000         0.000000000
         0.000000000         0.000000000         0.000000000         0.000000000
         0.000000000         0.000000000         0.000000000         0.000000000
         0.000000000         0.000000000         0.000000000         0.000000000
         0.000000000         0.000000000         0.000000000         0.000000000
         0.000000000         0.000000000         0.000000000         0.000000000
         0.000000000         0.000000000         0.000000000         0.000000000
         0.000000000        -0.005271484         0.172251944        -0.172447271
        -0.102600100         0.108253939         0.528018648         0.138187190
        -0.426150982         0.141282272        -0.421887367         0.014602007
        -0.175403644         0.013936383        -0.190139413        -0.153648146
        -0.360207507         0.006184452         0.000837900        -0.000613500
         0.066363828         0.040948139        -0.063561763         0.047504271
         0.062061504        -0.062540752
          42           0.448265176    0    0
         0.000000000         0.000000000         0.000000000         0.000000000
         0.000000000         0.000000000         0.000000000         0.000000000
         0.000000000         0.000000000         0.000000000         0.000000000
         0.000000000         0.000000000         0.000000000         0.000000000
         0.000000000         0.000000000         0.000000000         0.000000000
         0.000000000         0.000000000         0.000000000         0.000000000
         0.000000000         0.000000000         0.000000000         0.000000000
         0.000000000         0.000000000         0.000000000         0.000000000
         0.000000000        -0.290579514        -0.124852345        -0.117420109
         0.266453185         0.265135156        -0.012575353         0.466017690
        -0.152923950        -0.460807453         0.154146005        -0.258200054
         0.207651248         0.267864999        -0.212478635        -0.002261688
        -0.001761903        -0.001868519        -0.004275320        -0.131853767
         0.000554077        -0.097456182        -0.049419421         0.097675369
        -0.002012676         0.049877655
          43           0.397986656    0    0
         0.000000000         0.000000000         0.000000000         0.000000000
         0.000000000         0.000000000         0.000000000         0.000000000
         0.000000000         0.000000000         0.000000000         0.000000000
         0.000000000         0.000000000         0.000000000         0.000000000
         0.000000000         0.000000000         0.000000000         0.000000000
         0.000000000         0.000000000         0.000000000         0.000000000
         0.000000000         0.000000000         0.000000000         0.000000000
         0.000000000         0.000000000         0.000000000         0.000000000
         0.000000000        -0.001139353         0.186830161        -0.193826174
        -0.136050449         0.143851796         0.432286065        -0.018493299
         0.089350523        -0.031116851         0.092946399        -0.423392135
         0.267044518        -0.410963011         0.264503146         0.315971091
         0.276633101         0.014021901        -0.001623984        -0.000335125
         0.088014691         0.025158257        -0.049358582         0.025351352
         0.062825383        -0.046074159
          44           0.295589523    0    0
         0.000000000         0.000000000         0.000000000         0.000000000
         0.000000000         0.000000000         0.000000000         0.000000000
         0.000000000         0.000000000         0.000000000         0.000000000
         0.000000000         0.000000000         0.000000000         0.000000000
         0.000000000         0.000000000         0.000000000         0.000000000
         0.000000000         0.000000000         0.000000000         0.000000000
         0.000000000         0.000000000         0.000000000         0.000000000
         0.000000000         0.000000000         0.000000000         0.000000000
         0.000000000         0.002466804        -0.069982070         0.075242433
        -0.366370391         0.360697551        -0.406640758         0.380402041
        -0.038477917         0.382696220        -0.040361914        -0.158018287
        -0.034557639        -0.164054550        -0.031594371         0.067805249
        -0.041872936        -0.293046822        -0.000602629         0.002248587
         0.048865069         0.134844494        -0.100090060         0.135807706
        -0.244659182        -0.101375537
          45           0.261315413    0    0
         0.000000000         0.000000000         0.000000000         0.000000000
         0.000000000         0.000000000         0.000000000         0.000000000
         0.000000000         0.000000000         0.000000000         0.000000000
         0.000000000         0.000000000         0.000000000         0.000000000
         0.000000000         0.000000000         0.000000000         0.000000000
         0.000000000         0.000000000         0.000000000         0.000000000
         0.000000000         0.000000000         0.000000000         0.000000000
         0.000000000         0.000000000         0.000000000         0.000000000
         0.000000000        -0.297112775         0.266698184         0.262831089
        -0.083976173        -0.084531916         0.002681476         0.261716954
        -0.083138438        -0.265149088         0.084282614         0.433881208
        -0.037196362        -0.435832571         0.041192452         0.001941820
         0.002808660        -0.000514344         0.302051030         0.002033904
         0.000533477        -0.114313000         0.231857813         0.115511087
         0.002127994        -0.227570571
$end
