$coord
   -1.97657627979888      4.33195884729651     -0.31608335893251      p
   -0.98867275056083     -4.14647430657570      0.63197427044843      p
   -1.36893027029309      1.17289812191901      1.12540691944537      c
   -1.35557565583928     -0.96224445922571     -0.83528291498470      c
   -2.87281054968734      0.83574393244033      2.51238127419267      h
    0.42605908906185      1.22920098931775      2.16752415363701      h
   -3.15304858623269     -0.97038977732032     -1.86876567555496      h
    0.15400151957873     -0.67294184963062     -2.23120481032057      h
    2.42107780643243     -4.00966298658317      1.44842659064830      c
    3.05974101911522     -5.89180705337175      2.02284714241610      h
    2.71089225878471     -2.73321318371552      3.04913109329870      h
    3.57792401783031     -3.36601664608572     -0.14749695025871      h
   -0.75900217720420     -6.05097363466871     -2.30459300363045      c
    0.64459193189755     -5.28547135663859     -3.62422265972618      h
   -2.60335051531228     -6.09945473777247     -3.24016027712175      h
   -0.23812017636247     -7.99529398595337     -1.82711063620758      h
   -1.53172968359130      6.30683907789265      2.54839336602357      c
   -1.53116960087522      8.30572141614570      2.01534720689224      h
    0.24316053885128      5.87344586964933      3.52787498235312      h
   -3.10944185913150      5.99745794170595      3.85009086525448      h
    1.14093537740386      4.87730622046813     -1.83103170149330      c
    1.34382088422125      3.65227386715120     -3.48442029290863      h
    2.71277922679647      4.51872934614857     -0.52708411899100      h
    1.24675111491540      6.83718681040654     -2.48522713947956      h
$user-defined bonds
$redundant
     number_of_atoms            24
     degrees_of_freedom         66
     internal_coordinates       66
     frozen_coordinates          0
# definitions of redundant internals
   1 k  1.0000000000000 stre   3    5           val=   2.07341
   2 k  1.0000000000000 stre   3    6           val=   2.07633
   3 k  0.1290600660465 bend   6    5    3      val=   1.53120
       -0.5103468518764 bend   4    5    3
       -0.5197481672655 bend   4    6    3
        0.4650693523717 bend   1    5    3
        0.4862735138177 bend   1    6    3
   4 k  0.0939006185675 bend   6    5    3      val=   1.39023
        0.5915941434497 bend   4    5    3
       -0.6068947547482 bend   4    6    3
        0.3501798627409 bend   1    5    3
       -0.3876233528292 bend   1    6    3
   5 k  0.8925076408264 bend   6    5    3      val=   2.53777
       -0.1998180750283 bend   4    5    3
       -0.0867887825296 bend   4    6    3
       -0.3153449093404 bend   1    5    3
       -0.2377564790675 bend   1    6    3
   6 k  0.0071075885551 bend   6    5    3      val=  -0.19269
       -0.3792454289984 bend   4    5    3
        0.3626681340936 bend   4    6    3
        0.6090105411216 bend   1    5    3
       -0.5947271408676 bend   1    6    3
   7 k  1.0000000000000 stre   4    7           val=   2.07342
   8 k  1.0000000000000 stre   4    8           val=   2.07632
   9 k  0.1289196442564 bend   8    7    4      val=   1.51082
       -0.5105012548121 bend   3    7    4
       -0.5197313442422 bend   3    8    4
        0.4646947349724 bend   2    7    4
        0.4865247447573 bend   2    8    4
  10 k  0.0955979955736 bend   8    7    4      val=   1.40926
        0.5907808007229 bend   3    7    4
       -0.6068272945932 bend   3    8    4
        0.3503977400713 bend   2    7    4
       -0.3883569582601 bend   2    8    4
  11 k  0.8921005601413 bend   8    7    4      val=   2.45520
       -0.2009846056139 bend   3    7    4
       -0.0861524765804 bend   3    8    4
       -0.3164576014702 bend   2    7    4
       -0.2370529817418 bend   2    8    4
  12 k  0.0074036840983 bend   8    7    4      val=  -0.20649
       -0.3800709393864 bend   3    7    4
        0.3629820159071 bend   3    8    4
        0.6086636950753 bend   2    7    4
       -0.5943600162536 bend   2    8    4
  13 k  0.4082482904639 tors  11    9    2    4 val=  61.64814
        0.4082482904639 tors  11    9    2   13
        0.4082482904639 tors  10    9    2    4
        0.4082482904639 tors  10    9    2   13
        0.4082482904639 tors  12    9    2    4
        0.4082482904639 tors  12    9    2   13
  14 k  1.0000000000000 stre   9   11           val=   2.06775
  15 k  1.0000000000000 stre   9   10           val=   2.06889
  16 k  1.0000000000000 stre   9   12           val=   2.07353
  17 k  0.3746691985841 bend  10   11    9      val=   1.06713
        0.4399686808934 bend  12   11    9
        0.4302398732166 bend  12   10    9
       -0.4049401249168 bend   2   11    9
       -0.4054379388851 bend   2   10    9
       -0.3906248531582 bend   2   12    9
  18 k  0.7543407584609 bend  10   11    9      val=   1.21164
       -0.3027569514000 bend  12   11    9
       -0.3711477807195 bend  12   10    9
        0.1871296285126 bend   2   11    9
        0.1524984999807 bend   2   10    9
       -0.3785291045705 bend   2   12    9
  19 k  0.0466088429965 bend  10   11    9      val=   0.39309
       -0.6680272263180 bend  12   11    9
        0.6377792291372 bend  12   10    9
       -0.2629575707852 bend   2   11    9
        0.2744991190500 bend   2   10    9
       -0.0175626063313 bend   2   12    9
  20 k -0.3691624126993 bend  10   11    9      val=  -0.19437
        0.1653600872721 bend  12   11    9
        0.1937415199407 bend  12   10    9
        0.3945296495371 bend   2   11    9
        0.3466315937012 bend   2   10    9
       -0.7232097012090 bend   2   12    9
  21 k -0.0118524228649 bend  10   11    9      val=  -0.15265
        0.2737036466820 bend  12   11    9
       -0.2641408946199 bend  12   10    9
       -0.6370736160044 bend   2   11    9
        0.6696936863655 bend   2   10    9
       -0.0286879049041 bend   2   12    9
  22 k  0.4082482904639 tors  16   13    2    4 val=  59.89756
        0.4082482904639 tors  16   13    2    9
        0.4082482904639 tors  15   13    2    4
        0.4082482904639 tors  15   13    2    9
        0.4082482904639 tors  14   13    2    4
        0.4082482904639 tors  14   13    2    9
  23 k  1.0000000000000 stre  13   16           val=   2.06874
  24 k  1.0000000000000 stre  13   15           val=   2.06864
  25 k  1.0000000000000 stre  13   14           val=   2.07304
  26 k  0.3759881592087 bend  15   16   13      val=   1.03409
        0.4339099158639 bend  14   16   13
        0.4345202125529 bend  14   15   13
       -0.4049220753218 bend   2   16   13
       -0.4048972264396 bend   2   15   13
       -0.3919740079028 bend   2   14   13
  27 k  0.7546508730747 bend  15   16   13      val=   1.36055
       -0.3437517265006 bend  14   16   13
       -0.3317088108903 bend  14   15   13
        0.1685364243572 bend   2   16   13
        0.1745165006735 bend   2   15   13
       -0.3787420490660 bend   2   14   13
  28 k  0.0076225451451 bend  15   16   13      val=   0.04058
        0.6512121341671 bend  14   16   13
       -0.6572455137300 bend  14   15   13
        0.2695820473714 bend   2   16   13
       -0.2668483945872 bend   2   15   13
       -0.0032313839161 bend   2   14   13
  29 k -0.3708152962331 bend  15   16   13      val=  -0.40498
        0.1812077167823 bend  14   16   13
        0.1778981950345 bend  14   15   13
        0.3675569652749 bend   2   16   13
        0.3735447512735 bend   2   15   13
       -0.7234488286918 bend   2   14   13
  30 k -0.0013166660863 bend  15   16   13      val=   0.02122
       -0.2676522492857 bend  14   16   13
        0.2688010159717 bend  14   15   13
        0.6562131563739 bend   2   16   13
       -0.6522862659364 bend   2   15   13
       -0.0036707394190 bend   2   14   13
  31 k  0.4082482904639 tors  18   17    1    3 val=  59.89665
        0.4082482904639 tors  18   17    1   21
        0.4082482904639 tors  20   17    1    3
        0.4082482904639 tors  20   17    1   21
        0.4082482904639 tors  19   17    1    3
        0.4082482904639 tors  19   17    1   21
  32 k  1.0000000000000 stre  17   18           val=   2.06874
  33 k  1.0000000000000 stre  17   20           val=   2.06865
  34 k  1.0000000000000 stre  17   19           val=   2.07303
  35 k  0.3768345743692 bend  20   18   17      val=   0.98949
        0.4334224158418 bend  19   18   17
        0.4337506039089 bend  19   20   17
       -0.4050698666141 bend   1   18   17
       -0.4049395937377 bend   1   20   17
       -0.3923562860455 bend   1   19   17
  36 k  0.7544394474215 bend  20   18   17      val=   1.28569
       -0.3439430895999 bend  19   18   17
       -0.3334709513687 bend  19   20   17
        0.1686747470570 bend   1   18   17
        0.1739294161263 bend   1   20   17
       -0.3776490219705 bend   1   19   17
  37 k  0.0064568830494 bend  20   18   17      val=   0.00035
        0.6512855952004 bend  19   18   17
       -0.6567864271499 bend  19   20   17
        0.2698930071937 bend   1   18   17
       -0.2675181184457 bend   1   20   17
       -0.0029651692341 bend   1   19   17
  38 k -0.3697624901501 bend  20   18   17      val=  -0.40776
        0.1827229990646 bend  19   18   17
        0.1757851465600 bend  19   20   17
        0.3627864148611 bend   1   18   17
        0.3783833175637 bend   1   20   17
       -0.7240163471369 bend   1   19   17
  39 k -0.0039713101307 bend  20   18   17      val=   0.02554
       -0.2667225580033 bend  19   18   17
        0.2706689906632 bend  19   20   17
        0.6586127582052 bend   1   18   17
       -0.6494080308303 bend   1   20   17
       -0.0089469248217 bend   1   19   17
  40 k  0.4082482904639 tors  22   21    1    3 val=  61.64796
        0.4082482904639 tors  22   21    1   17
        0.4082482904639 tors  24   21    1    3
        0.4082482904639 tors  24   21    1   17
        0.4082482904639 tors  23   21    1    3
        0.4082482904639 tors  23   21    1   17
  41 k  1.0000000000000 stre  21   22           val=   2.06774
  42 k  1.0000000000000 stre  21   24           val=   2.06889
  43 k  1.0000000000000 stre  21   23           val=   2.07354
  44 k  0.3746407345818 bend  24   22   21      val=   1.08378
        0.4402649350263 bend  23   22   21
        0.4301415886185 bend  23   24   21
       -0.4048258444686 bend   1   22   21
       -0.4053962006929 bend   1   24   21
       -0.3905883726292 bend   1   23   21
  45 k  0.7544207514939 bend  24   22   21      val=   1.23569
       -0.3044420997980 bend  23   22   21
       -0.3691966148969 bend  23   24   21
        0.1864721170157 bend   1   22   21
        0.1535894751517 bend   1   24   21
       -0.3788094769576 bend   1   23   21
  46 k  0.0445355051039 bend  24   22   21      val=   0.40302
       -0.6670600935571 bend  23   22   21
        0.6390977558551 bend  23   24   21
       -0.2633166207806 bend   1   22   21
        0.2738391625941 bend   1   24   21
       -0.0166718049442 bend   1   23   21
  47 k -0.3695665497701 bend  24   22   21      val=  -0.19937
        0.1669630101847 bend  23   22   21
        0.1923539412206 bend  23   24   21
        0.3911887501160 bend   1   22   21
        0.3500225761814 bend   1   24   21
       -0.7231870005496 bend   1   23   21
  48 k -0.0100567645382 bend  24   22   21      val=  -0.14313
        0.2726839453647 bend  23   22   21
       -0.2648991216203 bend  23   24   21
       -0.6391896282236 bend   1   22   21
        0.6679757130327 bend   1   24   21
       -0.0248163003291 bend   1   23   21
  49 k  0.7071067811865 tors  13    2    4    3 val=  55.33544
        0.7071067811865 tors   9    2    4    3
  50 k  1.0000000000000 stre   2   13           val=   3.50761
  51 k  1.0000000000000 stre   2    9           val=   3.50880
  52 k  0.6842635849279 bend   9   13    2      val=  98.86571
        0.5507245654768 bend   4   13    2
        0.4780018821323 bend   4    9    2
  53 k -0.4778506311597 bend   9   13    2      val=   4.72117
        0.8337675736636 bend   4   13    2
       -0.2765689921293 bend   4    9    2
  54 k -0.5508558074868 bend   9   13    2      val=  17.26252
       -0.0391674110381 bend   4   13    2
        0.8336808701599 bend   4    9    2
  55 k  0.7071067811865 tors  17    1    3    4 val=  55.33333
        0.7071067811865 tors  21    1    3    4
  56 k  1.0000000000000 stre   1   17           val=   3.50760
  57 k  1.0000000000000 stre   1   21           val=   3.50875
  58 k  0.6816160277437 bend  21   17    1      val=  98.86354
        0.5555720264747 bend   3   17    1
        0.4761715175457 bend   3   21    1
  59 k -0.5024736912006 bend  21   17    1      val=   4.71723
        0.8284592712823 bend   3   17    1
       -0.2473366642407 bend   3   21    1
  60 k -0.5319020402050 bend  21   17    1      val=  16.83313
       -0.0706750254707 bend   3   17    1
        0.8438514445093 bend   3   21    1
  61 k  1.0000000000000 tors   1    3    4    2 val= 184.28648
  62 k  1.0000000000000 stre   3    1           val=   3.52517
  63 k  1.0000000000000 bend   4    1    3      val= 112.59856
  64 k  1.0000000000000 stre   4    2           val=   3.52516
  65 k  1.0000000000000 bend   3    2    4      val= 112.59859
  66 k  1.0000000000000 stre   3    4           val=   2.89885
        66 non zero eigenvalues  of BmBt
           1           4.864906600    1    0
         1
           2           4.166774987    2    0
         2
           3           3.747892804    3    0
         3
           4           3.647174648    4    0
         4
           5           3.605349888    5    0
         5
           6           3.499882907    6    0
         6
           7           3.408312564    7    0
         7
           8           3.382521187    8    0
         8
           9           3.212624203    9    0
         9
          10           3.152486544   10    0
        10
          11           3.147674592   11    0
        11
          12           3.082868625   12    0
        12
          13           3.082422309   13    0
        13
          14           3.034131080   14    0
        14
          15           3.005460687   15    0
        15
          16           2.817453033   16    0
        16
          17           2.798733925   17    0
        17
          18           2.285134178   18    0
        18
          19           1.505068309   19    0
        19
          20           1.399433533   20    0
        20
          21           1.358323585   21    0
        21
          22           1.224875712   22    0
        22
          23           1.220152423   23    0
        23
          24           1.052989627   24    0
        24
          25           0.857801342   25    0
        25
          26           0.852225272   26    0
        26
          27           0.849980908   27    0
        27
          28           0.839482016   28    0
        28
          29           0.770479792   29    0
        29
          30           0.754701640   30    0
        30
          31           0.693055962   31    0
        31
          32           0.692379685   32    0
        32
          33           0.690827184   33    0
        33
          34           0.690465915   34    0
        34
          35           0.689959851   35    0
        35
          36           0.687377581   36    0
        36
          37           0.687168594   37    0
        37
          38           0.686120943   38    0
        38
          39           0.664080929   39    0
        39
          40           0.501298825   40    0
        40
          41           0.487759511   41    0
        41
          42           0.450995159   42    0
        42
          43           0.408479127   43    0
        43
          44           0.374923406   44    0
        44
          45           0.347420169   45    0
        45
          46           0.344973298   46    0
        46
          47           0.323052500   47    0
        47
          48           0.320679633   48    0
        48
          49           0.310991223   49    0
        49
          50           0.307680905   50    0
        50
          51           0.297455523   51    0
        51
          52           0.295905485   52    0
        52
          53           0.274601927   53    0
        53
          54           0.270760846   54    0
        54
          55           0.213657126   55    0
        55
          56           0.093652089   56    0
        56
          57           0.072239821   57    0
        57
          58           0.058664231   58    0
        58
          59           0.057884959   59    0
        59
          60           0.045140614   60    0
        60
          61           0.034166644   61    0
        61
          62           0.033734874   62    0
        62
          63           0.028291371   63    0
        63
          64           0.013485181   64    0
        64
          65           0.007586980   65    0
        65
          66           0.005962493   66    0
        66
$end
