$coord
    0.04490758252783      0.09389576652123      0.72064940926310      mo
    4.29740782730113      2.61860301109250     -2.57862917450421      o
    2.70381766240382      1.67548147225330     -1.40022469123129      c
    0.03152161643189     -2.76446622426669     -1.70775844358996      c
    0.02154334563471     -4.48529741165084     -3.07021718695230      o
   -2.48507738047249      1.77049757219960     -1.48331507568967      c
   -4.00418995951824      2.77133134649735     -2.71143044109931      o
   -1.34258780568906      2.21356504445400      4.36454115931715      c
    1.32038780541204      2.20737051112715      4.41213125529616      c
    2.66796024021390     -0.13489081671662      4.29283251498604      c
    1.33348377462688     -2.43453994113723      4.13596081234217      c
   -1.37097316659326     -2.42617675133063      4.08782959568784      c
   -2.69963557133900     -0.12082316354004      4.20514726090672      c
   -2.36577983165697      3.98673667350333      4.41525659624128      h
    2.35057656440474      3.97493190051929      4.49908248901362      h
    4.71580282564407     -0.13453763479838      4.29008002015439      h
    2.35164081775681     -4.20684726725260      4.01177969962634      h
   -2.39377370360878     -4.19306273148139      3.92767817929974      h
   -4.74614057348005     -0.10973531599332      4.13528590593220      h
$user-defined bonds
$redundant
     number_of_atoms            19
     degrees_of_freedom         51
     internal_coordinates       68
     frozen_coordinates          0
# definitions of redundant internals
   1 k  1.0000000000000 stre   2    3           val=   2.19491
   2 k  1.0000000000000 linc   2    1    3    4 val=  -1.39734
   3 k  1.0000000000000 linp   2    1    3    4 val=   1.37934
   4 k  1.0000000000000 stre   5    4           val=   2.19492
   5 k  1.0000000000000 linc   5    1    4    6 val=  -1.40691
   6 k  1.0000000000000 linp   5    1    4    6 val=   1.39472
   7 k  1.0000000000000 stre   7    6           val=   2.19491
   8 k  1.0000000000000 linc   7    1    6    4 val=  -1.41415
   9 k  1.0000000000000 linp   7    1    6    4 val=  -1.36643
  10 k  1.0000000000000 stre   1    4           val=   3.75068
  11 k  1.0000000000000 stre   1    6           val=   3.75090
  12 k  1.0000000000000 stre   1    3           val=   3.75091
  13 k  0.0494896040295 bend   6    4    1      val=   0.08565
        0.0912984366047 bend   3    4    1
       -0.1404373644874 bend   3    6    1
        0.2990057537288 bend  12    4    1
        0.0111936460444 bend  12    6    1
        0.1115581134721 bend  12    3    1
        0.2768605542276 bend  10    4    1
       -0.3206887739916 bend  10    6    1
       -0.0250693106456 bend  10    3    1
        0.2106153742099 bend   8    4    1
       -0.2737473977349 bend   8    6    1
       -0.2880395046984 bend   8    3    1
        0.2076367455867 bend  13    4    1
       -0.1256814000474 bend  13    6    1
       -0.2824294499740 bend  13    3    1
        0.3288127018556 bend  11    4    1
       -0.0018121862717 bend  11    6    1
        0.1139716729365 bend  11    3    1
        0.2845907619941 bend   9    4    1
       -0.3210879135070 bend   9    6    1
       -0.2031202052426 bend   9    3    1
  14 k  0.1339991982375 bend   6    4    1      val=   0.10239
       -0.1096749396997 bend   3    4    1
       -0.0240910077785 bend   3    6    1
        0.1436827132922 bend  12    4    1
        0.3263569339708 bend  12    6    1
       -0.3066729112775 bend  12    3    1
       -0.1720757756788 bend  10    4    1
        0.0577842155211 bend  10    6    1
       -0.3312247895006 bend  10    3    1
        0.2487153068005 bend   8    4    1
        0.1875698937417 bend   8    6    1
       -0.1534878644681 bend   8    3    1
        0.2509655132028 bend  13    4    1
        0.3075606465962 bend  13    6    1
       -0.1648195108717 bend  13    3    1
       -0.0443691737564 bend  11    4    1
        0.3271867821208 bend  11    6    1
       -0.3056455664267 bend  11    3    1
       -0.1603846256381 bend   9    4    1
        0.0545605384321 bend   9    6    1
       -0.2628542182699 bend   9    3    1
  15 k -0.3360846570003 bend   6    4    1      val=  72.58430
       -0.3359007522691 bend   3    4    1
       -0.3353614535193 bend   3    6    1
        0.2232399289608 bend  12    4    1
        0.1712915079060 bend  12    6    1
        0.1733331462874 bend  12    3    1
        0.1721185706522 bend  10    4    1
        0.1743290209820 bend  10    6    1
        0.2233295542289 bend  10    3    1
        0.1739682071117 bend   8    4    1
        0.2234860076876 bend   8    6    1
        0.1720824590228 bend   8    3    1
        0.1721616746114 bend  13    4    1
        0.2222225399777 bend  13    6    1
        0.1781179382761 bend  13    3    1
        0.2225530819187 bend  11    4    1
        0.1775439643454 bend  11    6    1
        0.1720608387728 bend  11    3    1
        0.1787942069657 bend   9    4    1
        0.1727658263922 bend   9    6    1
        0.2226968516499 bend   9    3    1
  16 k  0.1614078769018 bend   6    4    1      val=   0.11828
        0.3631508262500 bend   3    4    1
       -0.5251595487102 bend   3    6    1
       -0.2134381798232 bend  12    4    1
        0.2626693743853 bend  12    6    1
        0.2540436873732 bend  12    3    1
       -0.1001215266921 bend  10    4    1
       -0.0540756994451 bend  10    6    1
        0.1514071925499 bend  10    3    1
       -0.1974829534432 bend   8    4    1
        0.0636277245713 bend   8    6    1
       -0.1633737219840 bend   8    3    1
       -0.1965332715550 bend  13    4    1
        0.2050751492215 bend  13    6    1
       -0.1527296457062 bend  13    3    1
       -0.1700404048882 bend  11    4    1
        0.2592742058866 bend  11    6    1
        0.2555474734082 bend  11    3    1
       -0.1081886755304 bend   9    4    1
       -0.0567602397661 bend   9    6    1
       -0.0346437232369 bend   9    3    1
  17 k  0.5132414681754 bend   6    4    1      val=   0.08739
       -0.3967551598399 bend   3    4    1
       -0.1167043289317 bend   3    6    1
        0.0508695902914 bend  12    4    1
        0.0377947992887 bend  12    6    1
        0.0814498574761 bend  12    3    1
       -0.2453934589926 bend  10    4    1
       -0.2609793027089 bend  10    6    1
        0.1596476172506 bend  10    3    1
        0.1772372986105 bend   8    4    1
       -0.2107016152153 bend   8    6    1
        0.2100977478846 bend   8    3    1
        0.1802597983139 bend  13    4    1
       -0.0773917322227 bend  13    6    1
        0.2123746342610 bend  13    3    1
       -0.1380631130312 bend  11    4    1
        0.0270783148675 bend  11    6    1
        0.0798044736008 bend  11    3    1
       -0.2364317661803 bend   9    4    1
       -0.2615920149209 bend   9    6    1
        0.2169187855296 bend   9    3    1
  18 k -0.0006878123913 bend   6    4    1      val=  -0.00125
       -0.0040091507078 bend   3    4    1
       -0.0010327971112 bend   3    6    1
        0.1220523278433 bend  12    4    1
       -0.2795460435229 bend  12    6    1
        0.2751378386758 bend  12    3    1
       -0.2804231886992 bend  10    4    1
        0.2749742858916 bend  10    6    1
        0.1210903996672 bend  10    3    1
        0.2761765675286 bend   8    4    1
        0.1210775179461 bend   8    6    1
       -0.2782611619293 bend   8    3    1
        0.2797079086067 bend  13    4    1
       -0.1264556793106 bend  13    6    1
       -0.2662948467833 bend  13    3    1
       -0.1267352628232 bend  11    4    1
       -0.2671498750853 bend  11    6    1
        0.2775877567283 bend  11    3    1
       -0.2669823708916 bend   9    4    1
        0.2780257566853 bend   9    6    1
       -0.1255432215725 bend   9    3    1
  19 k  1.0000000000000 stre   8   14           val=   2.04784
  20 k -0.7070871382121 bend   9   14    8      val=   0.42046
        0.7071021605033 bend  13   14    8
        0.0058577800113 bend   1   14    8
  21 k  0.0076153722913 bend   9   14    8      val= 125.95474
       -0.0006687534951 bend  13   14    8
        0.9999707790099 bend   1   14    8
  22 k  1.0000000000000 stre   9   15           val=   2.04771
  23 k -0.7070859167960 bend   8   15    9      val=   0.39009
        0.7071062233627 bend  10   15    9
        0.0055041030618 bend   1   15    9
  24 k  0.0087651047539 bend   8   15    9      val= 126.14114
        0.0009811724626 bend  10   15    9
        0.9999611043632 bend   1   15    9
  25 k  1.0000000000000 stre  10   16           val=   2.04784
  26 k -0.7070921314292 bend  11   16   10      val=   0.35634
        0.7071029675988 bend   9   16   10
        0.0051098810069 bend   1   16   10
  27 k  0.0063169810309 bend  11   16   10      val= 125.89610
       -0.0009094705972 bend   9   16   10
        0.9999796340996 bend   1   16   10
  28 k  1.0000000000000 stre  11   17           val=   2.04772
  29 k -0.7070863201799 bend  10   17   11      val=   0.38518
        0.7071063953385 bend  12   17   11
        0.0054296856115 bend   1   17   11
  30 k  0.0087084592196 bend  10   17   11      val= 126.13146
        0.0010297680044 bend  12   17   11
        0.9999615504188 bend   1   17   11
  31 k  1.0000000000000 stre  12   18           val=   2.04784
  32 k -0.7070907646832 bend  13   18   12      val=   0.36179
        0.7071038804339 bend  11   18   12
        0.0051723084844 bend   1   18   12
  33 k  0.0068837165156 bend  13   18   12      val= 126.00869
       -0.0004310159932 bend  11   18   12
        0.9999762140532 bend   1   18   12
  34 k  1.0000000000000 stre  13   19           val=   2.04773
  35 k -0.7070890026289 bend  12   19   13      val=   0.34011
        0.7071074455466 bend   8   19   13
        0.0049196355389 bend   1   19   13
  36 k  0.0082068348254 bend  12   19   13      val= 126.14474
        0.0012494517419 bend   8   19   13
        0.9999655427726 bend   1   19   13
  37 k  0.4082482904639 tors  11   12    1    8 val=  60.11562
        0.4082482904639 tors  11   12    1    9
        0.4082482904639 tors  11   12    1   10
        0.4082482904639 tors  13   12    1    8
        0.4082482904639 tors  13   12    1    9
        0.4082482904639 tors  13   12    1   10
  38 k  0.4082482904639 tors   9   10    1    8 val=  60.11908
        0.4082482904639 tors   9   10    1   12
        0.4082482904639 tors   9   10    1   13
        0.4082482904639 tors  11   10    1    8
        0.4082482904639 tors  11   10    1   12
        0.4082482904639 tors  11   10    1   13
  39 k  0.4082482904639 tors   9    8    1   10 val=  60.11615
        0.4082482904639 tors   9    8    1   11
        0.4082482904639 tors   9    8    1   12
        0.4082482904639 tors  13    8    1   10
        0.4082482904639 tors  13    8    1   11
        0.4082482904639 tors  13    8    1   12
  40 k  0.4082482904639 tors   8   13    1    9 val=  59.88108
        0.4082482904639 tors   8   13    1   10
        0.4082482904639 tors   8   13    1   11
        0.4082482904639 tors  12   13    1    9
        0.4082482904639 tors  12   13    1   10
        0.4082482904639 tors  12   13    1   11
  41 k  0.4082482904639 tors  10   11    1    8 val=  59.88216
        0.4082482904639 tors  10   11    1    9
        0.4082482904639 tors  10   11    1   13
        0.4082482904639 tors  12   11    1    8
        0.4082482904639 tors  12   11    1    9
        0.4082482904639 tors  12   11    1   13
  42 k  0.4082482904639 tors   8    9    1   11 val=  59.88520
        0.4082482904639 tors   8    9    1   12
        0.4082482904639 tors   8    9    1   13
        0.4082482904639 tors  10    9    1   11
        0.4082482904639 tors  10    9    1   12
        0.4082482904639 tors  10    9    1   13
  43 k  1.0000000000000 stre   1   12           val=   4.43772
  44 k  1.0000000000000 stre   1   10           val=   4.43771
  45 k  1.0000000000000 stre   1    8           val=   4.43803
  46 k  1.0000000000000 stre   1   13           val=   4.44076
  47 k  1.0000000000000 stre  12   13           val=   2.66341
  48 k  1.0000000000000 stre   8   13           val=   2.70488
  49 k  1.0000000000000 stre   1   11           val=   4.44047
  50 k  1.0000000000000 stre  12   11           val=   2.70490
  51 k  1.0000000000000 stre  10   11           val=   2.66342
  52 k  1.0000000000000 stre   1    9           val=   4.44080
  53 k  1.0000000000000 stre  10    9           val=   2.70488
  54 k  1.0000000000000 stre   8    9           val=   2.66341
  55 k  0.3081404028613 bend  10   12    1      val=  67.44091
        0.3080655342773 bend   8   12    1
        0.3080585060625 bend   8   10    1
        0.3792136425394 bend  13   10    1
        0.3790125542972 bend  11    8    1
        0.3078097534023 bend  11   13    1
        0.3790525723108 bend   9   12    1
        0.3077568543390 bend   9   13    1
        0.3076517419045 bend   9   11    1
  56 k -0.1600769313038 bend  10   12    1      val=   0.01200
        0.3789507664763 bend   8   12    1
       -0.2170873748810 bend   8   10    1
       -0.6125057845701 bend  13   10    1
        0.2518754048732 bend  11    8    1
       -0.2269740844497 bend  11   13    1
        0.3608689439652 bend   9   12    1
       -0.1498443790425 bend   9   13    1
        0.3752908751167 bend   9   11    1
  57 k -0.3446428360086 bend  10   12    1      val=   0.00405
        0.0322682726417 bend   8   12    1
        0.3108419415543 bend   8   10    1
       -0.0628986047152 bend  13   10    1
        0.5619947888918 bend  11    8    1
        0.3035740108929 bend  11   13    1
       -0.4990280923636 bend   9   12    1
       -0.3471778143080 bend   9   13    1
        0.0452142954979 bend   9   11    1
  58 k -0.4080981135643 bend  10   12    1      val=   0.02802
       -0.4073001349075 bend   8   12    1
       -0.4089405223351 bend   8   10    1
       -0.0005737147739 bend  13   10    1
       -0.0002137886200 bend  11    8    1
        0.4077871230497 bend  11   13    1
        0.0012586975453 bend   9   12    1
        0.4088437140434 bend   9   13    1
        0.4085152378923 bend   9   11    1
  59 k -0.5767698721876 bend  10   12    1      val=   0.00085
        0.3024605677401 bend   8   12    1
        0.2747937386554 bend   8   10    1
        0.0039530431778 bend  13   10    1
       -0.0008681690979 bend  11    8    1
       -0.2647947689587 bend  11   13    1
       -0.0030363594494 bend   9   12    1
        0.5767252045602 bend   9   13    1
       -0.3123918848262 bend   9   11    1
  60 k -0.0159411514786 bend  10   12    1      val=   0.00792
       -0.4918391714332 bend   8   12    1
        0.5072895845694 bend   8   10    1
        0.0012998550836 bend  13   10    1
       -0.0040265187526 bend  11    8    1
       -0.5133097757232 bend  11   13    1
        0.0028805837822 bend   9   12    1
        0.0278679392973 bend   9   13    1
        0.4860119735024 bend   9   11    1
  61 k  0.4271613628045 bend  10   12    1      val=   0.00115
       -0.1416274621090 bend   8   12    1
       -0.2854777495286 bend   8   10    1
       -0.1775643185995 bend  13   10    1
        0.5268772893639 bend  11    8    1
       -0.2819335534737 bend  11   13    1
       -0.3493181431498 bend   9   12    1
        0.4287126855137 bend   9   13    1
       -0.1467796338464 bend   9   11    1
  62 k  0.0829075799824 bend  10   12    1      val=   0.00157
       -0.4114007192304 bend   8   12    1
        0.3284748946853 bend   8   10    1
       -0.5058647919363 bend  13   10    1
        0.0991671430943 bend  11    8    1
        0.3322090996245 bend  11   13    1
        0.4067022451094 bend   9   12    1
        0.0781919965791 bend   9   13    1
       -0.4103207581758 bend   9   11    1
  63 k  1.0000000000000 bend  13    9    8      val= 120.04424
  64 k  1.0000000000000 bend  10    8    9      val= 119.95672
  65 k  1.0000000000000 bend   9   11   10      val= 120.04291
  66 k  1.0000000000000 bend  12   10   11      val= 119.95600
  67 k  1.0000000000000 bend  11   13   12      val= 120.04423
  68 k  1.0000000000000 bend   8   12   13      val= 119.95531
        51 non zero eigenvalues  of BmBt
           1           3.715138363    1    0
         1
           2           3.711473161    2    0
         2
           3           3.336517977    3    0
         3
           4           2.330684614    4    0
         4
           5           2.330538887    5    0
         5
           6           2.209188977    6    0
         6
           7           2.209160855    7    0
         7
           8           2.122765548    8    0
         8
           9           2.121954119    9    0
         9
          10           2.039565237   10    0
        10
          11           2.030503345   11    0
        11
          12           2.003576242   12    0
        12
          13           1.895921660   13    0
        13
          14           1.482818150   14    0
        14
          15           1.482262253   15    0
        15
          16           1.118898107   16    0
        16
          17           1.118805218   17    0
        17
          18           1.034517646   18    0
        18
          19           1.010309255   19    0
        19
          20           0.942000728   20    0
        20
          21           0.866904990   21    0
        21
          22           0.761867402   22    0
        22
          23           0.704836562   23    0
        23
          24           0.698853104   24    0
        24
          25           0.624257341   25    0
        25
          26           0.623621781   26    0
        26
          27           0.623599506   27    0
        27
          28           0.573736983   28    0
        28
          29           0.573226348   29    0
        29
          30           0.565890957   30    0
        30
          31           0.190643307   31    0
        31
          32           0.189375009   32    0
        32
          33           0.124375103   33    0
        33
          34           0.072657038   34    0
        34
          35           0.072269188   35    0
        35
          36           0.052643476   36    0
        36
          37           1.590627884    0    0
         0.000000000         0.000000000         0.000000000         0.000000000
         0.000000000         0.000000000         0.000000000         0.000000000
         0.000000000         0.000000000         0.000000000         0.000000000
         0.000000000         0.000000000         0.000000000         0.000000000
         0.000000000         0.000000000         0.000000000         0.000000000
         0.000000000         0.000000000         0.000000000         0.000000000
         0.000000000         0.000000000         0.000000000         0.000000000
         0.000000000         0.000000000         0.000000000         0.000000000
         0.000000000         0.000000000         0.000000000         0.000000000
        -0.096549971        -0.096483775        -0.096642157         0.096628953
         0.096713194         0.096790646        -0.052657015        -0.052872678
        -0.053088736        -0.054008846         0.375114920        -0.410037391
        -0.054127193        -0.409983472         0.375059982        -0.054264762
        -0.410010680         0.375067781         0.020013660        -0.000017112
         0.000010364        -0.000594889         0.000026099         0.000026648
         0.000002324         0.000003529        -0.001113368         0.001191470
        -0.001220201         0.001217023        -0.001209299         0.001135862
          38           1.170749379    0    0
         0.000000000         0.000000000         0.000000000         0.000000000
         0.000000000         0.000000000         0.000000000         0.000000000
         0.000000000         0.000000000         0.000000000         0.000000000
         0.000000000         0.000000000         0.000000000         0.000000000
         0.000000000         0.000000000         0.000000000         0.000000000
         0.000000000         0.000000000         0.000000000         0.000000000
         0.000000000         0.000000000         0.000000000         0.000000000
         0.000000000         0.000000000         0.000000000         0.000000000
         0.000000000         0.000000000         0.000000000         0.000000000
         0.013095630         0.012925516         0.012946611        -0.013953117
        -0.014017725        -0.013781952        -0.310351190        -0.310428008
        -0.310743328        -0.408387047        -0.215243649        -0.107612440
        -0.408857334        -0.108085526        -0.215286774        -0.409157330
        -0.107729704        -0.215924821         0.076266043         0.000004446
        -0.000073982        -0.025692710         0.000000060         0.000001841
        -0.000019353        -0.000058882        -0.067675402         0.068107019
        -0.068088664         0.068126963        -0.067780321         0.067652094
          39           1.160627760    0    0
         0.000000000         0.000000000         0.000000000         0.000000000
         0.000000000         0.000000000         0.000000000         0.000000000
         0.000000000         0.000000000         0.000000000         0.000000000
         0.000000000         0.000000000         0.000000000         0.000000000
         0.000000000         0.000000000         0.000000000         0.000000000
         0.000000000         0.000000000         0.000000000         0.000000000
         0.000000000         0.000000000         0.000000000         0.000000000
         0.000000000         0.000000000         0.000000000         0.000000000
         0.000000000         0.000000000         0.000000000         0.000000000
        -0.004702271        -0.004742946        -0.004472120         0.000297906
         0.000555004         0.000360366         0.309052659         0.308654532
         0.309412206        -0.156721751         0.044186153         0.024995560
        -0.156710185         0.024450287         0.044818542        -0.156657755
         0.023932755         0.044709128        -0.015070182         0.000260651
        -0.000277100        -0.120627656         0.000040061        -0.000043994
         0.000079989        -0.000014599        -0.320756581         0.321040492
        -0.320141517         0.320914778        -0.320486283         0.321064680
          40           1.075218059    0    0
         0.000000000         0.000000000         0.000000000         0.000000000
         0.000000000         0.000000000         0.000000000         0.000000000
         0.000000000         0.000000000         0.000000000         0.000000000
         0.000000000         0.000000000         0.000000000         0.000000000
         0.000000000         0.000000000         0.000000000         0.000000000
         0.000000000         0.000000000         0.000000000         0.000000000
         0.000000000         0.000000000         0.000000000         0.000000000
         0.000000000         0.000000000         0.000000000         0.000000000
         0.000000000         0.000000000         0.000000000         0.000000000
        -0.055207968         0.082629625        -0.027258768         0.080343455
        -0.018651871        -0.061510587        -0.133053947        -0.021204366
         0.153269457        -0.061766747        -0.461641855         0.331877346
         0.169725844         0.117151380         0.343922526        -0.107943098
        -0.449353266         0.117556477         0.000009432         0.000688677
         0.006569997         0.000124284         0.000391259        -0.001353615
         0.087089184        -0.007560113        -0.256057533         0.190502410
         0.064731826        -0.258350137         0.192114274         0.067000031
          41           1.075079023    0    0
         0.000000000         0.000000000         0.000000000         0.000000000
         0.000000000         0.000000000         0.000000000         0.000000000
         0.000000000         0.000000000         0.000000000         0.000000000
         0.000000000         0.000000000         0.000000000         0.000000000
         0.000000000         0.000000000         0.000000000         0.000000000
         0.000000000         0.000000000         0.000000000         0.000000000
         0.000000000         0.000000000         0.000000000         0.000000000
         0.000000000         0.000000000         0.000000000         0.000000000
         0.000000000         0.000000000         0.000000000         0.000000000
         0.063515310         0.016168799        -0.079648018         0.024803672
        -0.081936471         0.057224888        -0.100365187         0.164858319
        -0.063490912         0.160630612         0.131104538         0.327488748
        -0.026645202        -0.451195993         0.334483110        -0.133073192
         0.124129214        -0.464996024        -0.000023183        -0.006644376
         0.000697092         0.000022815         0.001363437         0.000387674
        -0.007587372        -0.087150148         0.073424751         0.187830235
        -0.258544250         0.071282906         0.185218097        -0.259089966
          42           0.816216927    0    0
         0.000000000         0.000000000         0.000000000         0.000000000
         0.000000000         0.000000000         0.000000000         0.000000000
         0.000000000         0.000000000         0.000000000         0.000000000
         0.000000000         0.000000000         0.000000000         0.000000000
         0.000000000         0.000000000         0.000000000         0.000000000
         0.000000000         0.000000000         0.000000000         0.000000000
         0.000000000         0.000000000         0.000000000         0.000000000
         0.000000000         0.000000000         0.000000000         0.000000000
         0.000000000         0.000000000         0.000000000         0.000000000
         0.172026635         0.010447756        -0.182560770         0.122971421
        -0.207729922         0.084711386        -0.371858954         0.115094753
         0.256913438         0.294343476        -0.088488614         0.015493934
        -0.336345256        -0.027873994        -0.324485622         0.041846832
         0.012199375         0.412977191        -0.000007345        -0.164703788
         0.040252270        -0.000218150         0.033246167         0.008347013
         0.000184243         0.044788312        -0.050066663         0.089224617
        -0.156681646         0.119755541         0.206724331        -0.208836753
          43           0.816103194    0    0
         0.000000000         0.000000000         0.000000000         0.000000000
         0.000000000         0.000000000         0.000000000         0.000000000
         0.000000000         0.000000000         0.000000000         0.000000000
         0.000000000         0.000000000         0.000000000         0.000000000
         0.000000000         0.000000000         0.000000000         0.000000000
         0.000000000         0.000000000         0.000000000         0.000000000
         0.000000000         0.000000000         0.000000000         0.000000000
         0.000000000         0.000000000         0.000000000         0.000000000
         0.000000000         0.000000000         0.000000000         0.000000000
        -0.111644624         0.204673579        -0.093167763         0.168850214
         0.022087647        -0.191030704         0.081389464        -0.362774746
         0.281533698         0.217819436         0.425636396         0.022653606
         0.146268667         0.002111795        -0.289521803        -0.364181833
        -0.024488751        -0.135881525         0.000115279         0.040299340
         0.164762512        -0.000016722         0.008350966        -0.033239197
        -0.044821314         0.000242232        -0.210034065         0.189641823
         0.148399935        -0.172533659         0.061802358        -0.017344164
          44           0.756895172    0    0
         0.000000000         0.000000000         0.000000000         0.000000000
         0.000000000         0.000000000         0.000000000         0.000000000
         0.000000000         0.000000000         0.000000000         0.000000000
         0.000000000         0.000000000         0.000000000         0.000000000
         0.000000000         0.000000000         0.000000000         0.000000000
         0.000000000         0.000000000         0.000000000         0.000000000
         0.000000000         0.000000000         0.000000000         0.000000000
         0.000000000         0.000000000         0.000000000         0.000000000
         0.000000000         0.000000000         0.000000000         0.000000000
        -0.065520358        -0.148095681         0.213555601         0.128518532
         0.082982016        -0.211370862        -0.090415765        -0.214641625
         0.304532458        -0.204039380        -0.053310293         0.274282140
        -0.118253547        -0.510172454        -0.041541569         0.322231606
         0.234835744         0.094285727        -0.000401169         0.148672503
         0.006234035         0.000247360         0.067922171         0.039967941
        -0.012098197        -0.044568338        -0.172272716        -0.186037667
         0.167506114         0.024002613         0.005069598         0.161575770
          45           0.756710761    0    0
         0.000000000         0.000000000         0.000000000         0.000000000
         0.000000000         0.000000000         0.000000000         0.000000000
         0.000000000         0.000000000         0.000000000         0.000000000
         0.000000000         0.000000000         0.000000000         0.000000000
         0.000000000         0.000000000         0.000000000         0.000000000
         0.000000000         0.000000000         0.000000000         0.000000000
         0.000000000         0.000000000         0.000000000         0.000000000
         0.000000000         0.000000000         0.000000000         0.000000000
         0.000000000         0.000000000         0.000000000         0.000000000
        -0.208696347         0.160764022         0.047733177         0.169706799
        -0.196423177         0.026642695        -0.299660975         0.228562603
         0.071382522        -0.254394597        -0.078746557        -0.430514266
         0.303192284        -0.023210000         0.085323920        -0.049174127
         0.453204526        -0.006863844        -0.000226771        -0.006298525
         0.148551009        -0.000356422        -0.040004304         0.068001545
        -0.044598550         0.012072480        -0.093557963         0.079360500
        -0.102968204        -0.200063766         0.195894019         0.121295685
          46           0.479903998    0    0
         0.000000000         0.000000000         0.000000000         0.000000000
         0.000000000         0.000000000         0.000000000         0.000000000
         0.000000000         0.000000000         0.000000000         0.000000000
         0.000000000         0.000000000         0.000000000         0.000000000
         0.000000000         0.000000000         0.000000000         0.000000000
         0.000000000         0.000000000         0.000000000         0.000000000
         0.000000000         0.000000000         0.000000000         0.000000000
         0.000000000         0.000000000         0.000000000         0.000000000
         0.000000000         0.000000000         0.000000000         0.000000000
        -0.000598514         0.004801163        -0.004918103        -0.004874957
         0.005319884         0.000399689         0.115604605         0.124069728
         0.126500827         0.115545928        -0.303598425        -0.322280747
         0.117021559        -0.319354538        -0.307662741         0.125660424
        -0.324902717        -0.312338273        -0.562571665         0.000140243
         0.000003140         0.000962964        -0.001669172        -0.002879432
        -0.000183267        -0.000153042         0.000838489         0.001218733
         0.001340366        -0.001413208        -0.001248891        -0.000711556
          47           0.460228345    0    0
         0.000000000         0.000000000         0.000000000         0.000000000
         0.000000000         0.000000000         0.000000000         0.000000000
         0.000000000         0.000000000         0.000000000         0.000000000
         0.000000000         0.000000000         0.000000000         0.000000000
         0.000000000         0.000000000         0.000000000         0.000000000
         0.000000000         0.000000000         0.000000000         0.000000000
         0.000000000         0.000000000         0.000000000         0.000000000
         0.000000000         0.000000000         0.000000000         0.000000000
         0.000000000         0.000000000         0.000000000         0.000000000
        -0.304273633         0.056575492         0.247776984         0.023092691
        -0.293040248         0.269936492         0.281747280        -0.379021325
         0.099495654         0.370430087        -0.241285613        -0.144406005
        -0.309963520         0.007812991         0.248150061        -0.057136471
         0.129779955        -0.013505949        -0.004042195        -0.004267850
         0.018306179        -0.000298878        -0.106500689         0.151338851
         0.019695532        -0.007501188         0.059664003        -0.053082775
        -0.082209586        -0.029075447         0.022448421         0.082289759
          48           0.460103911    0    0
         0.000000000         0.000000000         0.000000000         0.000000000
         0.000000000         0.000000000         0.000000000         0.000000000
         0.000000000         0.000000000         0.000000000         0.000000000
         0.000000000         0.000000000         0.000000000         0.000000000
         0.000000000         0.000000000         0.000000000         0.000000000
         0.000000000         0.000000000         0.000000000         0.000000000
         0.000000000         0.000000000         0.000000000         0.000000000
         0.000000000         0.000000000         0.000000000         0.000000000
         0.000000000         0.000000000         0.000000000         0.000000000
        -0.110341962         0.319105292        -0.208881730        -0.324756185
         0.142090389         0.182786631        -0.277452093        -0.107625886
         0.378980808        -0.148437325         0.155849631        -0.065729979
        -0.248584888         0.163407921         0.136035691         0.391318988
        -0.082902655        -0.277613800         0.008673223        -0.018546865
        -0.004111996        -0.000070763        -0.151340947        -0.106490599
        -0.007491065        -0.019689565         0.060465171         0.064152719
         0.021478374        -0.078152495        -0.082055210         0.013851942
          49           0.373824682    0    0
         0.000000000         0.000000000         0.000000000         0.000000000
         0.000000000         0.000000000         0.000000000         0.000000000
         0.000000000         0.000000000         0.000000000         0.000000000
         0.000000000         0.000000000         0.000000000         0.000000000
         0.000000000         0.000000000         0.000000000         0.000000000
         0.000000000         0.000000000         0.000000000         0.000000000
         0.000000000         0.000000000         0.000000000         0.000000000
         0.000000000         0.000000000         0.000000000         0.000000000
         0.000000000         0.000000000         0.000000000         0.000000000
        -0.382599043         0.183541633         0.199139335         0.055569052
         0.298810363        -0.354427862        -0.164673609         0.398028121
        -0.234126969         0.338653612         0.009428638        -0.010289076
        -0.349725620         0.052196383         0.005133105         0.010265598
        -0.039728851        -0.012457008         0.001453640         0.221451076
         0.100235313         0.000157737        -0.024497809        -0.028756725
         0.026801452         0.034104585        -0.048272282        -0.002250091
         0.076493175        -0.064807012        -0.027774963         0.067712941
          50           0.373775904    0    0
         0.000000000         0.000000000         0.000000000         0.000000000
         0.000000000         0.000000000         0.000000000         0.000000000
         0.000000000         0.000000000         0.000000000         0.000000000
         0.000000000         0.000000000         0.000000000         0.000000000
         0.000000000         0.000000000         0.000000000         0.000000000
         0.000000000         0.000000000         0.000000000         0.000000000
         0.000000000         0.000000000         0.000000000         0.000000000
         0.000000000         0.000000000         0.000000000         0.000000000
         0.000000000         0.000000000         0.000000000         0.000000000
        -0.009240528         0.335836283        -0.326509620         0.377661937
        -0.237005772        -0.140690104         0.365768092        -0.040208069
        -0.324825884        -0.207667246         0.009635078         0.053277612
        -0.189517115        -0.017089375        -0.012591291         0.396365173
        -0.036089955         0.002874072        -0.000008972        -0.100211130
         0.221499307        -0.000199635         0.028834929        -0.024355789
         0.034249297        -0.026762932        -0.060214583         0.076350051
        -0.011879071        -0.040391068         0.072205131        -0.036212830
          51           0.200583106    0    0
         0.000000000         0.000000000         0.000000000         0.000000000
         0.000000000         0.000000000         0.000000000         0.000000000
         0.000000000         0.000000000         0.000000000         0.000000000
         0.000000000         0.000000000         0.000000000         0.000000000
         0.000000000         0.000000000         0.000000000         0.000000000
         0.000000000         0.000000000         0.000000000         0.000000000
         0.000000000         0.000000000         0.000000000         0.000000000
         0.000000000         0.000000000         0.000000000         0.000000000
         0.000000000         0.000000000         0.000000000         0.000000000
         0.006248375         0.006491924         0.007219497         0.006373298
         0.006624439         0.007235460         0.315764911         0.315921561
         0.316016791        -0.316706908         0.000833682         0.000520226
        -0.316786201         0.000701991         0.001069769        -0.316931703
         0.000746601         0.000949006         0.002517607        -0.000480089
         0.000367633         0.381201142        -0.000323710         0.000348402
        -0.000045257         0.000073985         0.206908943        -0.204374849
         0.207318697        -0.204141522         0.206868192        -0.204675098
$end
