$coord
    3.58165053194480      0.62553869136473      1.32311920227640      c
    1.66799919567824     -0.52452834147333      2.91889947330549      c
    0.74978922725037     -2.71399529492903      1.65499324315654      c
    2.00206239000504     -2.89524984946838     -0.76414943174646      c
    3.81976976280228     -0.85669582017508     -0.91277764803282      c
    5.71469746175466     -0.47714082799090     -2.98455096840720      c
    1.73021142983938     -5.04353137175326     -2.59125896088536      c
   -1.09434236325485     -4.60436335669300      2.66696369302890      c
    0.97227307663877      0.33698354337400      5.52736883800748      c
    5.17084858242930      2.86333823474255      2.02859118775632      c
   -0.15719792764421      0.69999599087800     -0.85337997922702      rh
   -1.44233388048192      3.92789716174143     -0.63739727118442      c
   -2.24247175605807      5.96688550367762     -0.57069565207022      o
    2.29218931441932     -4.48015318438686     -4.49692855459536      h
    2.91279841699084     -6.65296948490786     -2.02570488702082      h
   -0.22620050257104     -5.70660874915075     -2.67940023569102      h
    4.98411658292402     -1.13927328259490     -4.79866238184527      h
    6.21622500487258      1.51568422747903     -3.19071539166072      h
    7.45497296237227     -1.53215727813432     -2.57637197276388      h
    4.09954977687827      4.22716314225752      3.15180436437054      h
    6.80694045264607      2.26825225532194      3.15891930127004      h
    5.88261801508147      3.83747386790805      0.35238785223226      h
   -0.94433189624502     -0.24869582323090      6.02751766369623      h
    2.26876832323259     -0.46255778123223      6.93777063385806      h
    1.06661860597764      2.39461014330548      5.68973924838184      h
   -2.46668224699666     -5.17617761303232      1.22923755135604      h
   -0.09682911132161     -6.31396817837618      3.28782703743173      h
   -2.13450645319963     -3.85874395912711      4.28680901029320      h
   -0.26437755993713      1.13359378632634     -3.79570865496743      h
   -3.86022940214283     -0.63858262991189     -1.61910739583009      c
   -4.59589830586427      0.23203961231662     -3.34173800280187      h
   -3.57488478910567     -2.65546765831171     -2.01246009988566      h
   -5.69348710173164     -0.25553416577292      0.57227188505039      c
   -8.21417218509642     -1.63934321399597      0.15107726504958      c
   -4.84474122948191     -0.91633508786785      2.34432378505003      h
   -6.05677475118021      1.76917899108926      0.82827568112139      h
   -9.52274447705364     -1.32016527353510      1.72574324088297      h
   -9.13297337517739     -0.98756921476358     -1.58700477047625      h
   -7.91269833569388     -3.68197443716690     -0.02624173418346      h
$user-defined bonds
$end
