$coord
    3.98587698974512     -2.43119518991570      0.00335777139478      c
    2.79337331568404      0.14226020616826     -0.00083057768786      c
    6.03895558213280     -2.23464724300064     -0.00212875002320      h
    3.34842383754955     -3.48205540591746     -1.65843855485887      h
    3.35680607698251     -3.47203321697894      1.67470646250199      h
    3.80200747697013      2.14880324980480     -0.00634121209203      o
   -0.66112610806412     -0.07942501516032      0.00427486276522      cl
$user-defined bonds
$redundant
     number_of_atoms             7
     degrees_of_freedom         15
     internal_coordinates       15
     frozen_coordinates          0
# definitions of redundant internals
   1 k  0.4082482904639 tors   3    1    2    6 val=  89.91691
        0.4082482904639 tors   3    1    2    7
        0.4082482904639 tors   4    1    2    6
        0.4082482904639 tors   4    1    2    7
        0.4082482904639 tors   5    1    2    6
        0.4082482904639 tors   5    1    2    7
   2 k  1.0000000000000 stre   1    3           val=   2.06247
   3 k  1.0000000000000 stre   1    4           val=   2.06694
   4 k  1.0000000000000 stre   1    5           val=   2.06700
   5 k -0.4474573861566 bend   4    3    1      val=  -0.01314
       -0.4458487974836 bend   5    3    1
       -0.3209554291615 bend   5    4    1
        0.3691507601618 bend   2    3    1
        0.4251191374449 bend   2    4    1
        0.4254289424782 bend   2    5    1
   6 k -0.2861042252993 bend   4    3    1      val=   0.50003
       -0.2985995132410 bend   5    3    1
        0.7359458681620 bend   5    4    1
       -0.4743421980833 bend   2    3    1
        0.1803335247262 bend   2    4    1
        0.1727590260179 bend   2    5    1
   7 k -0.6253364160050 bend   4    3    1      val=   0.03649
        0.6202754735621 bend   5    3    1
        0.0083182691571 bend   5    4    1
       -0.0047887611401 bend   2    3    1
       -0.3334918828366 bend   2    4    1
        0.3360115205798 bend   2    5    1
   8 k  0.2123572966372 bend   4    3    1      val=   1.50237
        0.2162847449936 bend   5    3    1
       -0.4388394165824 bend   5    4    1
       -0.6808145899444 bend   2    3    1
        0.3577663719241 bend   2    4    1
        0.3521930881501 bend   2    5    1
   9 k  0.3355101943918 bend   4    3    1      val=   0.01414
       -0.3340245549940 bend   5    3    1
       -0.0017905804902 bend   5    4    1
       -0.0033563019616 bend   2    3    1
       -0.6208641219895 bend   2    4    1
        0.6247989894399 bend   2    5    1
  10 k  1.0000000000000 stre   2    6           val=   2.24579
  11 k  1.0000000000000 stre   2    7           val=   3.46161
  12 k -0.6100696194252 bend   7    6    2      val=   5.02110
        0.7749936338686 bend   1    6    2
       -0.1649240034606 bend   1    7    2
  13 k  0.5426617120036 bend   7    6    2      val=   5.88466
        0.2570049522812 bend   1    6    2
       -0.7996666310584 bend   1    7    2
  14 k  1.0000000000000 outp   6    1    7    2 val=  -0.00869
  15 k  1.0000000000000 stre   1    2           val=   2.83633
        15 non zero eigenvalues  of BmBt
           1           3.785236852    1    0
         1
           2           3.638426290    2    0
         2
           3           3.450502361    3    0
         3
           4           2.713227178    4    0
         4
           5           1.992771049    5    0
         5
           6           1.934479643    6    0
         6
           7           0.899873777    7    0
         7
           8           0.758860801    8    0
         8
           9           0.723676797    9    0
         9
          10           0.701378998   10    0
        10
          11           0.697098591   11    0
        11
          12           0.490764781   12    0
        12
          13           0.300801513   13    0
        13
          14           0.285372044   14    0
        14
          15           0.169064914   15    0
        15
$end
