$coord
   -9.15791616387570     -1.98978550505172      0.55998507082956      c
   -6.53334313951457     -1.85275334543136      0.49185329783100      n
  -11.90499345349458      1.15683989346600      0.58918239999233      h
   -7.85595638390409      1.95579573327886      0.47478535550225      n
  -10.20654247700236     -3.73440406575829      0.60989880374754      h
   -4.74663389607886     -4.03493150933664      0.46894744269474      c
   -6.21665976906789     -6.52491608252045      0.55827801377680      c
   -3.17964926460310     -3.87891762133420     -1.96889821516370      c
   -7.45597220771108     -6.73698189133944     -1.08550105233919      h
   -4.86901521657429     -8.09227021703470      0.54469957103971      h
   -7.35245408162970     -6.67640121945955      2.28160712726151      h
   -1.62420853344670     -5.32740741449696      2.79330201844353      h
   -4.13426833686513     -3.91790879048554      4.53387547064465      h
   -2.20899479827375     -2.05812297545686     -2.04783668667165      h
   -3.02291514588303     -3.80144064881166      2.79192789028839      c
   -4.40359250688979     -4.04709917886481     -3.62927193446582      h
   -1.78437273998393     -5.40733251946209     -2.01507699120820      h
   -2.05382203192487     -1.97872502259252      2.74962835493362      h
  -10.00073872880010      0.43719247602991      0.54965376648530      c
   -6.44563996754730      5.61307137598114     -1.98389722361225      c
   -7.48844425105976      4.98096891248183     -3.65604165167047      h
   -6.29560372665119      7.67700233728040     -2.03585224444636      h
   -7.80589665966144      4.77554606449700      0.43899061866699      c
   -6.19034775068062      7.73602543058007      2.77399413704470      h
  -10.50368021050567      5.81887805057721      0.48527866560956      c
  -11.51133647666716      5.24819946489206      2.20045342969783      h
   -4.55542889729989      4.78362818417921     -2.03398063881379      h
   -4.44951897928697      4.84320313827647      2.76523149268536      h
  -11.58613315912051      5.20328557292769     -1.16769016529776      h
  -10.41732741122783      7.88393694939183      0.45596101022320      h
   -6.34090877014200      5.67149126853037      2.77854975407336      c
   -7.30836659249111      5.08031048319255      4.50991267595513      h
   -5.66399670413500      0.58287870187418      0.43710042726226      c
$user-defined bonds
$redundant
     number_of_atoms            33
     degrees_of_freedom         93
     internal_coordinates       93
     frozen_coordinates          0
# definitions of redundant internals
   1 k  1.0000000000000 stre  19    3           val=   2.03608
   2 k  0.7071068079682 bend   1    3   19      val=   2.91259
       -0.7071067544049 bend   4    3   19
   3 k  1.0000000000000 outp   3    4    1   19 val=  -0.00683
   4 k  1.0000000000000 stre   1    5           val=   2.03612
   5 k  0.7071073702900 bend  19    5    1      val=   2.90848
       -0.7071061920826 bend   2    5    1
   6 k  1.0000000000000 outp   5    2   19    1 val=   0.01868
   7 k  0.3333333333333 tors  10    7    6    2 val=  60.15163
        0.3333333333333 tors  10    7    6    8
        0.3333333333333 tors  10    7    6   15
        0.3333333333333 tors   9    7    6    2
        0.3333333333333 tors   9    7    6    8
        0.3333333333333 tors   9    7    6   15
        0.3333333333333 tors  11    7    6    2
        0.3333333333333 tors  11    7    6    8
        0.3333333333333 tors  11    7    6   15
   8 k  1.0000000000000 stre   7   10           val=   2.06711
   9 k  1.0000000000000 stre   7    9           val=   2.06951
  10 k  1.0000000000000 stre   7   11           val=   2.06950
  11 k  0.3944855231906 bend   9   10    7      val=   1.51499
        0.3991140244292 bend  11   10    7
        0.4588558021271 bend  11    9    7
       -0.4081959954499 bend   6   10    7
       -0.3942156677890 bend   6    9    7
       -0.3905260003119 bend   6   11    7
  12 k -0.5696706636199 bend   9   10    7      val=   0.15646
        0.6028853504492 bend  11   10    7
       -0.0335399645421 bend  11    9    7
        0.0232130879502 bend   6   10    7
       -0.4033821199884 bend   6    9    7
        0.3842182684681 bend   6   11    7
  13 k  0.4054031051808 bend   9   10    7      val=   1.40566
        0.3469366878733 bend  11   10    7
       -0.6673220911474 bend  11    9    7
        0.4111344177291 bend   6   10    7
       -0.2055732219905 bend   6    9    7
       -0.2422243269015 bend   6   11    7
  14 k -0.4477139299967 bend   9   10    7      val=  -0.07277
        0.2671471704956 bend  11   10    7
        0.1751667725025 bend  11    9    7
        0.2965193927858 bend   6   10    7
        0.3895802198760 bend   6    9    7
       -0.6766126883066 bend   6   11    7
  15 k -0.0315736473981 bend   9   10    7      val=  -0.50922
       -0.3642054337884 bend  11   10    7
        0.3800115496817 bend  11    9    7
        0.6392502289645 bend   6   10    7
       -0.5560081769429 bend   6    9    7
       -0.0645196159239 bend   6   11    7
  16 k  0.3333333333333 tors  18   15    6    2 val=  61.80798
        0.3333333333333 tors  18   15    6    7
        0.3333333333333 tors  18   15    6    8
        0.3333333333333 tors  12   15    6    2
        0.3333333333333 tors  12   15    6    7
        0.3333333333333 tors  12   15    6    8
        0.3333333333333 tors  13   15    6    2
        0.3333333333333 tors  13   15    6    7
        0.3333333333333 tors  13   15    6    8
  17 k  1.0000000000000 stre  15   18           val=   2.06476
  18 k  1.0000000000000 stre  15   12           val=   2.07001
  19 k  1.0000000000000 stre  15   13           val=   2.06955
  20 k  0.4307202759155 bend  12   18   15      val=   0.99740
        0.3990946025954 bend  13   18   15
        0.4115187471707 bend  13   12   15
       -0.4032270834727 bend   6   18   15
       -0.3948031090041 bend   6   12   15
       -0.4091384693429 bend   6   13   15
  21 k -0.6093149601608 bend  12   18   15      val=   0.16901
        0.5927346343269 bend  13   18   15
        0.0497815510693 bend  13   12   15
       -0.0312348727550 bend   6   18   15
       -0.3677431655706 bend   6   12   15
        0.3724407022156 bend   6   13   15
  22 k  0.3142499028598 bend  12   18   15      val=  -0.03218
        0.3789364393865 bend  13   18   15
       -0.6935310429695 bend  13   12   15
        0.4290448759062 bend   6   18   15
       -0.2354470067324 bend   6   12   15
       -0.1927539036560 bend   6   13   15
  23 k  0.0161061947974 bend  12   18   15      val=  -0.00545
       -0.3795074318986 bend  13   18   15
        0.3648933808435 bend  13   12   15
        0.5882832689983 bend   6   18   15
       -0.6130549505518 bend   6   12   15
        0.0255723143271 bend   6   13   15
  24 k  0.4265843767262 bend  12   18   15      val=   0.70217
       -0.2006168120286 bend  13   18   15
       -0.2275930869142 bend  13   12   15
       -0.3669255585949 bend   6   18   15
       -0.3230571556805 bend   6   12   15
        0.6978393509017 bend   6   13   15
  25 k  0.3333333333333 tors  14    8    6    2 val=  58.30322
        0.3333333333333 tors  14    8    6    7
        0.3333333333333 tors  14    8    6   15
        0.3333333333333 tors  17    8    6    2
        0.3333333333333 tors  17    8    6    7
        0.3333333333333 tors  17    8    6   15
        0.3333333333333 tors  16    8    6    2
        0.3333333333333 tors  16    8    6    7
        0.3333333333333 tors  16    8    6   15
  26 k  1.0000000000000 stre   8   14           val=   2.06487
  27 k  1.0000000000000 stre   8   17           val=   2.07002
  28 k  1.0000000000000 stre   8   16           val=   2.06958
  29 k  0.4255338087049 bend  17   14    8      val=   1.14186
        0.4021284686184 bend  16   14    8
        0.4155292848359 bend  16   17    8
       -0.4024822154887 bend   6   14    8
       -0.3967359000708 bend   6   17    8
       -0.4063960846635 bend   6   16    8
  30 k -0.5539485750237 bend  17   14    8      val=   0.20007
        0.6399114731259 bend  16   14    8
       -0.0606504323353 bend  16   17    8
        0.0388983663042 bend   6   14    8
       -0.4005011721310 bend   6   17    8
        0.3436008382835 bend   6   16    8
  31 k  0.4080496292349 bend  17   14    8      val=   0.19408
        0.2850623036688 bend  16   14    8
       -0.6910863552374 bend  16   17    8
        0.4267210195015 bend   6   14    8
       -0.1758127797716 bend   6   17    8
       -0.2482612952065 bend   6   16    8
  32 k  0.0370757791193 bend  17   14    8      val=   0.19944
        0.3534956532023 bend  16   14    8
       -0.3888201036070 bend  16   17    8
       -0.6311111959003 bend   6   14    8
        0.5657927689528 bend   6   17    8
        0.0637364715911 bend   6   16    8
  33 k  0.4274199276354 bend  17   14    8      val=   0.59203
       -0.2500015567359 bend  16   14    8
       -0.1784397789554 bend  16   17    8
       -0.2908762235170 bend   6   14    8
       -0.3970024576204 bend   6   17    8
        0.6933619138747 bend   6   16    8
  34 k  0.3333333333333 tors  27   20   23    4 val=  61.77194
        0.3333333333333 tors  27   20   23   25
        0.3333333333333 tors  27   20   23   31
        0.3333333333333 tors  22   20   23    4
        0.3333333333333 tors  22   20   23   25
        0.3333333333333 tors  22   20   23   31
        0.3333333333333 tors  21   20   23    4
        0.3333333333333 tors  21   20   23   25
        0.3333333333333 tors  21   20   23   31
  35 k  1.0000000000000 stre  20   27           val=   2.06480
  36 k  1.0000000000000 stre  20   22           val=   2.07003
  37 k  1.0000000000000 stre  20   21           val=   2.06956
  38 k  0.4279401309849 bend  22   27   20      val=   1.05881
        0.4013127739468 bend  21   27   20
        0.4129028346757 bend  21   22   20
       -0.4027102956360 bend  23   27   20
       -0.3960446743341 bend  23   22   20
       -0.4077984607583 bend  23   21   20
  39 k -0.5783633054502 bend  22   27   20      val=   0.16220
        0.6228979069507 bend  21   27   20
       -0.0164229061925 bend  21   22   20
        0.0104864232505 bend  23   27   20
       -0.3879382441255 bend  23   22   20
        0.3558346894972 bend  23   21   20
  40 k  0.3705960355307 bend  22   27   20      val=   0.06885
        0.3231768263276 bend  21   27   20
       -0.6946781293451 bend  21   22   20
        0.4294539583633 bend  23   27   20
       -0.2000781364911 bend  23   22   20
       -0.2262203592245 bend  23   21   20
  41 k -0.0166783034839 bend  22   27   20      val=  -0.12973
       -0.3637838358189 bend  21   27   20
        0.3805444743494 bend  21   22   20
        0.6154724505963 bend  23   27   20
       -0.5855811302956 bend  23   22   20
       -0.0292824252869 bend  23   21   20
  42 k  0.4276434344382 bend  22   27   20      val=   0.64995
       -0.2307866798619 bend  21   27   20
       -0.1979769966018 bend  21   22   20
       -0.3207244654070 bend  23   27   20
       -0.3693973737994 bend  23   22   20
        0.6966671426989 bend  23   21   20
  43 k  0.3333333333333 tors  28   31   23    4 val=  58.25756
        0.3333333333333 tors  28   31   23   20
        0.3333333333333 tors  28   31   23   25
        0.3333333333333 tors  24   31   23    4
        0.3333333333333 tors  24   31   23   20
        0.3333333333333 tors  24   31   23   25
        0.3333333333333 tors  32   31   23    4
        0.3333333333333 tors  32   31   23   20
        0.3333333333333 tors  32   31   23   25
  44 k  1.0000000000000 stre  31   28           val=   2.06485
  45 k  1.0000000000000 stre  31   24           val=   2.07002
  46 k  1.0000000000000 stre  31   32           val=   2.06956
  47 k  0.4275361396774 bend  24   28   31      val=   1.13054
        0.4011392244383 bend  32   28   31
        0.4143094101753 bend  32   24   31
       -0.4026446499898 bend  23   28   31
       -0.3959232874989 bend  23   24   31
       -0.4071485242238 bend  23   32   31
  48 k -0.5573408850804 bend  24   28   31      val=   0.20831
        0.6386423817425 bend  32   28   31
       -0.0531326503316 bend  32   24   31
        0.0339333222974 bend  23   28   31
       -0.3988367699710 bend  23   24   31
        0.3441826957965 bend  23   32   31
  49 k  0.4017564133064 bend  24   28   31      val=   0.11137
        0.2901044988628 bend  32   28   31
       -0.6920921700573 bend  32   24   31
        0.4279228150019 bend  23   28   31
       -0.1797087724034 bend  23   24   31
       -0.2450028852365 bend  23   32   31
  50 k -0.0197486731056 bend  24   28   31      val=  -0.14507
       -0.3629459362488 bend  32   28   31
        0.3820238500286 bend  32   24   31
        0.6180744289411 bend  23   28   31
       -0.5819838586109 bend  23   24   31
       -0.0348827161491 bend  23   32   31
  51 k  0.4278873903451 bend  24   28   31      val=   0.62933
       -0.2344372934217 bend  32   28   31
       -0.1947455552479 bend  32   24   31
       -0.3161171419148 bend  23   28   31
       -0.3735921563661 bend  23   24   31
        0.6960779831580 bend  23   32   31
  52 k  0.3333333333333 tors  30   25   23    4 val=  60.05944
        0.3333333333333 tors  30   25   23   20
        0.3333333333333 tors  30   25   23   31
        0.3333333333333 tors  29   25   23    4
        0.3333333333333 tors  29   25   23   20
        0.3333333333333 tors  29   25   23   31
        0.3333333333333 tors  26   25   23    4
        0.3333333333333 tors  26   25   23   20
        0.3333333333333 tors  26   25   23   31
  53 k  1.0000000000000 stre  25   30           val=   2.06707
  54 k  1.0000000000000 stre  25   29           val=   2.06953
  55 k  1.0000000000000 stre  25   26           val=   2.06951
  56 k  0.3968896410933 bend  29   30   25      val=   1.49018
        0.3958139903413 bend  26   30   25
        0.4594271195218 bend  26   29   25
       -0.4084968771183 bend  23   30   25
       -0.3918848216326 bend  23   29   25
       -0.3928017408942 bend  23   26   25
  57 k  0.5923675042657 bend  29   30   25      val=   0.05515
       -0.5814273166431 bend  26   30   25
       -0.0105673962055 bend  26   29   25
        0.0072813423788 bend  23   30   25
        0.3910583608125 bend  23   29   25
       -0.3974313600869 bend  23   26   25
  58 k  0.3676070986399 bend  29   30   25      val=   1.42868
        0.3863036925744 bend  26   30   25
       -0.6677345980043 bend  26   29   25
        0.4112401246037 bend  23   30   25
       -0.2301245157157 bend  23   29   25
       -0.2183786893070 bend  23   26   25
  59 k  0.3564821000676 bend  29   30   25      val=  -0.03335
       -0.4226421908621 bend  26   30   25
        0.0640897283650 bend  26   29   25
        0.1085453688464 bend  23   30   25
       -0.6325805961426 bend  23   29   25
        0.5274905590043 bend  23   26   25
  60 k -0.2758027772536 bend  29   30   25      val=  -0.44871
       -0.1540649471647 bend  26   30   25
        0.4132498143545 bend  26   29   25
        0.6964902709469 bend  23   30   25
       -0.2477648021856 bend  23   29   25
       -0.4277093830214 bend  23   26   25
  61 k  0.4082482904639 tors   7    6    2    1 val=  89.54555
        0.4082482904639 tors   7    6    2   33
        0.4082482904639 tors  15    6    2    1
        0.4082482904639 tors  15    6    2   33
        0.4082482904639 tors   8    6    2    1
        0.4082482904639 tors   8    6    2   33
  62 k  1.0000000000000 stre   6    7           val=   2.89292
  63 k  1.0000000000000 stre   6   15           val=   2.90206
  64 k  1.0000000000000 stre   6    8           val=   2.90222
  65 k -0.1979683510285 bend  15    7    6      val=   0.02957
       -0.3316176751061 bend   8    7    6
        0.5782119761110 bend   8   15    6
       -0.5936156127191 bend   2    7    6
        0.3465665087136 bend   2   15    6
        0.2098125820925 bend   2    8    6
  66 k -0.5092951012142 bend  15    7    6      val=  -0.02264
        0.4786099905048 bend   8    7    6
        0.0997086784171 bend   8   15    6
       -0.1000210988117 bend   2    7    6
       -0.4800278728537 bend   2   15    6
        0.5110559435057 bend   2    8    6
  67 k -0.4440329367275 bend  15    7    6      val=   0.19783
       -0.3927146521193 bend   8    7    6
       -0.3735709544976 bend   8   15    6
        0.3920733575026 bend   2    7    6
        0.3952866416183 bend   2   15    6
        0.4461856657968 bend   2    8    6
  68 k -0.5045925918245 bend  15    7    6      val=   0.12509
        0.4970108028086 bend   8    7    6
        0.0090670888586 bend   8   15    6
        0.0099820957561 bend   2    7    6
        0.4943192884351 bend   2   15    6
       -0.5038185833337 bend   2    8    6
  69 k -0.2784817039818 bend  15    7    6      val=   0.99479
       -0.2968687613427 bend   8    7    6
        0.5920266392422 bend   8   15    6
        0.5653219628774 bend   2    7    6
       -0.2931982565560 bend   2   15    6
       -0.2797627533372 bend   2    8    6
  70 k  0.4082482904639 tors  25   23    4   19 val=  89.79388
        0.4082482904639 tors  25   23    4   33
        0.4082482904639 tors  20   23    4   19
        0.4082482904639 tors  20   23    4   33
        0.4082482904639 tors  31   23    4   19
        0.4082482904639 tors  31   23    4   33
  71 k  1.0000000000000 stre  23   25           val=   2.89287
  72 k  1.0000000000000 stre  23   20           val=   2.90209
  73 k  1.0000000000000 stre  23   31           val=   2.90214
  74 k -0.2314191550937 bend  20   25   23      val=   0.07841
       -0.2997323930610 bend  31   25   23
        0.5822037871023 bend  31   20   23
       -0.5986086862934 bend   4   25   23
        0.3153131322075 bend   4   20   23
        0.2447236948907 bend   4   31   23
  75 k -0.5162935316035 bend  20   25   23      val=   0.06469
        0.4817299189714 bend  31   25   23
        0.0431238150448 bend  31   20   23
       -0.0419606211785 bend   4   25   23
       -0.4809263398395 bend   4   20   23
        0.5162041968902 bend   4   31   23
  76 k -0.4200567737178 bend  20   25   23      val=   0.19793
       -0.4154549659499 bend  31   25   23
       -0.3766788377786 bend  31   20   23
        0.3963665618939 bend   4   25   23
        0.4181501342154 bend   4   20   23
        0.4208402846201 bend   4   31   23
  77 k -0.4943957881608 bend  20   25   23      val=   0.01292
        0.5051344506672 bend  31   25   23
       -0.0096647161022 bend  31   20   23
       -0.0085609087709 bend   4   25   23
        0.5040220685097 bend   4   20   23
       -0.4961925533065 bend   4   31   23
  78 k -0.2945693040470 bend  20   25   23      val=   1.01098
       -0.2804204343093 bend  31   25   23
        0.5932103590616 bend  31   20   23
        0.5642124124052 bend   4   25   23
       -0.2777129247147 bend   4   20   23
       -0.2953551424495 bend   4   31   23
  79 k  1.0000000000000 stre   2    6           val=   2.82042
  80 k -0.7070877165273 bend  33    6    2      val=   2.65001
        0.7071258453318 bend   1    6    2
  81 k  1.0000000000000 outp   6    1   33    2 val=   0.14548
  82 k  1.0000000000000 stre   4   23           val=   2.82042
  83 k -0.7071023900598 bend  33   23    4      val=   2.64965
        0.7071111722861 bend  19   23    4
  84 k  1.0000000000000 outp  23   19   33    4 val=   0.05922
  85 k  1.0000000000000 stre   1   19           val=   2.56918
  86 k  1.0000000000000 stre  19    4           val=   2.62904
  87 k  1.0000000000000 stre   4   33           val=   2.58670
  88 k  1.0000000000000 stre  33    2           val=   2.58671
  89 k  1.0000000000000 stre   2    1           val=   2.62903
  90 k -0.5116672736017 bend   1    4   19      val=  -1.36304
        0.1954395075848 bend  19   33    4
        0.1954395075849 bend   4    2   33
       -0.5116672736017 bend  33    1    2
        0.6324555320337 bend   2   19    1
  91 k  0.3717480344602 bend   1    4   19      val=  -4.41158
       -0.6015009550075 bend  19   33    4
        0.6015009550075 bend   4    2   33
       -0.3717480344602 bend  33    1    2
  92 k -0.5116672736017 tors   4   33    2    1 val=  -0.00454
        0.1954395075848 tors  33    2    1   19
        0.1954395075849 tors   2    1   19    4
       -0.5116672736017 tors   1   19    4   33
        0.6324555320337 tors  19    4   33    2
  93 k  0.3717480344602 tors   4   33    2    1 val=   0.01886
       -0.6015009550075 tors  33    2    1   19
        0.6015009550075 tors   2    1   19    4
       -0.3717480344602 tors   1   19    4   33
        93 non zero eigenvalues  of BmBt
           1           6.213961391    1    0
         1
           2           5.122909928    2    0
         2
           3           4.319676135    3    0
         3
           4           4.296565357    4    0
         4
           5           4.218739790    5    0
         5
           6           4.057491112    6    0
         6
           7           4.043095204    7    0
         7
           8           3.986235618    8    0
         8
           9           3.892485395    9    0
         9
          10           3.680123477   10    0
        10
          11           3.586797867   11    0
        11
          12           3.496934557   12    0
        12
          13           3.483097174   13    0
        13
          14           3.448445033   14    0
        14
          15           3.432039769   15    0
        15
          16           3.377900738   16    0
        16
          17           3.338259233   17    0
        17
          18           3.252531145   18    0
        18
          19           3.235224526   19    0
        19
          20           3.226753370   20    0
        20
          21           3.209340637   21    0
        21
          22           3.142840295   22    0
        22
          23           3.107393639   23    0
        23
          24           3.057032692   24    0
        24
          25           2.681879824   25    0
        25
          26           2.359358162   26    0
        26
          27           2.026203289   27    0
        27
          28           1.974164491   28    0
        28
          29           1.851514475   29    0
        29
          30           1.756160820   30    0
        30
          31           1.650769015   31    0
        31
          32           1.599891348   32    0
        32
          33           1.378914175   33    0
        33
          34           1.202672267   34    0
        34
          35           1.176578476   35    0
        35
          36           1.159427039   36    0
        36
          37           0.933955992   37    0
        37
          38           0.899283409   38    0
        38
          39           0.882998372   39    0
        39
          40           0.874758582   40    0
        40
          41           0.861200724   41    0
        41
          42           0.860628857   42    0
        42
          43           0.857976003   43    0
        43
          44           0.857861910   44    0
        44
          45           0.816397528   45    0
        45
          46           0.814549117   46    0
        46
          47           0.781429398   47    0
        47
          48           0.708652155   48    0
        48
          49           0.702881619   49    0
        49
          50           0.693039841   50    0
        50
          51           0.692158181   51    0
        51
          52           0.690185046   52    0
        52
          53           0.689443542   53    0
        53
          54           0.689145355   54    0
        54
          55           0.688715314   55    0
        55
          56           0.672821743   56    0
        56
          57           0.670180716   57    0
        57
          58           0.666848297   58    0
        58
          59           0.658958018   59    0
        59
          60           0.606009665   60    0
        60
          61           0.572755863   61    0
        61
          62           0.565680993   62    0
        62
          63           0.387991451   63    0
        63
          64           0.369524844   64    0
        64
          65           0.366341674   65    0
        65
          66           0.366068481   66    0
        66
          67           0.361430132   67    0
        67
          68           0.354916844   68    0
        68
          69           0.353225920   69    0
        69
          70           0.307987144   70    0
        70
          71           0.307832132   71    0
        71
          72           0.305899803   72    0
        72
          73           0.305731681   73    0
        73
          74           0.275469938   74    0
        74
          75           0.253998233   75    0
        75
          76           0.252726178   76    0
        76
          77           0.208222762   77    0
        77
          78           0.135410898   78    0
        78
          79           0.123100910   79    0
        79
          80           0.101572985   80    0
        80
          81           0.099247368   81    0
        81
          82           0.073444996   82    0
        82
          83           0.057044603   83    0
        83
          84           0.055889682   84    0
        84
          85           0.051235927   85    0
        85
          86           0.050013453   86    0
        86
          87           0.047988668   87    0
        87
          88           0.034178069   88    0
        88
          89           0.022094908   89    0
        89
          90           0.021865364   90    0
        90
          91           0.015512529   91    0
        91
          92           0.006928948   92    0
        92
          93           0.004841623   93    0
        93
$end
