$coord
   -0.00192685676447     -1.25732463987004      0.00000000083385      c
   -0.00192685676441      1.25732463991124     -0.00000000083356      c
   -0.00192029362492     -2.33832869485541     -1.74669517264239      h
   -0.00192029361062     -2.33832869620817      1.74669517320970      h
   -0.00192029362495      2.33832869483578      1.74669517256925      h
   -0.00192029361064      2.33832869618661     -1.74669517313685      h
$user-defined bonds
$redundant
     number_of_atoms             6
     degrees_of_freedom         12
     internal_coordinates       12
     frozen_coordinates          0
# definitions of redundant internals
   1 k  0.5000000000000 tors   3    1    2    5 val=  90.00000
        0.5000000000000 tors   3    1    2    6
        0.5000000000000 tors   4    1    2    5
        0.5000000000000 tors   4    1    2    6
   2 k  1.0000000000000 stre   1    3           val=   2.05415
   3 k  1.0000000000000 stre   1    4           val=   2.05415
   4 k  0.8164965809980 bend   4    3    1      val=  -2.62914
       -0.4082482903936 bend   2    3    1
       -0.4082482903936 bend   2    4    1
   5 k  0.7071067811865 bend   2    3    1      val=  -0.00000
       -0.7071067811865 bend   2    4    1
   6 k  1.0000000000000 outp   3    2    4    1 val=   0.00037
   7 k  1.0000000000000 stre   2    5           val=   2.05415
   8 k  1.0000000000000 stre   2    6           val=   2.05415
   9 k  0.8164965809980 bend   6    5    2      val=  -2.62914
       -0.4082482903936 bend   1    5    2
       -0.4082482903936 bend   1    6    2
  10 k -0.7071067811865 bend   1    5    2      val=   0.00000
        0.7071067811865 bend   1    6    2
  11 k  1.0000000000000 outp   5    1    6    2 val=   0.00037
  12 k  1.0000000000000 stre   1    2           val=   2.51465
        12 non zero eigenvalues  of BmBt
           1           4.221021780    1    0
         1
           2           3.970687650    2    0
         2
           3           3.713531841    3    0
         3
           4           2.532711319    4    0
         4
           5           2.387287670    5    0
         5
           6           1.401519807    6    0
         6
           7           1.291850964    7    0
         7
           8           0.908846955    8    0
         8
           9           0.880614310    9    0
         9
          10           0.655812587   10    0
        10
          11           0.388367386   11    0
        11
          12           0.276683685   12    0
        12
$end
