$coord
   -0.15795422781698     -1.16926334348544     -1.69572123914442      pt
   -2.88431165051337      0.67651401224542      1.16296661389157      p
    2.88867958232223     -0.20653393480480      1.27420044688415      p
   -4.56675772450515      3.31802206173713      0.19408162701583      n
   -5.36692401292683     -1.03622379716159      2.52228750936227      n
    4.41417865922544      2.67330401610882      0.84355027600121      n
    5.33154338690277     -2.28745170046505      1.97272940044974      n
   -3.08809739292621     -2.05581303811048     -4.25032351277873      c
    2.28119281106672     -2.85906160641363     -4.35484010656154      c
   -1.10875348225983      1.82624680805454      3.99783093561408      c
    1.31182020171899      0.26373402833114      4.38197819545721      c
   -3.96553769236739      4.67887600094880     -1.99210307421540      c
   -5.40723609526203      6.85100019897203     -2.00500705261510      c
   -6.93505397318168      6.83815361357768      0.23511991978460      c
   -6.38155806564338      4.66375523983930      1.56682239200944      c
   -7.57104253716436     -1.66758704613218      1.21795441490727      c
   -8.82674150337549     -3.50251203358968      2.58618295866486      c
   -7.33089989460782     -4.06276393207664      4.77275188959632      c
   -5.20764595217795     -2.54551604043622      4.68177214907983      c
    5.45828192080390      4.32222853596198      2.62810578375191      c
    6.47938044094242      6.35687763113052      1.35116890180207      c
    6.06286326758065      5.96159373589341     -1.29560489988015      c
    4.79611765095848      3.69758541489561     -1.56471118089548      c
    5.18204116759644     -4.86352341619211      1.40071085097071      c
    7.22754829722696     -6.05228143167592      2.50062008988836      c
    8.68359202847975     -4.16098370512383      3.78349565647735      c
    7.48019371877966     -1.86815745108673      3.44743001906152      c
   -4.27456389942350     -0.37632187958150     -4.65896343207700      h
   -4.30510680050868     -3.51662236255120     -3.36255025601485      h
   -2.34397386817019     -2.80437701364756     -6.05311100629910      h
    1.67734354531300     -4.84393556040810     -4.65431474168215      h
    4.29357891994220     -2.84395066317962     -3.78864650342273      h
    2.08456695389023     -1.84582317398626     -6.17799160466914      h
   -2.32633596878843      1.84482046227661      5.69700383885408      h
   -0.62620011347036      3.81194765748576      3.54262678355903      h
    2.58135451682803      1.14087767957019      5.78929640092174      h
    0.87791700393216     -1.67193852967267      5.05041488719167      h
   -2.55564186933183      3.93227352666894     -3.30279219982714      h
   -5.39144107349103      8.29452522798348     -3.47964185651273      h
   -8.31763945375043      8.26652230697898      0.79395019083514      h
   -7.13243482188990      3.90023268144217      3.32922774364615      h
   -8.03879542318685     -0.71561876499279     -0.55034669276203      h
  -10.64623850364545     -4.33773991302619      2.08678437362678      h
   -7.77989620886653     -5.41190658032673      6.26708435085012      h
   -3.59937258867750     -2.40301443666364      5.96388589470216      h
    5.37252792670438      3.90959252718465      4.64341652323721      h
    7.41869840374610      7.97612105578559      2.22692161316040      h
    6.62018321657313      7.21902346568671     -2.83681715105144      h
    4.09278154065184      2.68800536903182     -3.21959394839155      h
    3.62550930549833     -5.56397434811151      0.24327826389955      h
    7.65906143449742     -8.06707456076956      2.36864512736056      h
   10.45118396147680     -4.45021201883486      4.81140466037343      h
    7.98681644480822      0.03575033531321      4.05107176535720      h
$user-defined bonds
$end
