$coord
   -3.73831062675705      1.20317018771825     -1.18588693182973      p
   -5.46653669599688      1.26068972577638     -4.23777539314437      c
   -7.52220261872891      1.21967779429840     -3.97213623555459      h
   -4.90506792938661     -0.37096653526433     -5.37919680467051      h
   -4.95962122428084      2.97107832769233     -5.28558935279937      h
   -5.35130099899859     -1.53280453746162      0.30293647633601      c
   -7.41579372269489     -1.36118022104826      0.22214065289813      h
   -4.76787929780272     -1.68425015583248      2.28208359084098      h
   -4.78495820651226     -3.27452559096859     -0.65934175882905      h
   -5.43869589870955      3.79677675372138      0.45307572604792      c
   -7.49648350796527      3.56221875454439      0.36053992797558      h
   -4.93060839850258      5.60769067831260     -0.40873589652423      h
   -4.85893512466391      3.85524610451152      2.43821884425324      h
$user-defined bonds
$redundant
     number_of_atoms            13
     degrees_of_freedom         33
     internal_coordinates       33
     frozen_coordinates          0
# definitions of redundant internals
   1 k  0.4082482904639 tors   5    2    1    6 val=  60.00798
        0.4082482904639 tors   5    2    1   10
        0.4082482904639 tors   4    2    1    6
        0.4082482904639 tors   4    2    1   10
        0.4082482904639 tors   3    2    1    6
        0.4082482904639 tors   3    2    1   10
   2 k  1.0000000000000 stre   2    5           val=   2.06889
   3 k  1.0000000000000 stre   2    4           val=   2.06891
   4 k  1.0000000000000 stre   2    3           val=   2.07316
   5 k  0.3753604107108 bend   4    5    2      val=   1.05400
        0.4351631587963 bend   3    5    2
        0.4341044649720 bend   3    4    2
       -0.4048611272538 bend   1    5    2
       -0.4049831831213 bend   1    4    2
       -0.3916209772427 bend   1    3    2
   6 k  0.7550070743666 bend   4    5    2      val=   1.33872
       -0.3354577861396 bend   3    5    2
       -0.3392869572640 bend   3    4    2
        0.1721009672932 bend   1    5    2
        0.1702001590580 bend   1    4    2
       -0.3791172838564 bend   1    3    2
   7 k  0.0027822743332 bend   4    5    2      val=   0.04907
       -0.6549856554849 bend   3    5    2
        0.6537215723878 bend   3    4    2
       -0.2677508392911 bend   1    5    2
        0.2682209701563 bend   1    4    2
       -0.0010747468300 bend   1    3    2
   8 k -0.3707630047001 bend   4    5    2      val=  -0.36175
        0.1799796287530 bend   3    5    2
        0.1792130357042 bend   3    4    2
        0.3691942533159 bend   1    5    2
        0.3722114148221 bend   1    4    2
       -0.7233111926467 bend   1    3    2
   9 k  0.0009227122363 bend   4    5    2      val=   0.00856
        0.2674617564330 bend   3    5    2
       -0.2685129508778 bend   3    4    2
       -0.6550148976433 bend   1    5    2
        0.6536949339619 bend   1    4    2
        0.0016030710047 bend   1    3    2
  10 k  0.4082482904639 tors   9    6    1    2 val=  60.00615
        0.4082482904639 tors   9    6    1   10
        0.4082482904639 tors   8    6    1    2
        0.4082482904639 tors   8    6    1   10
        0.4082482904639 tors   7    6    1    2
        0.4082482904639 tors   7    6    1   10
  11 k  1.0000000000000 stre   6    9           val=   2.06889
  12 k  1.0000000000000 stre   6    8           val=   2.06890
  13 k  1.0000000000000 stre   6    7           val=   2.07319
  14 k  0.3745046982742 bend   8    9    6      val=   1.05945
        0.4346296274758 bend   7    9    6
        0.4354874104924 bend   7    8    6
       -0.4050221546300 bend   1    9    6
       -0.4049366915979 bend   1    8    6
       -0.3913787976502 bend   1    7    6
  15 k  0.7552815154023 bend   8    9    6      val=   1.39561
       -0.3415695417026 bend   7    9    6
       -0.3316308636871 bend   7    8    6
        0.1686897294639 bend   1    9    6
        0.1736609237221 bend   1    8    6
       -0.3798509045247 bend   1    7    6
  16 k  0.0064882844024 bend   8    9    6      val=   0.05265
        0.6520974068578 bend   7    9    6
       -0.6568778494297 bend   7    8    6
        0.2685826864929 bend   1    9    6
       -0.2666362335260 bend   1    8    6
       -0.0026123841319 bend   1    7    6
  17 k -0.3713815804881 bend   8    9    6      val=  -0.36229
        0.1824618493131 bend   7    9    6
        0.1770119539146 bend   7    8    6
        0.3652450978033 bend   1    9    6
        0.3761118345359 bend   1    8    6
       -0.7229011480441 bend   1    7    6
  18 k -0.0027790997803 bend   8    9    6      val=   0.00240
       -0.2663206824671 bend   7    9    6
        0.2688937180519 bend   7    8    6
        0.6578549425684 bend   1    9    6
       -0.6511132980851 bend   1    8    6
       -0.0063314044304 bend   1    7    6
  19 k  0.4082482904639 tors  12   10    1    2 val=  59.98460
        0.4082482904639 tors  12   10    1    6
        0.4082482904639 tors  13   10    1    2
        0.4082482904639 tors  13   10    1    6
        0.4082482904639 tors  11   10    1    2
        0.4082482904639 tors  11   10    1    6
  20 k  1.0000000000000 stre  10   12           val=   2.06888
  21 k  1.0000000000000 stre  10   13           val=   2.06890
  22 k  1.0000000000000 stre  10   11           val=   2.07318
  23 k  0.3757287611480 bend  13   12   10      val=   1.03028
        0.4352065396549 bend  11   12   10
        0.4334614058383 bend  11   13   10
       -0.4048114648825 bend   1   12   10
       -0.4051257242389 bend   1   13   10
       -0.3918356811165 bend   1   11   10
  24 k  0.7548766446030 bend  13   12   10      val=   1.30021
       -0.3336374989185 bend  11   12   10
       -0.3420478996151 bend  11   13   10
        0.1732022461633 bend   1   12   10
        0.1688396447186 bend   1   13   10
       -0.3786088501507 bend   1   11   10
  25 k  0.0058544015089 bend  13   12   10      val=   0.05211
       -0.6559537473491 bend  11   12   10
        0.6525092601188 bend  11   13   10
       -0.2677296530007 bend   1   12   10
        0.2687696168065 bend   1   13   10
       -0.0024080628732 bend   1   11   10
  26 k -0.3702525483091 bend  13   12   10      val=  -0.35995
        0.1757312198221 bend  11   12   10
        0.1831497554737 bend  11   13   10
        0.3785415264380 bend   1   12   10
        0.3629008832961 bend   1   13   10
       -0.7235309375454 bend   1   11   10
  27 k -0.0041023665588 bend  13   12   10      val=   0.01887
        0.2701839645621 bend  11   12   10
       -0.2662819371370 bend  11   13   10
       -0.6493839899738 bend   1   12   10
        0.6590137394986 bend   1   13   10
       -0.0088910378801 bend   1   11   10
  28 k  1.0000000000000 stre   1   10           val=   3.50775
  29 k  1.0000000000000 stre   1    6           val=   3.50769
  30 k  1.0000000000000 stre   1    2           val=   3.50772
  31 k  0.5768533166478 bend   6   10    1      val=  98.94726
        0.5780064976217 bend   2   10    1
        0.5771903843443 bend   2    6    1
  32 k  0.8125843035549 bend   6   10    1      val=   0.05643
       -0.3339544373346 bend   2   10    1
       -0.4776831412148 bend   2    6    1
  33 k  0.0833486693879 bend   6   10    1      val=   0.07168
       -0.7445689507975 bend   2   10    1
        0.6623217321058 bend   2    6    1
        33 non zero eigenvalues  of BmBt
           1           3.863139053    1    0
         1
           2           3.862329290    2    0
         2
           3           3.467951796    3    0
         3
           4           3.243793090    4    0
         4
           5           3.242552549    5    0
         5
           6           3.090651824    6    0
         6
           7           3.090215823    7    0
         7
           8           3.085450689    8    0
         8
           9           3.058332299    9    0
         9
          10           1.521270214   10    0
        10
          11           1.521103379   11    0
        11
          12           1.174454295   12    0
        12
          13           0.865296999   13    0
        13
          14           0.865277979   14    0
        14
          15           0.841479877   15    0
        15
          16           0.696218383   16    0
        16
          17           0.696189914   17    0
        17
          18           0.694646603   18    0
        18
          19           0.687852834   19    0
        19
          20           0.687835652   20    0
        20
          21           0.686656627   21    0
        21
          22           0.550215732   22    0
        22
          23           0.431823915   23    0
        23
          24           0.431719732   24    0
        24
          25           0.323236149   25    0
        25
          26           0.323187204   26    0
        26
          27           0.312318857   27    0
        27
          28           0.292395831   28    0
        28
          29           0.292334679   29    0
        29
          30           0.267165755   30    0
        30
          31           0.050346913   31    0
        31
          32           0.036039740   32    0
        32
          33           0.036030511   33    0
        33
$end
